ID,Name_lang,NameAlt_lang,Title_lang,TitleAlt_lang,Classification,CreatureType,CreatureFamily,StartAnimState,DisplayID[0],DisplayID[1],DisplayID[2],DisplayID[3],DisplayProbability[0],DisplayProbability[1],DisplayProbability[2],DisplayProbability[3],AlwaysItem[0],AlwaysItem[1],AlwaysItem[2]
3,Flesh Eater,,,,0,6,0,0,987,0,0,0,1,1,1,1,0,0,0
89,Infernal,,,,0,3,108,0,87778,0,0,0,1,1,1,1,0,0,0
304,Felsteed,,,,0,3,0,0,2346,0,0,0,1,1,1,1,0,0,0
305,White Stallion,,,,0,1,0,0,2410,0,0,0,1,1,1,1,0,0,0
416,Imp,,,,0,3,23,0,64799,0,0,0,1,1,1,1,0,0,0
417,Felhunter,,,,0,3,15,0,113609,0,0,0,1,1,1,1,0,0,0
444,Lord Piglet,,,,0,14,0,0,22938,0,0,0,1,1,1,1,0,0,0
620,Chicken,,,,0,8,0,0,304,0,0,0,1,1,1,1,0,0,0
721,Rabbit,,,,0,8,0,0,328,4626,0,0,1,1,1,1,0,0,0
1748,Highlord Bolvar Fordragon,,,,1,7,0,0,5566,0,0,0,1,1,1,1,2178,143,0
1860,Voidwalker,,,,0,3,16,0,113621,0,0,0,1,1,1,1,0,0,0
1863,Succubus,,,,0,3,17,0,77396,0,0,0,1,1,1,1,0,0,0
2671,Mechanical Squirrel,,,,0,12,0,0,7937,0,0,0,1,1,1,1,0,0,0
2748,Archaedas,,Ancient Stone Watcher,,1,5,0,0,5988,0,0,0,1,1,1,1,2557,0,0
3524,Spirit Wolf,,,,0,1,0,0,1236,0,0,0,1,1,1,1,0,0,0
3771,Bleakheart Hellcaller,,,,0,3,0,0,2013,0,0,0,0,0,0,0,0,0,0
3823,Ghostpaw Runner,,,,0,1,1,0,802,0,0,0,0,0,0,0,0,0,0
3956,Harklan Moongrove,,Alchemy Supplies,,0,7,0,0,4183,0,0,0,0,0,0,0,0,0,0
4075,Rat,,,,0,8,0,0,1141,1418,2176,0,2,2,1,1,0,0,0
4274,Fenrus the Devourer,,,,1,1,0,0,20180,0,0,0,0,1,1,1,0,0,0
4275,Archmage Arugal,,,,1,7,0,0,2353,0,0,0,0,1,1,1,6322,0,0
4780,Black Ram,,,,0,1,0,0,2784,0,0,0,1,1,1,1,0,0,0
5198,Arctic Riding Wolf,,,,0,1,0,0,1166,0,0,0,1,1,1,1,0,0,0
7109,Jadefire Felsworn,,,,0,3,0,0,11334,0,0,0,0,0,0,0,0,0,0
7380,Siamese Cat,,,,0,12,0,0,5585,0,0,0,1,1,1,1,0,0,0
7381,Silver Tabby Cat,,,,0,12,0,0,5555,0,0,0,1,1,1,1,0,0,0
7382,Orange Tabby Cat,,,,0,12,0,0,5554,0,0,0,1,1,1,1,0,0,0
7383,Black Tabby Cat,,,,0,12,0,0,5448,0,0,0,1,1,1,1,0,0,0
7384,Cornish Rex Cat,,,,0,12,0,0,5586,0,0,0,1,1,1,1,0,0,0
7385,Bombay Cat,,,,0,12,0,0,5556,0,0,0,1,1,1,1,0,0,0
7386,White Kitten,,,,0,12,0,0,9990,0,0,0,1,1,1,1,0,0,0
7387,Green Wing Macaw,,,,0,12,0,3,5207,0,0,0,1,1,1,1,0,0,0
7388,Cockatoo,,,,0,12,0,3,6189,0,0,0,1,1,1,1,0,0,0
7389,Senegal,,,,0,12,0,3,6190,0,0,0,1,1,1,1,0,0,0
7390,Cockatiel,,,,0,12,0,3,6191,0,0,0,1,1,1,1,0,0,0
7391,Hyacinth Macaw,,,,0,12,0,3,6192,0,0,0,1,1,1,1,0,0,0
7392,Prairie Chicken,,,,0,12,0,0,304,0,0,0,1,1,1,1,0,0,0
7393,White Plymouth Rock,,,,0,12,0,0,304,0,0,0,1,1,1,1,0,0,0
7394,Ancona Chicken,,,,0,12,0,0,5369,0,0,0,1,1,1,1,0,0,0
7395,Undercity Cockroach,,,,0,12,0,0,2177,0,0,0,1,1,1,1,0,0,0
7543,Dark Whelpling,,,,0,12,0,3,6288,0,0,0,1,1,1,1,0,0,0
7544,Crimson Whelpling,,,,0,12,0,3,6290,0,0,0,1,1,1,1,0,0,0
7545,Emerald Whelpling,,,,0,12,0,3,6291,0,0,0,1,1,1,1,0,0,0
7546,Bronze Whelpling,,,,0,12,0,3,6292,0,0,0,1,1,1,1,0,0,0
7547,Azure Whelpling,,,,0,12,0,3,6293,0,0,0,1,1,1,1,0,0,0
7548,Faeling,,,,0,12,303,0,6294,0,0,0,1,1,1,1,0,0,0
7549,Tree Frog,,,,0,12,0,0,6295,0,0,0,1,1,1,1,0,0,0
7550,Wood Frog,,,,0,12,0,0,901,0,0,0,1,1,1,1,0,0,0
7551,Dart Frog,,,,0,12,0,0,6296,0,0,0,1,1,1,1,0,0,0
7552,Island Frog,,,,0,12,0,0,6297,0,0,0,1,1,1,1,0,0,0
7553,Great Horned Owl,,,,0,12,0,3,4615,0,0,0,1,1,1,1,0,0,0
7554,Snowy Owl,,,,0,14,0,3,6298,0,0,0,1,1,1,1,0,0,0
7555,Hawk Owl,,,,0,12,0,3,6299,0,0,0,1,1,1,1,0,0,0
7556,Eagle Owl,,,,0,12,0,3,6300,0,0,0,1,1,1,1,0,0,0
7560,Snowshoe Rabbit,,,,0,12,0,0,328,0,0,0,1,1,1,1,0,0,0
7561,Albino Snake,,,,0,12,0,0,2955,0,0,0,1,1,1,1,0,0,0
7562,Brown Snake,,,,0,12,0,0,2957,0,0,0,1,1,1,1,0,0,0
7563,Blue Racer,,,,0,12,0,0,2956,0,0,0,1,1,1,1,0,0,0
7565,Black Kingsnake,,,,0,12,0,0,1206,0,0,0,1,1,1,1,0,0,0
7566,Scarlet Snake,,,,0,12,0,0,2954,0,0,0,1,1,1,1,0,0,0
7567,Crimson Snake,,,,0,12,0,0,6303,0,0,0,1,1,1,1,0,0,0
7568,Ribbon Snake,,,,0,12,0,0,2954,0,0,0,1,1,1,1,0,0,0
7569,Green Water Snake,,,,0,12,0,0,1986,0,0,0,1,1,1,1,0,0,0
7570,Elven Wisp,,,,0,12,0,0,1824,0,0,0,1,1,1,1,0,0,0
7952,Zjolnir,,Raptor Handler,,0,7,0,0,7037,0,0,0,100,0,0,0,6680,0,0
8376,Mechanical Chicken,,,,0,12,0,0,7920,0,0,0,1,1,1,1,0,0,0
9656,Pet Bombling,,,,0,12,0,0,8909,0,0,0,1,1,1,1,0,0,0
9657,Lil' Smoky,,,,0,12,0,0,8910,0,0,0,1,1,1,1,0,0,0
9662,Sprite Darter Hatchling,,,,0,12,303,3,6294,0,0,0,1,1,1,1,0,0,0
9936,Corrupted Kitten,,,,0,12,0,0,9209,0,0,0,1,1,1,1,0,0,0
10259,Worg Pup,,,,0,12,0,0,9563,9572,0,0,1,0,0,0,0,0,0
10261,Burning Felhound,,,,0,3,0,0,1913,0,0,0,0,0,0,0,0,0,0
10414,Patchwork Horror,,,,1,6,0,0,1693,0,0,0,0,1,1,1,0,0,0
10578,Bom'bay,,Witch Doctor in Training,,0,7,0,0,9911,0,0,0,100,0,0,0,4993,0,0
10598,Smolderweb Hatchling,,,,0,12,0,0,27718,0,0,0,1,1,0,0,0,0,0
11236,Blood Parrot,,,,0,12,0,3,9554,0,0,0,1,1,1,1,0,0,0
11325,Panda Cub,,,,0,12,0,0,10990,0,0,0,1,1,1,1,0,0,0
11326,Mini Diablo,,Lord of Terror,,0,12,0,0,10992,0,0,0,1,1,1,1,0,0,0
11327,Zergling,,,,0,12,0,0,10993,0,0,0,1,1,1,1,0,0,0
11502,Ragnaros,,,,1,4,0,0,11121,0,0,0,0,1,1,1,0,0,0
11822,Moonglade Warden,,,,0,7,0,0,11774,11775,11776,11777,25,25,25,25,14475,0,12523
11859,Doomguard,,,,0,3,19,0,64965,0,0,0,0,1,1,1,0,0,0
12222,Creeping Sludge,,,,1,15,0,0,14350,0,0,0,0,0,0,0,0,0,0
12350,Violet Riding Raptor,,,,0,1,0,0,6473,0,0,0,1,1,1,1,0,0,0
12419,Lifelike Toad,,,,0,12,0,0,901,0,0,0,1,1,1,1,0,0,0
14042,Rytama,,Binder of the Moro'gai,,0,7,0,0,14193,0,0,0,0,0,0,0,0,0,0
14143,Ar'lia,,The Moro'gai,,0,12,0,0,14192,0,0,0,0,0,0,0,0,0,0
14305,Human Orphan,,,,0,12,0,0,338,0,0,0,0,1,1,1,0,0,0
14421,Brown Prairie Dog,,,,0,12,0,0,1072,0,0,0,1,1,1,1,0,0,0
14444,Orcish Orphan,,,,0,12,0,0,14589,0,0,0,0,1,1,1,0,0,0
14505,Dreadsteed,,,,0,3,0,0,14554,0,0,0,1,1,1,1,0,0,0
14629,Loggerhead Snapjaw,,,,0,12,0,0,14657,0,0,0,1,1,1,1,0,0,0
14630,Leatherback Snapjaw,,,,0,12,0,0,14658,0,0,0,1,1,1,1,0,0,0
14631,Olive Snapjaw,,,,0,12,0,0,14659,0,0,0,1,1,1,1,0,0,0
14632,Hawksbill Snapjaw,,,,0,12,0,0,14660,0,0,0,1,1,1,1,0,0,0
14633,Albino Snapjaw,,,,0,12,0,0,14661,0,0,0,1,1,1,1,0,0,0
14744,Frost Wolf Howler,,,,0,1,0,0,92901,0,0,0,1,1,1,1,0,0,0
14755,Tiny Green Dragon,,,,0,12,0,3,14778,0,0,0,1,1,1,1,0,0,0
14756,Tiny Red Dragon,,,,0,12,0,3,14779,0,0,0,1,1,1,1,0,0,0
14878,Jubling,,,,0,12,0,0,14938,0,0,0,1,1,1,1,0,0,0
15186,Murky,,,,0,12,0,0,15369,0,0,0,1,1,1,1,0,0,0
15356,Blue Baby Murloc,,,,0,12,0,0,15393,0,0,0,1,1,1,1,0,0,0
15357,Purple Baby Murloc,,,,0,12,0,0,15397,0,0,0,1,1,1,1,0,0,0
15358,Lurky,,,,0,12,0,0,15398,0,0,0,1,1,1,1,0,0,0
15359,Pink Baby Murloc,,,,0,12,0,0,15396,0,0,0,1,1,1,1,0,0,0
15360,Green Baby Murloc,,,,0,12,0,0,15394,0,0,0,1,1,1,1,0,0,0
15361,Murki,,,,0,12,0,0,15395,0,0,0,1,1,1,1,0,0,0
15429,Disgusting Oozeling,,,,0,12,0,0,15436,0,0,0,1,1,1,1,0,0,0
15548,Spectral Stallion,,,,1,6,0,0,16408,0,0,0,0,0,0,0,0,0,0
15661,Baby Shark,,,,0,12,0,0,15595,0,0,0,1,1,1,1,0,0,0
15698,Father Winter's Helper,,,,0,12,0,0,15660,0,0,0,1,1,1,1,0,0,0
15699,Tranquil Mechanical Yeti,,,,0,12,0,0,10269,0,0,0,1,1,1,1,0,0,0
15705,Winter's Little Helper,,,,0,12,0,0,15663,0,0,0,1,1,1,1,0,0,0
15706,Winter Reindeer,,,,0,12,0,0,15904,0,0,0,1,0,0,0,0,0,0
15710,Tiny Snowman,,,,0,12,0,0,13610,0,0,0,0,0,0,0,0,0,0
16069,Gurky,,,,0,12,0,0,15984,0,0,0,1,1,1,1,0,0,0
16085,Peddlefeet,,,,0,12,0,3,15992,0,0,0,1,1,1,1,0,0,0
16445,Terky,,,,0,12,0,0,15398,0,0,0,1,1,1,1,0,0,0
16456,Poley,,,,0,12,0,0,16189,0,0,0,1,1,1,1,0,0,0
16547,Speedy,,,,0,12,0,0,16259,0,0,0,1,1,1,1,0,0,0
16548,Mr. Wiggles,,,,0,12,0,0,27681,0,0,0,1,1,1,1,0,0,0
16549,Whiskers the Rat,,,,0,12,0,0,2176,0,0,0,1,1,1,1,0,0,0
16628,Auctioneer Caidori,,,,0,7,0,0,16694,0,0,0,1,1,1,1,0,0,0
16701,Spirit of Summer,,,,0,12,0,3,16587,0,0,0,1,1,1,1,0,0,0
16800,Grand Magister Rommath,,,,1,7,0,0,19706,0,0,0,0,1,1,1,29114,0,0
16801,Halduron Brightwing,,Ranger-General of Silvermoon,,1,7,0,0,19707,0,0,0,0,1,1,1,24324,24324,24326
17026,Grom Hellscream,,Chieftain of the Warsong Clan,,1,7,0,0,21575,0,0,0,0,0,0,0,24409,0,0
17252,Felguard,,,,0,3,29,0,64802,0,0,0,1,1,1,1,22199,0,0
17254,Ash'ana,,,,0,12,0,0,37949,0,0,0,1,1,1,1,0,0,0
17255,Hippogryph Hatchling,,,,0,12,0,3,16943,0,0,0,1,0,0,0,0,0,0
18063,Garrosh,,Son of Hellscream,,1,7,0,0,17452,0,0,0,0,0,0,0,23428,23428,0
18075,Mannoroth,,,,1,3,0,0,17469,0,0,0,0,0,0,0,28365,0,0
18377,Swift Red Wind Rider,,,,0,1,0,0,17719,0,0,0,0,0,0,0,0,0,0
18381,Netherwhelp,,,,0,12,0,3,17723,0,0,0,1,1,1,1,0,0,0
18839,Magical Crawdad,,,,0,12,0,0,18269,0,0,0,1,1,1,1,0,0,0
19044,Gruul the Dragonkiller,,,,1,5,0,0,18698,0,0,0,0,1,1,1,0,0,0
19622,Kael'thas Sunstrider,,Lord of the Blood Elves,,1,7,0,0,20023,0,0,0,1,1,1,1,0,0,0
19935,Soridormi,,The Scale of Sands,,1,2,0,0,20222,0,0,0,0,0,0,0,30441,0,0
20245,Mr. Kitty,,,,0,12,0,0,9989,0,0,0,0,0,0,0,0,0,0
20246,Manny,,,,0,12,0,0,9990,0,0,0,1,1,1,1,0,0,0
20247,Kitty,,,,0,12,0,0,5556,0,0,0,1,1,1,1,0,0,0
20350,Kel'Thuzad,,The Kirin Tor,,0,7,0,0,19548,0,0,0,0,0,0,0,0,0,0
20408,Mana Wyrmling,,,,0,12,0,3,19600,0,0,0,1,1,1,1,0,0,0
20472,Brown Rabbit,,,,0,12,0,0,4626,0,0,0,1,1,1,1,0,0,0
21008,Yellow Moth,,,,0,12,0,3,19985,0,0,0,1,1,1,1,0,0,0
21009,Red Moth,,,,0,12,0,3,19986,0,0,0,1,1,1,1,0,0,0
21010,Blue Moth,,,,0,12,0,3,19987,0,0,0,1,1,1,1,0,0,0
21018,White Moth,,,,0,12,0,3,19999,0,0,0,0,0,0,0,0,0,0
21055,Golden Dragonhawk Hatchling,,,,0,12,0,3,20026,0,0,0,1,1,1,1,0,0,0
21056,Blue Dragonhawk Hatchling,,,,0,12,0,3,20029,0,0,0,1,1,1,1,0,0,0
21063,Silver Dragonhawk Hatchling,,,,0,12,0,3,20037,0,0,0,1,1,1,1,0,0,0
21064,Red Dragonhawk Hatchling,,,,0,12,0,3,20027,0,0,0,1,1,1,1,0,0,0
21076,Firefly,,,,0,12,0,3,20042,0,0,0,1,1,1,1,0,0,0
21266,Ravager Hatchling,,,,0,12,0,0,20155,20160,0,0,1,1,0,0,0,0,0
22174,Trigul,,,,1,1,0,0,18194,0,0,0,1,1,1,1,0,0,0
22328,Toy RC Mortar Tank,,,,0,12,0,0,15382,0,0,0,0,0,0,0,0,0,0
22445,Miniwing,,,,0,12,0,3,20996,0,0,0,1,1,1,1,0,0,0
22484,Zeppit,,,,0,12,0,0,21048,0,0,0,0,0,0,0,0,0,0
22514,White Riding Talbuk,,,,0,1,0,0,21076,0,0,0,1,1,1,1,0,0,0
22522,Super Thrall,,,,1,7,0,0,4527,0,0,0,1,1,1,1,21679,0,0
22817,Blood Elf Orphan,,,,0,12,0,0,19315,0,0,0,1,1,1,1,0,0,0
22818,Draenei Orphan,,,,0,12,0,0,19091,0,0,0,1,1,1,1,0,0,0
22943,Wolpertinger,,,,0,12,0,0,22349,0,0,0,1,1,1,1,0,0,0
23114,Lucky,,,,0,12,0,0,21304,0,0,0,1,0,0,0,0,0,0
23159,Okuno,,Ashtongue Deathsworn Quartermaster,,1,7,0,0,21345,0,0,0,0,1,1,1,14707,0,0
23198,Lucky,,,,0,12,0,0,21328,0,0,0,0,0,0,0,0,0,0
23220,Shivarra Assassin,,,,0,3,0,0,21527,0,0,0,0,0,0,0,28133,28133,0
23231,Willy,,,,0,12,0,3,21381,0,0,0,1,0,0,0,0,0,0
23234,Bananas,,,,0,12,0,0,21362,0,0,0,1,1,1,1,0,0,0
23258,Egbert,,,,0,12,0,0,21382,0,0,0,1,0,0,0,0,0,0
23266,Peanut,,,,0,12,0,0,21393,0,0,0,1,0,0,0,0,0,0
23274,Stinker,,,,0,12,0,0,16633,0,0,0,1,1,1,1,0,0,0
23439,Hungry Nether Ray,,,,0,12,0,0,21155,0,0,0,1,1,1,1,0,0,0
23909,Sinister Squashling,,,,0,12,0,0,21900,0,0,0,1,1,1,1,0,0,0
23944,Essence of Zul'jin,,,,1,7,0,0,21934,0,0,0,1,0,0,0,21465,21465,0
24266,"Arthas, Lich King",,,,1,6,0,0,22234,0,0,0,0,0,0,0,33475,0,0
24267,"Arthas, Dark",,,,1,6,0,0,22235,0,0,0,0,0,0,0,0,0,0
24268,"Arthas, Human",,,,1,7,0,0,21976,0,0,0,0,0,0,0,0,0,0
24388,Toothy,,,,0,12,0,0,22388,0,0,0,1,0,0,0,0,0,0
24389,Muckbreath,,,,0,12,0,0,22389,0,0,0,1,0,0,0,0,0,0
24480,Mojo,,,,0,12,0,0,28501,0,0,0,1,1,1,1,0,0,0
24753,Pint-Sized Pink Pachyderm,,,,0,12,0,0,22629,0,0,0,0,0,0,0,0,0,0
24968,Clockwork Rocket Bot,,,,0,12,0,0,22776,0,0,0,1,1,1,1,0,0,0
25062,Tiny Sporebat,,,,0,12,0,3,22855,0,0,0,1,1,1,1,0,0,0
25109,Rocket Chicken,,,,0,12,0,0,22903,0,0,0,1,1,1,1,0,0,0
25110,Dragon Kite,,,,0,12,0,0,22966,22990,22991,22992,1,1,1,1,0,0,0
25146,Golden Pig,,,,0,12,0,0,21304,0,0,0,0,0,0,0,0,0,0
25147,Silver Pig,,,,0,12,0,0,22938,0,0,0,0,0,0,0,0,0,0
25165,Lady Sacrolash,,,,1,3,0,0,23177,0,0,0,0,1,1,1,31609,31609,0
25180,Fast Black War Ram,,,,0,1,0,0,14577,0,0,0,1,1,1,1,0,0,0
25706,Searing Scorchling,,,,0,12,0,0,8409,0,0,0,0,0,0,0,0,0,0
26050,Snarly,,,,0,12,0,0,23507,0,0,0,1,0,0,0,0,0,0
26056,Chuck,,,,0,12,0,0,23506,0,0,0,1,0,0,0,0,0,0
26115,Darkfallen Bloodbearer,,The San'layn,,0,6,0,0,23554,0,0,0,0,1,1,1,34311,0,0
26119,Phoenix Hatchling,,,,0,12,0,3,23574,0,0,0,1,1,1,1,0,0,0
26243,Crimson Serpent,,,,0,12,0,0,15923,0,0,0,1,1,1,1,0,0,0
26499,Arthas,,Prince of Lordaeron,,1,7,0,0,24949,0,0,0,0,0,0,0,37579,0,0
26613,Arctic Grizzly Cub,,,,0,1,0,0,23946,23947,23948,0,3,2,1,0,0,0,0
26614,Snowshoe Hare,,,,0,1,0,0,328,0,0,0,0,0,0,0,0,0,0
26966,Shadowy Tormentor,,,,0,6,0,0,14703,0,0,0,0,0,0,0,0,0,0
27017,Depleted War Golem,,,,0,12,0,0,26139,0,0,0,0,0,0,0,0,0,0
27217,Spirit of Competition,,,,0,12,0,3,113730,0,0,0,0,1,1,1,0,0,0
27346,Essence of Competition,,,,0,12,0,3,24620,0,0,0,0,1,1,1,0,0,0
27438,Rainbow Trout,,,,0,8,0,0,24637,0,0,0,0,0,0,0,0,0,0
27638,Azure Ring Guardian,,,,1,2,0,3,28080,0,0,0,0,0,0,0,0,0,0
27798,Reincarnated Skytalon,,,,0,8,0,0,11686,0,0,0,1,0,0,0,0,0,0
27914,Ethereal Soul-Trader,,,,0,12,0,0,25002,0,0,0,1,1,1,1,0,0,0
28267,Coyote Spirit,,,,0,12,0,0,25265,0,0,0,0,0,0,0,0,0,0
28470,Nether Ray Fry,,,,0,12,0,3,25457,0,0,0,1,1,1,1,0,0,0
28513,Vampiric Batling,,,,0,12,0,3,4185,0,0,0,1,1,1,1,0,0,0
28878,Skeletal Minion,,,,0,6,0,0,5231,0,0,0,0,0,0,0,0,0,0
28883,Frosty,,,,0,12,0,3,28456,0,0,0,1,1,1,1,0,0,0
28960,Totally Generic Bunny (JSB),,,,0,10,0,0,16480,21342,0,0,0,1,0,0,0,0,0
29089,Mini Tyrael,,,,0,12,0,3,25900,0,0,0,1,1,1,1,0,0,0
29147,Ghostly Skull,,,,0,12,0,3,28089,0,0,0,1,1,1,1,0,0,0
29238,Scourge Haunt,,,,0,6,0,0,26064,0,0,0,0,1,1,1,0,0,0
29611,King Varian Wrynn,,King of Stormwind,,1,7,0,0,28127,0,0,0,1,1,1,1,45899,0,0
29726,Mr. Chilly,,,,0,12,0,0,26452,0,0,0,1,1,1,1,0,0,0
29850,Lo'Gosh,,The Ghost Wolf,,1,1,0,0,17283,0,0,0,0,0,0,0,0,0,0
30116,Archmage Aethas Sunreaver,,Kirin Tor,,1,7,0,0,26770,0,0,0,1,0,0,0,35781,0,0
30379,Westfall Chicken,,,,0,12,0,0,304,0,0,0,1,1,1,1,0,0,0
31530,Grand Apothecary Putress,,,,1,7,0,0,27611,0,0,0,0,0,0,0,0,0,0
31575,Giant Sewer Rat,,,,0,12,0,0,27627,0,0,0,1,1,1,1,0,0,0
31787,Citadel Watcher,,,,0,6,0,3,7616,0,0,0,1,0,0,0,0,0,0
32326,Prince Arthas Menethil,,,,1,6,0,0,27545,0,0,0,1,1,1,1,33475,0,0
32335,Armored Snowy Gryphon,,,,0,1,160,0,27913,0,0,0,0,0,0,0,0,0,0
32589,Tickbird Hatchling,,,,0,12,0,3,62217,0,0,0,1,1,1,1,0,0,0
32590,White Tickbird Hatchling,,,,0,12,0,3,28215,0,0,0,1,1,1,1,0,0,0
32591,Cobra Hatchling,,,,0,12,0,0,28084,0,0,0,1,1,1,1,0,0,0
32592,Proto-Drake Whelp,,,,0,12,0,3,28217,0,0,0,1,1,1,1,0,0,0
32595,Pengu,,,,0,12,0,0,28216,0,0,0,1,1,1,1,0,0,0
32643,Kirin Tor Familiar,,,,0,12,0,0,45937,0,0,0,1,1,1,1,0,0,0
32695,Donavan Bale,,,,0,7,0,0,28180,0,0,0,1,0,0,0,0,0,0
32697,Dak'hal the Black,,,,0,7,0,0,28181,0,0,0,1,0,0,0,0,0,0
32700,Halga Steelbarrow,,,,0,7,0,0,28200,0,0,0,1,0,0,0,0,0,0
32702,Drog Skullbreaker,,,,0,7,0,0,28201,0,0,0,1,0,0,0,0,0,0
32704,Danric the Bold,,,,0,7,0,0,28188,0,0,0,1,0,0,0,0,0,0
32706,Saedelin Whitedawn,,,,0,7,0,0,28189,0,0,0,1,0,0,0,0,0,0
32708,Narestel Palestar,,,,0,7,0,0,28182,0,0,0,1,0,0,0,34898,0,0
32709,Hunaka Greenhoof,,,,0,7,0,0,28183,0,0,0,1,0,0,0,30021,0,0
32710,Garl Grimgrizzle,,,,0,7,0,0,28184,0,0,0,1,0,0,0,0,0,0
32711,Warp-Huntress Kula,,,,0,7,0,0,28185,0,0,0,1,0,0,0,0,0,0
32712,The Amazing Zanzo,,,,0,7,0,0,28186,0,0,0,1,1,1,1,27842,0,0
32713,Juwanamana,,,,0,7,0,0,28187,0,0,0,1,0,0,0,19884,0,0
32714,Moon Priestess Nici,,,,0,7,0,0,28190,0,0,0,1,0,0,0,29107,0,0
32715,Sorrow,,,,0,7,0,0,28191,0,0,0,1,0,0,0,25236,0,0
32716,Linzi Redgrin,,,,0,7,0,0,28192,0,0,0,1,0,0,0,0,0,0
32717,Drool,,The Griefer,,0,7,0,0,28193,0,0,0,1,0,0,0,0,0,0
32718,Disidra Stormglory,,,,0,7,0,0,28195,0,0,0,1,0,0,0,0,0,0
32719,Great Hexer Ohodo,,,,0,7,0,0,28196,0,0,0,1,0,0,0,33494,0,0
32720,Violetta,,,,0,7,0,0,28197,0,0,0,1,0,0,0,31308,0,0
32721,Felcaster Virim,,,,0,7,0,0,28198,0,0,0,1,0,0,0,28604,0,0
32791,Spring Rabbit,,,,0,12,0,0,6302,0,0,0,1,1,1,1,0,0,0
32818,Plump Turkey,,,,0,12,0,0,45968,0,0,0,1,1,1,1,0,0,0
32841,Baby Blizzard Bear,,,,0,12,0,0,16189,0,0,0,1,1,1,1,0,0,0
32906,Freya,,,,1,5,0,0,28777,0,0,0,0,1,1,1,0,0,0
32939,Little Fawn,,,,0,12,0,0,28397,0,0,0,1,1,1,1,0,0,0
33072,Onu,,Ancient of Lore,,0,4,0,0,1455,0,0,0,0,1,1,1,0,0,0
33188,Teldrassil Sproutling,,,,0,12,0,0,28482,0,0,0,1,1,1,1,0,0,0
33194,Dun Morogh Cub,,,,0,12,0,0,28489,0,0,0,1,1,1,1,0,0,0
33197,Tirisfal Batling,,,,0,12,0,3,4732,0,0,0,1,1,1,1,0,0,0
33198,Durotar Scorpion,,,,0,12,0,0,15470,0,0,0,1,1,1,1,0,0,0
33199,Alarming Clockbot,,,,0,12,0,0,14473,0,0,0,1,1,1,1,0,0,0
33200,Elwynn Lamb,,,,0,12,0,0,16205,0,0,0,1,1,1,1,0,0,0
33205,Ammen Vale Lashling,,,,0,12,0,0,28493,0,0,0,1,1,1,1,0,0,0
33219,Mulgore Hatchling,,,,0,12,0,0,28502,0,0,0,1,0,0,0,0,0,0
33226,Strand Crawler,,,,0,12,0,0,45880,0,0,0,1,1,1,1,0,0,0
33227,Enchanted Broom,,,,0,12,0,0,45960,0,0,0,1,1,1,1,0,0,0
33238,Argent Squire,,,,0,12,0,0,28946,0,0,0,1,1,1,1,0,0,0
33239,Argent Gruntling,,,,0,12,0,0,28948,0,0,0,1,1,1,1,0,0,0
33274,Mechanopeep,,,,0,12,0,0,28539,0,0,0,1,1,1,1,0,0,0
33299,Darkspear Raptor,,,,0,1,0,0,29261,0,0,0,1,1,1,1,0,0,0
33529,Curious Wolvar Pup,,,,0,12,0,0,25384,0,0,0,1,0,0,0,0,0,0
33530,Curious Oracle Hatchling,,,,0,12,0,0,25173,0,0,0,1,0,0,0,0,0,0
33532,Wolvar Orphan,,,,0,12,0,0,25384,0,0,0,1,0,0,0,0,0,0
33533,Oracle Orphan,,,,0,12,0,0,25173,0,0,0,1,1,1,1,0,0,0
33578,Murkimus the Gladiator,,,,0,12,0,0,28734,0,0,0,1,1,1,1,0,0,0
33810,Sen'jin Fetish,,,,0,12,0,3,46939,46955,46956,0,1,1,1,0,0,0,0
33836,Bomb Bot,,,,1,9,0,0,6977,0,0,0,0,1,1,1,0,0,0
33975,Noblegarden Bunny,,,,0,12,0,0,28726,0,0,0,1,0,0,0,0,0,0
34031,XS-001 Constructor Bot,,,,0,12,0,0,29060,0,0,0,1,1,1,1,0,0,0
34278,Withers,,,,0,12,0,0,45943,0,0,0,1,0,0,0,0,0,0
34320,Venomhide Hatchling,,,,0,12,0,0,29251,0,0,0,0,0,0,0,0,0,0
34364,Calico Cat,,,,0,12,0,0,11709,0,0,0,1,1,1,1,0,0,0
34527,Dave's Industrial Light and Magic Bunny (Small),,,,0,10,0,0,328,27823,0,0,0,1,0,0,0,0,0
34587,Warbot,,,,0,12,0,0,29279,0,0,0,1,1,1,1,0,0,0
34694,Grunty,,,,0,12,0,0,29348,0,0,0,1,1,1,1,0,0,0
34724,Shimmering Wyrmling,,,,0,12,0,3,70232,0,0,0,1,1,1,1,0,0,0
34770,Macabre Marionette,,,,0,12,0,0,29404,0,0,0,1,1,1,1,11264,11264,0
34930,Jade Tiger,,,,0,12,0,0,29605,0,0,0,1,1,1,1,0,0,0
35384,Disciple of Elune,,,,0,6,0,0,29798,29799,29800,29801,1,1,1,1,0,0,0
35387,Leaping Hatchling,,,,0,12,0,0,29802,0,0,0,1,1,1,1,0,0,0
35394,Razzashi Hatchling,,,,0,12,0,0,29806,0,0,0,1,1,1,1,0,0,0
35395,Deviate Hatchling,,,,0,12,0,0,29807,0,0,0,1,1,1,1,0,0,0
35396,Darting Hatchling,,,,0,12,0,0,29805,0,0,0,1,1,1,1,0,0,0
35397,Ravasaur Hatchling,,,,0,12,0,0,29810,0,0,0,1,1,1,1,0,0,0
35398,Razormaw Hatchling,,,,0,12,0,0,29808,0,0,0,1,1,1,1,0,0,0
35399,Obsidian Hatchling,,,,0,12,0,0,29809,0,0,0,1,1,1,1,0,0,0
35400,Gundrak Hatchling,,,,0,12,0,0,29803,0,0,0,1,1,1,1,0,0,0
35468,Onyx Panther,,,,0,12,0,0,29819,0,0,0,1,1,1,1,0,0,0
35867,Kalec,,,,1,7,0,0,23459,0,0,0,0,0,0,0,0,0,0
36074,[DND] Swift Horde Wolf,,,,0,1,0,0,29974,0,0,0,1,1,1,1,0,0,0
36482,Tuskarr Kite,,,,0,12,0,0,30157,0,0,0,1,1,1,1,0,0,0
36511,Spectral Tiger Cub,,,,0,12,0,0,30409,0,0,0,1,1,1,1,0,0,0
36607,Onyxian Whelpling,,,,0,12,0,3,30356,0,0,0,1,1,1,1,0,0,0
36774,Silver Covenant Agent,,,,0,7,0,0,30310,30311,0,0,1,1,0,0,34282,34282,0
36871,Core Hound Pup,,,,0,12,0,0,30462,0,0,0,1,1,1,1,0,0,0
36908,Gryphon Hatchling,,,,0,12,0,0,30412,0,0,0,1,0,0,0,0,0,0
36909,Wind Rider Cub,,,,0,12,0,0,30413,0,0,0,1,0,0,0,0,0,0
36910,Zipao Tiger,,,,0,12,0,0,30402,0,0,0,1,1,1,1,0,0,0
36911,Pandaren Monk,,,,0,12,0,0,30414,0,0,0,1,1,1,1,0,0,0
36979,Lil' K.T.,,,,0,12,0,0,30507,0,0,0,1,1,1,1,0,0,0
37011,The Damned,,,,1,6,0,0,31092,0,0,0,1,1,1,1,0,0,0
37865,Perky Pug,,,,0,12,0,0,31174,0,0,0,1,1,1,1,0,0,0
38374,Toxic Wasteling,,,,0,12,0,0,31073,0,0,0,1,1,1,1,0,0,0
38494,Rotting Frost Giant,,,,1,6,0,0,30843,0,0,0,0,0,0,0,0,0,0
38839,Dark Iron Guard,,,,0,7,0,0,7789,7790,7791,7792,1,1,1,1,40452,12995,0
38976,Worgen Dust Bunny,,,,0,10,0,0,29000,11686,0,0,0,1,0,0,0,0,0
39046,Crimson Deathcharger,,,,0,1,0,0,25279,0,0,0,1,1,1,1,0,0,0
39605,Garrosh Hellscream,,Warchief,,1,7,0,0,32904,0,0,0,1,1,1,1,30414,0,0
39622,Spirit of Lo'Gosh,,,,1,10,0,0,23990,0,0,0,0,0,0,0,0,0,0
39627,Spirit of Goldrinn,,,,1,10,0,0,23990,0,0,0,0,0,0,0,0,0,0
40198,Frigid Frostling,,,,0,12,0,0,31722,0,0,0,0,0,0,0,0,0,0
40222,Scout Bat,,,,0,1,0,2,31725,0,0,0,0,0,0,0,0,0,0
40295,Blue Clockwork Rocket Bot,,,,0,12,0,0,22778,0,0,0,1,1,1,1,0,0,0
40585,Spore,,,,0,4,0,0,31954,0,0,0,0,0,0,0,0,0,0
40624,Celestial Dragon,,,,0,12,0,3,31956,0,0,0,1,1,1,1,0,0,0
40703,Lil' XT,,,,0,12,0,0,32031,0,0,0,1,1,1,1,0,0,0
40721,Murkimus the Gladiator,,,,0,12,0,0,28734,0,0,0,1,1,1,1,0,0,0
40920,Elendri Goldenbrow,,,,1,7,0,0,32199,0,0,0,1,1,1,1,0,0,0
40955,Goldrinn,,,,1,1,1,0,32208,0,0,0,1,0,0,0,0,0,0
41200,Generic Bunny - PRK,,,,0,10,0,3,22903,11686,0,0,0,1,0,0,0,0,0
42078,Mini Thor,,The Destroyer,,0,12,0,0,32670,0,0,0,1,1,1,1,0,0,0
42129,Moira Thaurissan,,Dark Iron Representative,,1,7,0,0,120588,0,0,0,1,1,1,1,11928,0,0
42131,Falstad Wildhammer,,Wildhammer Clan Representative,,1,7,0,0,32681,0,0,0,1,1,1,1,30445,0,59023
42177,Blue Mini Jouster,,,,0,12,0,3,69048,0,0,0,0,0,0,0,0,0,0
42183,Gold Mini Jouster,,,,0,12,0,3,69047,0,0,0,0,0,0,0,0,0,0
42409,Abyssal Tentacle,,,,0,7,0,0,32890,0,0,0,1,0,0,0,0,0,0
42783,Ironforge Guard,,,,0,7,0,0,3524,3525,3526,3527,1,1,1,1,5286,6254,0
42928,Muradin Bronzebeard,,Bronzebeard Representative,,1,7,0,0,33140,0,0,0,1,1,1,1,49775,49774,0
43717,Brashtide Crewman,,The Brashtide Crew,,0,7,0,0,33489,33490,33491,0,1,1,2,0,54824,0,0
43800,Personal World Destroyer,,,,0,12,0,0,33512,0,0,0,1,0,0,0,0,0,0
43916,De-Weaponized Mechanical Companion,,,,0,12,0,0,33559,0,0,0,0,0,0,0,0,0,0
43981,Jadecrest Basilisk,,,,0,1,130,0,45474,0,0,0,1,0,0,0,0,0,0
44413,Fathom-Stalker Azjentus,,,,1,7,0,0,32242,0,0,0,0,0,0,0,34183,0,0
44939,Crystalwing Stone Drake,,,,0,2,0,0,33320,0,0,0,0,0,0,0,0,0,0
45128,Crawling Claw,,,,0,12,0,0,34262,0,0,0,1,0,0,0,0,0,0
45247,Pebble,,,,0,12,0,0,45940,0,0,0,0,0,0,0,0,0,0
45250,Trade Prince Gallywix,,Leader of the Bilgewater Cartel,,1,7,0,0,75730,0,0,0,1,0,0,0,0,0,0
45253,Genn Greymane,,,,1,7,0,0,29613,0,0,0,1,0,0,0,46737,0,0
45340,Fossilized Hatchling,,,,0,12,0,0,34413,0,0,0,1,0,0,0,0,0,0
45396,Dave's Industrial Light and Magic Bunny (Medium)(Sessile)(Large AOI),,,,0,10,0,0,328,21072,0,0,0,1,0,0,0,0,0
45453,Blighthound,,,,0,1,52,0,33998,0,0,0,0,0,0,0,0,0,0
45667,High Tinker Mekkatorque,,King of Gnomes,,1,7,0,0,7006,0,0,0,100,1,1,1,53096,11587,0
45774,Prophet Velen,,,,1,7,0,0,17822,0,0,0,100,0,0,0,35714,0,0
46089,Rok'tar,,,,0,7,0,0,34848,0,0,0,1,0,0,0,25169,0,13923
46113,SI:7 Agent,,,,0,7,0,0,34761,34762,34763,34764,1,1,1,1,61368,0,0
46384,Crazed Gnome,,,,0,7,0,0,82456,0,0,0,1,0,0,0,0,0,0
46471,Deathwing,,Aspect of Death,,1,2,0,0,35435,0,0,0,1,0,0,0,0,0,0
46568,Crazed Spiderbot Pilot,,,,0,7,0,0,35143,0,0,0,1,0,0,0,0,0,0
46755,Goblin Turbo-Trike,,,,0,9,0,0,35250,0,0,0,1,0,0,0,0,0,0
46896,Lil' Deathwing,,,,0,12,0,3,35338,0,0,0,1,0,0,0,0,0,0
46898,Enchanted Lantern,,,,0,12,0,3,36902,0,0,0,1,0,0,0,0,0,0
47169,Hardboiled Egg,,,,0,12,0,0,15393,0,0,0,1,0,0,0,0,0,0
47688,Officer Connelly,,,,1,7,0,0,99500,0,0,0,1,1,1,1,2178,5284,62285
47944,Dark Phoenix Hatchling,,,,0,12,0,3,37136,0,0,0,1,1,1,1,0,0,0
48107,Rustberg Gull,,,,0,12,0,3,36499,0,0,0,1,1,1,1,0,0,0
48242,Armadillo Pup,,,,0,12,0,0,36220,0,0,0,1,1,1,1,0,0,0
48376,Rumbling Rockling,,,,0,12,0,0,36129,0,0,0,0,0,0,0,0,0,0
48377,Swirling Stormling,,,,0,12,0,0,30424,0,0,0,0,1,1,1,0,0,0
48378,Whirling Waveling,,,,0,12,0,0,2069,0,0,0,0,1,1,1,0,0,0
48609,Clockwork Gnome,,,,0,12,0,0,36211,0,0,0,1,0,0,0,0,0,0
48641,Fox Kit,,,,0,12,0,0,33217,0,0,0,1,1,1,1,0,0,0
48982,Tiny Shale Spider,,,,0,12,0,0,36637,0,0,0,1,0,0,0,0,0,0
49373,Krazzworks Zeppelin,,,,0,10,0,3,11686,0,0,0,0,0,0,0,0,0,0
49450,Goldrinn,,,,1,1,1,0,32208,0,0,0,1,0,0,0,0,0,0
49586,Guild Page,,,,0,12,0,0,37200,0,0,0,1,0,0,0,0,0,0
49587,Guild Herald,,,,0,12,0,0,37198,0,0,0,1,0,0,0,0,0,0
49588,Guild Page,,,,0,12,0,0,37199,0,0,0,1,0,0,0,0,0,0
49590,Guild Herald,,,,0,12,0,0,37196,0,0,0,1,0,0,0,0,0,0
50384,Landro's Lil' XT,,,,0,12,0,0,32031,0,0,0,1,1,1,1,0,0,0
50468,Landro's Lil' XT,,,,0,12,0,0,32031,0,0,0,1,1,1,1,0,0,0
50545,Magic Lamp,,,,0,12,0,3,36901,0,0,0,1,0,0,0,0,0,0
50586,Mr. Grubbs,,,,0,12,0,0,9905,0,0,0,1,0,0,0,0,0,0
50612,Wildhammer Gryphon,,,,0,1,160,3,17759,34890,0,0,1,1,0,0,0,0,0
50722,Elementium Geode,,,,0,12,0,0,45878,0,0,0,1,1,1,1,0,0,0
51090,Singing Sunflower,,,,0,12,0,0,37154,0,0,0,1,0,0,0,0,0,0
51122,Deathy,,,,0,12,0,0,36896,0,0,0,1,0,0,0,0,0,0
51346,Orgrimmar Wind Rider,,,,0,7,0,3,37328,37329,37330,37331,25,25,25,25,5289,0,2507
51468,Wildhammer Guard,,,,0,7,0,0,35028,35029,35030,35031,1,1,1,1,14533,0,5260
51600,Lil' Ragnaros,,,,0,12,0,0,37541,0,0,0,1,0,0,0,0,0,0
51601,Moonkin Hatchling,,,,0,12,0,0,37526,37527,0,0,1,0,0,0,0,0,0
51632,Tiny Flamefly,,,,0,12,0,3,28435,0,0,0,1,1,1,1,0,0,0
51634,Bubbles,,,,0,12,0,3,38311,0,0,0,1,1,1,1,0,0,0
51635,Scooter the Snail,,,,0,12,0,0,38135,0,0,0,1,0,0,0,0,0,0
51636,Lizzy,,,,0,12,0,0,36583,0,0,0,1,0,0,0,0,0,0
51649,Moonkin Hatchling,,,,0,12,0,0,37527,37526,0,0,1,0,0,0,0,0,0
51657,Bush Chicken,,,,0,12,0,0,30969,0,0,0,1,0,0,0,0,0,0
51677,Winterspring Cub,,,,0,12,0,0,37712,0,0,0,0,0,0,0,0,0,0
51796,Silvermoon City Guardian,,,,0,7,0,0,89418,89419,89420,89421,1,1,1,1,165700,165701,0
52226,Panther Cub,,,,0,12,0,0,37814,0,0,0,1,0,0,0,0,0,0
52343,Landro's Lichling,,,,0,12,0,0,30507,0,0,0,1,1,1,1,0,0,0
52344,Nightsaber Cub,,,,0,12,0,0,37846,0,0,0,0,0,0,0,0,0,0
52367,Dragon Kite,,,,0,12,0,0,22966,22990,22991,22992,1,1,1,1,0,0,0
52697,Greedy Kobold,,,,0,12,0,0,26,0,0,0,1,0,0,0,0,0,0
52831,Winterspring Cub,,,,0,12,0,0,37712,0,0,0,1,0,0,0,0,0,0
52894,Lashtail Hatchling,,,,0,12,0,0,38065,0,0,0,1,0,0,0,0,0,0
53048,Legs,,,,0,12,0,0,38134,0,0,0,1,0,0,0,0,0,0
53225,Pterrordax Hatchling,,,,0,12,0,3,38229,0,0,0,1,0,0,0,0,0,0
53232,Voodoo Figurine,,,,0,12,0,0,38232,0,0,0,1,0,0,0,0,0,0
53283,Guardian Cub,,,,0,12,0,0,38359,0,0,0,1,0,0,0,0,0,0
53453,Green Balloon,,,,0,10,0,0,38340,0,0,0,0,1,1,1,0,0,0
53454,Yellow Balloon,,,,0,10,0,0,38341,0,0,0,0,0,0,0,0,0,0
53455,Horde Balloon,,,,0,10,0,0,38342,0,0,0,0,0,0,0,0,0,0
53456,Alliance Balloon,,,,0,10,0,0,38343,0,0,0,0,0,0,0,0,0,0
53623,Cenarion Hatchling,,,,0,12,0,3,16943,0,0,0,1,0,0,0,0,0,0
53658,Hyjal Bear Cub,,,,0,12,0,0,38455,0,0,0,1,1,1,1,0,0,0
53661,Crimson Lasher,,,,0,12,0,0,38429,0,0,0,1,1,1,1,0,0,0
53828,Darren's Test NPC,,,,0,7,0,0,38746,0,0,0,1,1,1,1,33301,0,0
53854,Stormcrow,,,,0,7,0,3,21244,0,0,0,0,0,0,0,0,0,0
53884,Feline Familiar,,,,0,12,0,0,74790,0,0,0,1,0,0,0,0,0,0
54027,Lil' Tarecgosa,,,,0,12,0,3,38614,0,0,0,1,1,1,1,0,0,0
54128,Creepy Crate,,,,0,12,0,0,38638,0,0,0,0,0,0,0,0,0,0
54223,Keg Pony,,,,0,12,0,0,38691,0,0,0,1,0,0,0,0,0,0
54227,Nuts,,,,0,12,0,0,38693,0,0,0,1,1,1,1,0,0,0
54359,Companion Combat Vehicle,,,,0,10,0,0,38348,34317,0,0,1,0,0,0,0,0,0
54374,Brilliant Kaliri,,,,0,12,0,3,38776,0,0,0,0,0,0,0,0,0,0
54375,Player 1's Pet,,,,0,10,0,0,1126,11686,0,0,0,1,0,0,0,0,0
54376,Player 2's Pet,,,,0,10,0,0,1126,11686,0,0,0,1,0,0,0,0,0
54383,Purple Puffer,,,,0,12,0,3,38777,0,0,0,0,0,0,0,0,0,0
54438,Murkablo,,,,0,12,0,0,38803,0,0,0,0,0,0,0,0,0,0
54487,Darkmoon Turtle,,,,0,12,0,0,27678,0,0,0,0,0,0,0,0,0,0
54491,Darkmoon Monkey,,,,0,12,0,0,46001,0,0,0,0,0,0,0,0,0,0
54539,Alliance Balloon,,,,0,12,0,0,38343,0,0,0,0,1,1,1,0,0,0
54541,Horde Balloon,,,,0,12,0,0,38342,0,0,0,0,1,1,1,0,0,0
54617,Rell Nightwind,,SI:7,,0,7,0,0,38873,0,0,0,0,0,0,0,5285,5285,0
54730,Gregarious Grell,,,,0,12,0,0,38919,0,0,0,0,0,0,0,0,0,0
54745,Sand Scarab,,,,0,12,0,0,39694,0,0,0,0,0,0,0,0,0,0
54747,Eye of the Legion,,,,1,3,0,0,14430,0,0,0,0,0,0,0,0,0,0
54869,Slingtail Hunter,,,,0,7,0,0,41058,0,0,0,1,0,0,0,60765,0,0
54961,Lorewalker Cho,,,,0,7,0,0,45422,0,0,0,1,1,1,1,0,0,0
55187,Darkmoon Balloon,,,,0,12,0,0,38344,0,0,0,0,1,1,1,0,0,0
55215,Lumpy,,,,0,12,0,0,45939,0,0,0,0,0,0,0,0,0,0
55242,Darren's Test NPC 2,,,,1,5,0,0,39890,30272,4259,0,1,1,1,0,56228,0,0
55276,Immobile Catapult,,,,0,9,0,0,23884,0,0,0,1,0,0,0,0,0,0
55279,Shan'ze Spiritbinder,,,,0,7,0,0,40740,0,0,0,1,0,0,0,82771,0,0
55356,Darkmoon Tonk,,,,0,12,0,0,15381,0,0,0,0,0,0,0,0,0,0
55367,Darkmoon Zeppelin,,,,0,12,0,3,17192,0,0,0,0,0,0,0,0,0,0
55386,Sea Pony,,,,0,12,0,3,39109,0,0,0,0,0,0,0,0,0,0
55395,Soridormi,,Prime Consort to Nozdormu,,1,2,0,3,39112,0,0,0,0,0,0,0,0,0,0
55500,Illidan Stormrage,,,,0,9,0,0,39183,0,0,0,0,0,0,0,32065,32066,0
55561,King Varian Wrynn,,King of Stormwind,,1,7,0,0,31427,0,0,0,1,1,1,1,0,0,0
55571,Lunar Lantern,,,,0,12,0,3,39163,0,0,0,0,0,0,0,0,0,0
55574,Festival Lantern,,,,0,12,0,3,39333,0,0,0,0,0,0,0,0,0,0
55659,Wild Imp,,,,6,3,0,0,77405,77406,77407,0,1,1,1,1,0,0,0
55768,Lorewalker Cho,,,,0,7,0,0,41918,0,0,0,0,0,0,0,0,0,0
56024,Generic Bunny 5.0,,,,0,10,0,0,38985,25180,0,0,0,1,0,0,0,0,0
56031,Darkmoon Cub,,,,0,12,0,0,39137,0,0,0,0,0,0,0,0,0,0
56045,Butterfly,,,,0,10,0,0,66632,0,0,0,0,0,0,0,0,0,0
56082,Green Balloon,,,,0,12,0,0,38340,0,0,0,0,1,1,1,0,0,0
56083,Yellow Balloon,,,,0,12,0,0,38341,0,0,0,0,1,1,1,0,0,0
56142,Time Warden,,Bronze Dragonflight,,1,2,0,3,39344,0,0,0,1,0,0,0,0,0,0
56169,Generic Bunny 10.0,,,,0,10,0,0,38985,29180,0,0,0,1,0,0,0,0,0
56266,Fetish Shaman,,,,0,12,0,0,39380,0,0,0,0,0,0,0,0,0,0
56487,Lina Whitepaw,,,,0,7,0,0,41767,0,0,0,1,1,1,1,0,0,0
56584,Deathwing,,Aspect of Death,,1,2,0,3,35268,0,0,0,1,0,0,0,0,0,0
56719,Sha of Violence,,,,1,4,0,0,43283,0,0,0,0,1,1,1,0,0,0
56723,Ik'thik Wing Commander,,,,1,7,0,0,44136,0,0,0,1,0,0,0,0,0,0
56727,Pearlfin Tidestriker,,,,0,7,0,0,42144,0,0,0,1,0,0,0,21551,21551,0
56728,Pearlfin Waveguard,,,,0,7,0,0,42231,0,0,0,1,0,0,0,21573,21572,0
56779,Yu'lon,,The Jade Serpent,,1,1,303,3,40799,0,0,0,0,1,1,1,0,0,0
56784,Fei,,,,0,7,0,0,45170,0,0,0,0,0,0,0,0,0,0
57107,Bronze Drake,,,,1,2,0,3,39543,0,0,0,0,0,0,0,0,0,0
57769,Shen-zin Su,,,,1,10,0,0,39798,0,0,0,1,1,1,1,0,0,0
58163,Soul of the Aspects,,,,0,12,0,3,40019,0,0,0,1,1,1,1,0,0,0
58959,Fel Imp,,,,0,3,100,0,64799,0,0,0,1,1,1,1,0,0,0
58960,Voidlord,,,,0,3,101,0,113621,0,0,0,1,1,1,1,0,0,0
58963,Shivarra,,,,0,3,102,0,77396,0,0,0,1,1,1,1,0,0,0
58964,Observer,,,,0,3,15,0,113609,0,0,0,1,1,1,1,0,0,0
58965,Wrathguard,,,,0,3,104,0,64802,0,0,0,1,1,1,1,22199,0,0
58997,Abyssal,,,,0,3,148,0,16874,0,0,0,1,1,1,1,0,0,0
59000,Terrorguard,,,,0,3,147,0,65072,0,0,0,0,0,0,0,0,0,0
59020,Eye of the Legion,,,,0,12,0,3,40538,0,0,0,0,0,0,0,0,0,0
59113,Generic Bunny,,,,0,10,0,0,20570,11686,0,0,0,1,0,0,0,0,0
59114,Generic Bunny,,,,0,10,0,0,20570,16946,0,0,0,1,0,0,0,0,0
59115,Generic Bunny,,,,0,10,0,0,20570,15880,0,0,0,1,0,0,0,0,0
59215,Anduin Wrynn,,Prince of Stormwind,,0,7,0,0,44414,0,0,0,1,0,0,0,0,0,0
59222,Ren Whitepaw,,,,0,7,0,0,40649,0,0,0,1,0,0,0,0,0,0
59262,Demonic Gateway,,,,0,11,0,0,40657,0,0,0,0,1,1,1,0,0,0
59271,Demonic Gateway,,,,0,11,0,0,40658,0,0,0,0,1,1,1,0,0,0
59358,Darkmoon Rabbit,,,,0,12,0,0,45957,0,0,0,0,0,0,0,0,0,0
59651,Sha of Despair,,,,0,4,0,0,44914,0,0,0,1,0,0,0,0,0,0
59653,Chi-Ji,,The Red Crane,,1,1,0,0,40924,0,0,0,1,0,0,0,0,0,0
59702,Prairie Mouse,,,,0,14,0,0,4959,0,0,0,1,0,0,0,0,0,0
59709,Darren's Test BattlePet 1,,,,0,14,0,0,34413,0,0,0,1,0,0,0,0,0,0
59710,Darren's Test BattlePet 2,,,,0,14,0,0,22778,0,0,0,1,0,0,0,0,0,0
59795,Darren's Test BattlePet 3,,,,0,14,0,0,8409,0,0,0,1,0,0,0,0,0,0
60033,Frenzied Spirit,,,,0,6,0,3,24653,24653,0,0,1,1,1,1,0,0,0
60114,Generic Bunny 4.0,,,,0,10,0,0,38985,41229,0,0,0,1,0,0,0,0,0
60143,Gara'jal the Spiritbinder,,,,1,7,0,0,41256,0,0,0,1,1,1,1,0,0,0
60149,General Nazgrim,,,,1,7,0,0,41490,0,0,0,1,0,0,0,30848,0,0
60152,Test Panda,,,,1,7,0,0,41145,41147,41146,41148,1,0,1,0,12801,0,0
60157,Cosmetic Fire large,,,,0,7,0,0,41267,0,0,0,1,0,0,0,0,0,0
60205,Hopling,,,,0,7,0,0,43479,43480,43481,0,1,2,1,0,0,0,0
60291,Fire Bunny,,,,0,10,0,0,16480,21342,0,0,0,1,0,0,0,0,0
60367,Flailing Carp,,,,0,8,0,0,41372,39936,0,0,1,1,0,0,0,0,0
60406,Cosmetic Smoke From Fire,,,,0,7,0,0,41397,0,0,0,1,0,0,0,0,0,0
60418,Darren's Test BattlePet 4,,,,0,14,0,0,15984,0,0,0,1,0,0,0,0,0,0
60424,Darren's Test BattlePet 5,,,,0,14,0,0,36499,0,0,0,1,0,0,0,0,0,0
60430,Darren's Test BattlePet 6,,,,0,14,0,0,33559,0,0,0,1,0,0,0,0,0,0
60491,Sha of Anger,,,,1,4,0,0,41448,0,0,0,1,1,1,1,0,0,0
60522,Small Panda Tent,,,,0,7,0,0,41469,0,0,0,1,0,0,0,0,0,0
60525,Large Panda Tent,,,,0,7,0,0,41472,0,0,0,1,0,0,0,0,0,0
60526,Small Horde Tent,,,,0,7,0,0,41473,0,0,0,1,0,0,0,0,0,0
60527,Large Horde Tent,,,,0,7,0,0,41475,0,0,0,1,0,0,0,0,0,0
60547,Natasha,,,,0,1,0,0,9989,0,0,0,1,1,1,1,0,0,0
60548,Vladimir,,,,0,1,0,0,11709,0,0,0,1,1,1,1,0,0,0
60570,Ji Firepaw,,Master of Huojin,,0,7,0,0,39637,0,0,0,1,1,1,1,0,0,0
60574,Horde Banner,,,,0,7,0,0,41493,0,0,0,1,0,0,0,0,0,0
60592,Shademaster Kiryn,,,,0,7,0,0,39039,0,0,0,1,0,0,0,0,0,0
60649,Black Lamb,,,,0,14,0,0,42906,0,0,0,1,1,1,1,0,0,0
60820,Small Alliance Tent,,,,0,7,0,0,41601,0,0,0,1,0,0,0,0,0,0
60821,Large Alliance Tent,,,,0,7,0,0,41602,0,0,0,1,0,0,0,0,0,0
60828,Admiral Taylor,,,,1,7,0,0,41605,0,0,0,1,0,0,0,0,0,0
60829,Mishka,,SI:7,,0,7,0,0,38870,0,0,0,1,0,0,0,0,0,0
60830,Alliance Banner,,,,0,7,0,0,41606,0,0,0,1,0,0,0,0,0,0
60861,"Sully ""The Pickle"" McLeary",,SI:7,,0,7,0,0,38872,0,0,0,1,0,0,0,0,0,0
60999,Sha of Fear,,,,1,4,0,0,45065,0,0,0,1,1,1,1,0,0,0
61071,Small Frog,,,,0,14,0,0,6297,1924,6295,901,1,1,1,1,0,0,0
61073,Zandalari Tomb-robber,,,,0,7,0,0,41497,43970,43971,0,1,1,1,0,0,0,0
61074,Zandalari Refugee,,,,0,7,0,0,43971,43970,41497,0,1,1,1,0,0,0,0
61075,Prophet Khar'zul,,,,0,7,0,3,42108,0,0,0,1,0,0,0,0,0,0
61079,Player Clone (TEMP),,,,1,7,0,0,41826,0,0,0,1,0,0,0,0,0,0
61080,Rabbit,,,,0,14,0,0,328,4626,0,0,1,1,1,1,0,0,0
61081,Squirrel,,,,0,14,0,0,134,0,0,0,1,1,1,1,0,0,0
61085,Beaver Yearling,,,,0,12,0,0,41832,0,0,0,1,1,1,1,0,0,0
61086,Porcupette,,,,0,12,0,0,41833,0,0,0,1,1,1,1,0,0,0
61087,Sun Darter Hatchling,,,,0,12,303,3,74529,0,0,0,1,1,1,1,0,0,0
61088,Eternal Strider,,,,0,14,0,0,43798,0,0,0,1,1,1,1,0,0,0
61089,Otter Pup,,,,0,14,0,0,41836,0,0,0,1,1,1,1,0,0,0
61129,Mogu Door,,,,0,7,0,0,41839,0,0,0,1,0,0,0,0,0,0
61141,Prairie Dog,,,,0,14,0,0,1072,0,0,0,1,1,1,1,0,0,0
61142,Snake,,,,0,14,0,0,1206,6303,2957,2958,1,1,1,1,0,0,0
61143,Mouse,,,,0,14,0,0,4959,4960,0,0,1,1,0,0,0,0,0
61148,Zandalari Priest,,,,0,7,0,0,41855,0,0,0,1,0,0,0,41365,0,0
61149,Zandalari Priest,,,,0,7,0,0,41857,0,0,0,1,0,0,0,41365,0,0
61158,Shore Crab,,,,0,14,0,0,45880,32789,32791,32790,1,1,1,1,0,0,0
61160,Tiny Harvester,,,,0,14,0,0,41886,0,0,0,1,1,1,1,0,0,0
61165,Fawn,,,,0,14,0,0,654,0,0,0,1,1,1,1,0,0,0
61167,Mountain Cottontail,,,,0,14,0,0,328,4626,74405,6302,1,1,1,1,0,0,0
61168,Redridge Rat,,,,0,14,0,0,1141,1418,2176,0,2,2,1,0,0,0,0
61169,Roach,,,,0,14,0,0,2177,0,0,0,1,1,1,1,0,0,0
61170,Sheep,,,,0,14,0,0,856,857,0,0,2,1,1,1,0,0,0
61171,Fledgling Buzzard,,,,0,14,0,3,41887,0,0,0,1,0,0,0,0,0,0
61213,Krik'thik Conscript,,,,1,7,0,0,43139,0,0,0,0,0,0,0,0,0,0
61253,Dusk Spiderling,,,,0,14,0,0,2536,9829,1160,0,1,1,1,0,0,0,0
61255,Skunk,,,,0,14,0,0,16633,0,0,0,1,1,1,1,0,0,0
61257,Black Rat,,,,0,14,0,0,1141,0,0,0,1,1,1,1,0,0,0
61258,Rat Snake,,,,0,14,0,0,3126,0,36544,0,1,1,1,1,0,0,0
61259,Widow Spiderling,,,,0,14,0,0,35424,0,0,0,1,0,0,0,0,0,0
61292,Zandalari Fleshrender,,,,1,7,0,0,41957,0,0,0,1,0,0,0,28426,28754,0
61300,Zandalari Fleshrender,,,,1,7,0,0,41959,0,0,0,1,0,0,0,28426,28754,0
61301,Zandalari Fleshrender,,,,1,7,0,0,41958,0,0,0,1,0,0,0,28426,28754,0
61304,Mogu Defier,,,,1,10,0,3,41813,0,0,0,1,0,0,0,68838,32375,0
61309,Zandalari Underling,,,,0,7,0,0,41952,41953,41954,41955,1,1,1,1,3350,0,0
61310,Zandalari Priest,,,,0,7,0,0,41951,0,0,0,1,0,0,0,22215,0,0
61312,Strand Crab,,,,0,14,0,0,32789,32790,32791,45880,1,1,1,1,0,0,0
61313,Parrot,,,,0,14,0,3,6189,20995,9554,0,1,1,0.5,1,0,0,0
61314,Crimson Moth,,,,0,14,0,3,36671,0,0,0,1,1,1,1,0,0,0
61317,Long-Tailed Mole,,,,0,14,0,0,4959,36357,0,0,1,1,1,1,0,0,0
61318,Tree Python,,,,0,14,0,0,36578,0,4343,0,1,1,1,1,0,0,0
61319,Beetle,,,,0,14,0,0,7511,15467,8971,15468,1,1,1,1,0,0,0
61320,Forest Spiderling,,,,0,14,0,0,44816,20923,0,0,1,1,1,1,0,0,0
61321,Lizard Hatchling,,,,0,14,0,0,36583,36599,36584,0,1,1,1,0,0,0,0
61322,Polly,,,,0,14,0,3,42509,0,0,0,1,0,0,0,0,0,0
61323,Wharf Rat,,,,0,14,0,0,1141,1418,2176,0,2,2,0,0,0,0,0
61324,Baby Ape,,,,0,14,0,0,21362,0,0,0,1,1,1,1,0,0,0
61325,Adder,,,,0,14,0,0,1986,1206,1987,0,1,1,1,1,0,0,0
61326,Scorpid,,,,0,14,0,0,15469,5905,15470,15471,1,1,1,1,0,0,0
61327,Spider,,,,0,14,0,0,44816,20923,0,0,1,1,1,1,0,0,0
61328,Fire Beetle,,,,0,14,0,0,8971,0,0,0,1,1,1,1,0,0,0
61329,Scorpling,,,,0,14,0,0,41960,0,0,0,1,1,1,1,0,0,0
61366,Rat,,,,0,14,0,0,1141,1418,2176,0,2,2,1,0,0,0,0
61367,Water Snake,,,,0,14,0,0,1986,1987,2954,2956,1,1,1,1,0,0,0
61368,Huge Toad,,,,0,14,0,0,5379,0,0,0,1,1,1,1,0,0,0
61369,Toad,,,,0,14,0,0,901,0,0,0,1,1,1,1,0,0,0
61370,Swamp Moth,,,,0,14,0,3,36944,36952,36956,36957,1,1,1,1,0,0,0
61372,Moccasin,,,,0,14,0,0,1986,0,0,0,1,1,1,1,0,0,0
61375,Restless Shadeling,,,,0,14,0,0,45917,0,0,0,1,1,1,1,0,0,0
61383,Lava Crab,,,,0,14,0,0,28507,0,0,0,1,1,1,1,0,0,0
61384,Cockroach,,,,0,14,0,0,2177,0,0,0,1,1,1,1,0,0,0
61385,Ash Viper,,,,0,14,0,0,4268,36544,35802,0,1,1,1,1,0,0,0
61386,Lava Beetle,,,,0,14,0,0,41981,0,0,0,1,1,1,1,0,0,0
61420,Ash Spiderling,,,,0,14,0,0,42365,0,0,0,1,1,1,1,0,0,0
61425,Molten Hatchling,,,,0,14,0,0,42051,0,0,0,1,0,0,0,0,0,0
61438,Gold Beetle,,,,0,14,0,0,15467,15468,0,0,1,1,0,0,0,0,0
61439,Rattlesnake,,,,0,14,0,0,35804,0,1987,0,1,1,1,1,0,0,0
61440,Stripe-Tailed Scorpid,,,,0,14,0,0,15469,5905,36617,36616,1,1,1,1,0,0,0
61441,Spiky Lizard,,,,0,14,0,0,36585,0,0,0,1,0,0,0,0,0,0
61443,King Snake,,,,0,14,0,0,2954,0,0,0,1,1,1,1,0,0,0
61456,Ram,,,,0,14,0,0,10000,10001,10002,10003,1,1,1,1,0,0,0
61459,Little Black Ram,,,,0,14,0,0,42068,0,0,0,1,0,0,0,0,0,0
61541,Prophet Khar'zul,,,,1,7,0,0,48323,0,0,0,1,0,0,0,0,0,0
61544,Orphan Spell Visual Invisible Holder,,,,0,10,0,0,169,13069,0,0,0,1,1,1,0,0,0
61677,Mountain Skunk,,,,0,14,0,0,16633,0,0,0,1,1,1,1,0,0,0
61682,General Nazgrim,,,,1,7,0,0,42562,0,0,0,1,0,0,0,7612,0,0
61684,Mist,,,,0,10,0,3,39290,39291,39292,0,1,1,0,0,0,0,0
61686,Tiny Bog Beast,,,,0,14,0,0,42202,0,0,0,1,0,0,0,0,0,0
61689,Snow Cub,,,,0,14,0,0,42203,0,0,0,1,0,0,0,0,0,0
61690,Alpine Hare,,,,0,14,0,0,36342,0,0,0,1,1,1,1,0,0,0
61691,Irradiated Roach,,,,0,14,0,0,2177,0,0,0,1,1,1,1,0,0,0
61703,Tiny Twister,,,,0,14,0,0,45936,0,0,0,1,0,0,0,0,0,0
61704,Grasslands Cottontail,,,,0,14,0,0,328,4626,6302,0,1,1,1,1,0,0,0
61710,Tormented Spirits,,,,0,6,0,0,41604,0,0,0,1,0,0,0,0,0,0
61718,Jade Oozeling,,,,0,14,0,0,42218,0,0,0,1,0,0,0,0,0,0
61750,Deer,,,,0,14,0,0,347,0,0,0,1,1,1,1,0,0,0
61751,Hare,,,,0,14,0,0,1560,0,0,0,1,1,1,1,0,0,0
61752,Brown Marmot,,,,0,14,0,0,45899,0,0,0,1,1,1,1,0,0,0
61753,Maggot,,,,0,14,0,0,9904,9906,0,0,1,1,0,0,0,0,0
61755,Snowshoe Hare,,,,0,14,0,0,328,0,0,0,0,0,0,0,0,0,0
61757,Red-Tailed Chipmunk,,,,0,14,0,0,36620,0,0,0,1,1,1,1,0,0,0
61758,Infested Bear Cub,,,,0,14,0,0,42229,0,0,0,1,1,1,1,0,0,0
61826,Blighthawk,,,,0,14,0,3,42265,0,0,0,1,0,0,0,0,0,0
61827,Infected Fawn,,,,0,14,0,0,37686,0,0,0,1,1,1,1,0,0,0
61828,Infected Squirrel,,,,0,14,0,0,10090,0,0,0,1,1,1,1,0,0,0
61829,Bat,,,,0,14,0,3,4732,0,0,0,1,1,1,1,0,0,0
61830,Festering Maggot,,,,0,14,0,0,9904,0,0,0,1,0,0,0,0,0,0
61833,Player Clone (TEMP),,,,1,7,0,0,41826,0,0,0,1,0,0,0,0,0,0
61844,Rivett Clutchpop,,,,1,7,0,0,39044,0,0,0,1,0,0,0,0,0,0
61845,Hellscream's Vanguard,,,,1,7,0,0,32575,0,0,0,1,0,0,0,0,0,0
61846,Gorrok,,,,1,7,0,0,39047,0,0,0,1,0,0,0,0,0,0
61866,Shokia,,,,1,7,0,0,39049,0,0,0,1,0,0,0,0,0,0
61867,Kiryn,,,,1,7,0,0,39207,0,0,0,1,0,0,0,0,0,0
61868,Zin'jun,,,,1,7,0,0,39116,0,0,0,1,0,0,0,0,0,0
61869,Snuff,,,,1,7,0,0,41931,0,0,0,1,0,0,0,0,0,0
61877,Jade Owl,,,,0,12,0,3,15905,0,0,0,1,1,1,1,0,0,0
61883,Sapphire Cub,,,,0,12,0,0,42297,0,0,0,1,1,1,1,0,0,0
61889,Undercity Rat,,,,0,14,0,0,1141,1418,2176,0,2,2,1,0,0,0,0
61890,Blighted Squirrel,,,,0,14,0,0,42334,0,0,0,1,1,1,1,0,0,0
61892,Dumptruck,,,,0,14,0,0,42299,0,0,0,1,1,1,1,0,0,0
61897,Lorewalker Cho,,,,0,7,0,0,41918,0,0,0,1,1,1,1,0,0,0
61898,Mogu Fleshshaper,,,,0,7,0,0,42324,0,0,0,1,0,0,0,0,0,0
61899,Mogu Grunt,,,,0,7,0,0,42325,0,0,0,1,0,0,0,0,0,0
61900,Mysterious Cave Creature,,,,0,7,0,0,42326,0,0,0,1,0,0,0,0,0,0
61901,Grummle,,,,0,7,0,0,41092,0,0,0,1,0,0,0,0,0,0
61902,Grummle,,,,0,7,0,0,40786,0,0,0,1,0,0,0,0,0,0
61904,Pandaren Slave,,,,0,7,0,0,42300,42301,42302,42303,1,1,1,1,0,0,0
61905,Lost of Lordaeron,,,,0,14,0,0,45952,0,0,0,1,1,1,1,0,0,0
61906,Hozen,,,,0,7,0,0,42305,43830,43831,43832,1,2,2,1,60765,0,0
61907,Kang,,Fist of the First Dawn,,0,7,0,0,42306,0,0,0,1,0,0,0,0,0,0
61908,Shado-Pan Warrior,,,,0,7,0,0,42307,0,0,0,1,0,0,0,0,0,0
61909,Jiang,,,,0,7,0,0,42308,0,0,0,1,0,0,0,0,0,0
61911,Lo,,,,0,1,303,0,40205,0,0,0,1,1,1,1,0,0,0
61912,Lo,,,,0,1,35,0,40590,0,0,0,1,1,1,1,0,0,0
61913,Lo,,,,0,7,0,0,14778,0,0,0,1,0,0,0,0,0,0
61916,Jiang,,,,0,7,0,0,42309,0,0,0,1,0,0,0,0,0,0
61918,Pandaren Villager,,,,0,7,0,0,42311,42310,42312,42313,1,1,1,1,0,0,0
61920,Liu Lang,,,,0,7,0,0,42314,0,0,0,1,0,0,0,0,0,0
61922,Liu Lang,,,,0,7,0,0,42315,0,0,0,1,0,0,0,0,0,0
61923,Liu Lang,,,,0,7,0,0,42316,0,0,0,1,0,0,0,0,0,0
61925,Emperor Shaohao,,,,0,7,0,0,42317,0,0,0,1,0,0,0,0,0,0
61926,Xian,,,,0,7,0,0,41263,0,0,0,1,1,1,1,0,0,0
61927,Chi-Ji,,,,0,7,0,0,40924,0,0,0,1,1,1,1,0,0,0
61930,Niuzao,,,,0,7,0,0,41304,0,0,0,1,1,1,1,0,0,0
61931,Shen-zin Su,,,,0,7,0,0,43940,0,0,0,1,1,1,1,0,0,0
61932,Shen-zin Su,,,,0,7,0,3,42318,0,0,0,1,0,0,0,0,0,0
61933,Heavy Saurok,,,,0,7,0,0,41781,0,0,0,1,1,1,1,34819,0,0
61934,Healing Saurok,,,,0,7,0,0,41784,0,0,0,1,1,1,1,29440,0,0
61935,Hacky Saurok,,,,0,7,0,0,41785,0,0,0,1,1,1,1,15241,15241,0
61936,Common Lizard,,,,0,7,0,0,22791,0,0,0,1,1,1,1,0,0,0
61937,Mysterious Sea Creature,,,,0,7,0,0,25149,0,0,0,1,1,1,1,0,0,0
61938,Jungle Creature,,,,0,7,0,0,30186,0,0,0,1,1,1,1,0,0,0
61941,Mogu Grunt,,,,0,7,0,0,42319,0,0,0,1,0,0,0,0,0,0
61942,The Monkey King,,,,1,7,0,0,46707,0,0,0,1,0,0,0,0,0,0
61988,Egg,,,,0,7,0,0,42327,0,0,0,1,0,0,0,0,0,0
61997,Client-Side Bunny,,,,1,7,0,0,11686,0,0,0,1,0,0,0,0,0,0
62019,Cat,,,,0,14,0,0,5585,5555,5556,5586,1,1,1,1,0,0,0
62020,Ruby Sapling,,,,0,14,0,0,42335,0,0,0,1,1,1,1,0,0,0
62022,Larva,,,,0,14,0,0,9906,9904,9905,0,0,1,1,0,0,0,0
62026,General Purpose Bunny ZTO,,,,0,10,0,0,1126,11686,0,0,0,1,0,0,0,0,0
62032,Lamp Post,,,,0,10,0,0,42341,0,0,0,1,1,1,1,0,0,0
62034,Spirit Crab,,,,0,14,0,0,32791,0,0,0,1,1,1,1,0,0,0
62035,Jacob the Test Seagull,,,,0,14,0,0,36499,0,0,0,1,0,0,0,0,0,0
62050,Grey Moth,,,,0,14,0,2,42343,0,0,0,1,1,1,1,0,0,0
62051,Ravager Hatchling,,,,0,14,0,0,42344,0,0,0,1,1,1,1,0,0,0
62052,Oderous Pandaren,,,,0,7,0,0,42345,0,0,0,0,0,0,0,0,0,0
62053,Rich Pandaren Lady,,,,0,7,0,0,42346,0,0,0,1,0,0,0,0,0,0
62091,Sik'thik Flyer,,,,1,7,0,3,43982,0,0,0,1,0,0,0,0,0,0
62114,Spiny Lizard,,,,0,14,0,0,36583,36584,36585,36598,1,1,1,1,0,0,0
62115,Dung Beetle,,,,0,14,0,0,7511,15467,8971,15468,1,1,1,1,0,0,0
62116,Creepy Crawly,,,,0,14,0,0,46940,0,0,0,1,0,0,0,0,0,0
62117,Twilight Spider,,,,0,14,0,0,38672,0,0,0,1,0,0,0,0,0,0
62118,Twilight Beetle,,,,0,14,0,0,7511,36644,0,0,1,1,0,0,0,0,0
62119,Robo-Chick,,,,0,14,0,0,7920,0,0,0,1,1,1,1,0,0,0
62120,Rabid Nut Varmint 5000,,,,0,14,0,0,26532,0,0,0,1,1,1,1,0,0,0
62121,Turquoise Turtle,,,,0,14,0,0,27881,0,0,0,1,0,0,0,0,0,0
62127,Emerald Boa,,,,0,14,0,0,36578,0,0,0,1,1,1,1,0,0,0
62129,Cheetah Cub,,,,0,14,0,0,42362,0,0,0,1,0,0,0,0,0,0
62130,Giraffe Calf,,,,0,14,0,0,45896,0,0,0,1,0,0,0,0,0,0
62163,Gazelle,,,,0,14,0,0,1547,43948,2237,0,2,2,1,1,0,0,0
62169,Tian the Endless,,,,0,7,0,0,42374,0,0,0,1,1,1,1,0,0,0
62170,Tian the Endless,,,,0,7,0,0,42375,0,0,0,1,1,1,1,0,0,0
62176,Gazelle Fawn,,,,0,14,0,0,45958,0,0,0,1,0,0,0,0,0,0
62177,Forest Moth,,,,0,14,0,3,36944,36952,36956,36957,1,1,1,1,0,0,0
62178,Elfin Rabbit,,,,0,14,0,0,328,4626,62734,6302,1,1,1,1,0,0,0
62181,Topaz Shale Hatchling,,,,0,14,0,0,36648,0,0,0,1,1,1,1,0,0,0
62182,Amethyst Shale Hatchling,,,,0,14,0,0,36604,0,0,0,1,1,1,1,0,0,0
62184,Rock Viper,,,,0,14,0,0,4268,36544,0,0,1,1,1,1,0,0,0
62185,Horny Toad,,,,0,14,0,0,36583,36598,36599,0,1,1,1,0,0,0,0
62186,Desert Spider,,,,0,14,0,0,45906,45907,0,0,1,1,1,1,0,0,0
62187,Stone Armadillo,,,,0,14,0,0,42381,0,0,0,1,1,1,1,0,0,0
62188,Mule Deer,,,,0,14,0,0,45890,0,0,0,1,1,1,1,0,0,0
62189,Alpine Chipmunk,,,,0,14,0,0,36620,0,0,0,1,1,1,1,0,0,0
62190,Coral Snake,,,,0,14,0,0,36580,0,0,0,1,1,1,1,0,0,0
62191,Venomspitter Hatchling,,,,0,14,0,0,45908,0,0,0,1,1,1,1,0,0,0
62201,Spawn of Onyxia,,,,0,14,0,2,42745,0,0,0,1,0,0,0,0,0,0
62203,Klaxxi'va Tik,,,,1,7,0,0,43920,0,0,0,1,0,0,0,0,0,0
62242,Crested Owl,,,,0,14,0,3,6300,0,0,0,1,1,1,1,0,0,0
62246,Shimmershell Snail,,,,0,14,0,0,42407,42408,42409,0,1,1,1,0,0,0,0
62247,Zouchin Archer,,,,0,7,0,0,42046,42047,42048,42045,1,1,1,1,0,0,15286
62250,Darkshore Cub,,,,0,14,0,0,42412,0,0,0,1,0,0,0,0,0,0
62255,Twilight Iguana,,,,0,14,0,0,42415,0,0,0,1,0,0,0,0,0,0
62256,Stinkbug,,,,0,14,0,0,7511,15467,8971,15468,1,1,1,1,0,0,0
62257,Sand Kitten,,,,0,14,0,0,5586,0,0,0,1,0,0,0,0,0,0
62258,Silithid Hatchling,,,,0,14,0,0,42416,0,0,0,1,0,0,0,0,0,0
62262,Incense,,,,0,7,0,0,41008,41007,41006,0,1,1,1,0,0,0,0
62263,Snuff TEST,,,,1,7,0,0,41931,0,0,0,1,0,0,0,0,0,0
62272,White Yak,,,,0,7,0,0,40679,0,0,0,1,1,1,1,0,0,0
62296,Zouchin Defender,,,,0,7,0,0,41979,42045,41980,42047,1,1,1,1,81358,0,0
62299,Amani Berserker,,Zandalari Invaders,,0,7,0,0,43066,43067,0,0,1,1,0,0,49156,0,0
62312,Frog,,,,0,14,0,0,6297,1924,6295,901,1,1,1,1,0,0,0
62313,Rusty Snail,,,,0,14,0,0,42409,0,0,0,1,0,0,0,0,0,0
62314,Tainted Cockroach,,,,0,14,0,0,2177,0,0,0,1,1,1,1,0,0,0
62315,Tainted Moth,,,,0,14,0,3,36944,36952,36956,36957,1,1,1,1,0,0,0
62316,Tainted Rat,,,,0,14,0,0,1141,0,0,0,1,1,1,1,0,0,0
62317,Minfernal,,,,0,14,0,0,46003,0,0,0,1,0,0,0,0,0,0
62324,Norvakess,,Terror of the Dread Wastes,,1,1,55,0,44508,0,0,0,1,1,1,1,0,0,0
62363,Ring Worm Unburrow Location,,,,0,10,0,0,16480,21342,0,0,0,1,0,0,0,0,0
62364,Ash Lizard,,,,0,14,0,0,36583,0,0,0,1,0,1,0,0,0,0
62370,Spotted Bell Frog,,,,0,14,0,0,6297,0,6296,0,1,1,1,1,0,0,0
62373,Silky Moth,,,,0,14,0,3,36944,36952,36953,36955,1,1,1,1,0,0,0
62375,Diemetradon Hatchling,,,,0,14,0,0,45913,0,0,0,1,0,0,0,0,0,0
62395,Nether Faerie Dragon,,,,0,14,0,3,42467,0,0,0,1,1,1,1,0,0,0
62409,Mogu Northgate Door,,,,0,10,0,0,43617,0,0,0,1,1,1,1,0,0,0
62419,Aysa Cloudsinger,,,,0,7,0,0,41667,0,0,0,1,1,1,1,0,0,0
62426,Mogu Armed Grunt,,,,0,7,0,0,42319,0,0,0,1,0,0,0,82348,0,0
62427,Mogu Armed Grunt,,,,0,7,0,0,43879,0,0,0,1,0,0,0,81906,0,0
62428,Mogu Armed Grunt,,,,0,7,0,0,42319,0,0,0,1,0,0,0,82773,0,0
62433,Baby Saurok,,,,0,7,0,0,45681,0,0,0,1,1,1,1,0,0,0
62434,Rabbot,,,,0,14,0,0,33559,0,0,0,1,1,1,1,0,0,0
62435,Crystal Spider,,,,0,14,0,0,27718,0,0,0,1,0,0,0,0,0,0
62437,Yaungol,,,,0,7,0,0,42485,43834,0,0,1,1,0,0,81358,0,0
62517,Klaxxi'va Kek,,,,1,7,0,0,43459,0,0,0,1,0,0,0,0,0,0
62518,Klaxxi'va Set,,,,1,7,0,3,43459,0,0,0,1,0,0,0,0,0,0
62519,Klaxxi'va Vor,,,,1,7,0,0,43459,0,0,0,1,0,0,0,0,0,0
62521,Klaxxi'va Zan,,,,1,7,0,0,43459,0,0,0,1,0,0,0,0,0,0
62523,Sidewinder,,,,0,14,0,0,35804,35802,0,0,1,1,1,1,0,0,0
62524,Scarab Hatchling,,,,0,14,0,0,35113,36594,35112,36595,1,1,1,1,0,0,0
62526,Qiraji Guardling,,,,0,14,0,2,42523,0,0,0,1,0,0,0,0,0,0
62541,Sha of Hatred,,,,1,3,0,0,41851,0,0,0,1,0,0,0,0,0,0
62555,Flayer Youngling,,,,0,14,0,0,42553,0,0,0,1,1,1,1,0,0,0
62564,Sporeling Sprout,,,,0,14,0,0,42554,0,0,0,1,1,1,1,0,0,0
62579,Korvexxis,,,,1,7,0,0,43475,0,0,0,1,1,1,1,0,0,0
62580,Serevex,,,,1,7,0,0,43476,0,0,0,1,1,1,1,85576,0,0
62581,Rothek,,,,1,7,0,0,43477,0,0,0,1,1,1,1,0,0,0
62583,Warpstalker Hatchling,,,,0,14,0,0,45998,0,0,0,1,1,1,1,0,0,0
62620,Clefthoof Runt,,,,0,14,0,0,42575,0,0,0,1,1,1,1,0,0,0
62621,Fel Flame,,,,0,14,0,0,45923,0,0,0,1,1,1,1,0,0,0
62625,Nether Roach,,,,0,14,0,0,2177,0,0,0,1,1,1,1,0,0,0
62626,The Gurkster,,,,0,14,0,0,32313,0,0,0,1,1,1,1,0,0,0
62627,Fledgling Nether Ray,,,,0,14,0,3,45988,0,0,0,1,1,1,1,0,0,0
62628,Scalded Basilisk Hatchling,,,,0,14,0,0,45953,0,0,0,1,1,1,1,0,0,0
62629,Zandalari Prisoner,,,,0,7,0,0,48324,0,0,0,1,1,1,1,0,0,0
62634,Alliance Crewman,,,,1,7,0,0,42583,0,0,0,1,0,0,0,0,0,0
62635,Alliance Captain,,,,1,7,0,0,42584,0,0,0,1,0,0,0,0,0,0
62638,Skittering Cavern Crawler,,,,0,14,0,0,20923,0,0,0,1,1,1,1,0,0,0
62639,Terrorcotta,,,,0,7,0,0,42587,0,0,0,1,0,0,0,82348,0,0
62640,Devouring Maggot,,,,0,14,0,0,45885,45886,45887,0,1,1,1,0,0,0,0
62641,Fjord Rat,,,,0,14,0,0,22175,0,0,0,1,1,1,1,0,0,0
62648,Turkey,,,,0,14,0,0,45968,0,0,0,1,0,0,0,0,0,0
62664,Chicken,,,,0,14,0,0,304,0,0,0,1,1,1,1,0,0,0
62669,Fjord Worg Pup,,,,0,14,0,0,42617,0,0,0,1,1,1,1,0,0,0
62693,Arctic Hare,,,,0,14,0,0,328,0,0,0,0,0,0,0,0,0,0
62695,Borean Marmot,,,,0,14,0,0,1072,0,0,0,1,1,1,1,0,0,0
62697,Oily Slimeling,,,,0,14,0,0,42781,0,0,0,1,0,0,0,0,0,0
62769,Hakaam,,,,0,7,0,0,19092,0,0,0,1,1,1,1,0,0,0
62770,Rikkitun Villager,,,,0,7,0,0,45187,45188,45189,45190,1,1,1,1,0,0,0
62815,Biletoad,,,,0,14,0,0,1924,0,0,0,1,1,1,1,0,0,0
62816,Stunted Shardhorn,,,,0,14,0,0,42708,0,0,0,1,1,1,1,0,0,0
62818,Grizzly Squirrel,,,,0,14,0,0,134,58382,0,0,1,0,1,1,0,0,0
62819,Imperial Eagle Chick,,,,0,14,0,3,42709,0,0,0,1,0,0,0,0,0,0
62820,Water Waveling,,,,0,14,0,0,30159,0,0,0,1,1,1,1,0,0,0
62829,Fishy,,,,0,12,0,3,42721,0,0,0,1,1,1,1,0,0,0
62835,Tundra Penguin,,,,0,14,0,0,25390,25391,25390,25391,2,2,1,1,0,0,0
62837,Grand Empress Shek'zeer,,,,1,7,0,0,42730,0,0,0,1,1,1,1,0,0,0
62852,Dragonbone Hatchling,,,,0,14,0,3,42735,0,0,0,1,1,1,1,0,0,0
62854,Scourged Whelpling,,,,0,14,0,3,42737,0,0,0,1,1,1,1,0,0,0
62864,Arctic Fox Kit,,,,0,14,0,0,42757,0,0,0,1,1,1,1,0,0,0
62884,Grotto Vole,,,,0,14,0,0,4959,4960,36357,0,1,1,1,0,0,0,0
62885,Carrion Rat,,,,0,14,0,0,1141,1418,0,0,1,1,1,1,0,0,0
62886,Fire-Proof Roach,,,,0,14,0,0,2177,0,0,0,1,1,1,1,0,0,0
62887,Death's Head Cockroach,,,,0,14,0,0,2177,0,0,0,1,1,1,1,0,0,0
62888,Nordrassil Wisp,,,,0,14,0,3,45820,0,0,0,1,1,1,1,0,0,0
62892,Mac Frog,,,,0,14,0,0,6297,1924,6295,901,1,1,1,1,0,0,0
62893,Locust,,,,0,14,0,0,2177,0,0,0,1,1,1,1,0,0,0
62894,Horned Lizard,,,,0,14,0,0,36583,0,36585,0,1,0,1,0,0,0,0
62895,Oasis Moth,,,,0,14,0,3,36944,36952,36956,36957,1,1,1,1,0,0,0
62896,Leopard Scorpid,,,,0,14,0,0,15469,5905,15470,36616,1,1,1,1,0,0,0
62899,Tol'vir Scarab,,,,0,14,0,0,42771,0,0,0,1,1,1,1,0,0,0
62900,Wildhammer Gryphon Hatchling,,,,0,14,0,0,30412,36332,36336,0,1,1,1,0,0,0,0
62902,Darkhatched Throatripper,,,,1,7,0,0,42819,0,0,0,1,1,0,0,81906,0,0
62904,Yellow-Bellied Marmot,,,,0,14,0,0,45900,0,0,0,1,1,1,1,0,0,0
62905,Highlands Mouse,,,,0,14,0,0,4959,4960,0,0,1,1,0,0,0,0,0
62906,Highlands Turkey,,,,0,14,0,0,45970,0,0,0,1,0,0,0,0,0,0
62907,Highlands Skunk,,,,0,14,0,0,22447,0,0,0,1,1,1,1,0,0,0
62910,Saurok Egg,,,,0,7,0,0,29905,0,0,0,1,0,0,0,0,0,0
62914,Twilight Fiendling,,,,0,14,0,0,42783,0,0,0,1,1,1,1,0,0,0
62915,Emerald Shale Hatchling,,,,0,14,0,0,36603,0,0,0,1,1,1,1,0,0,0
62916,Fungal Moth,,,,0,14,0,3,36944,36952,36953,36955,1,1,1,1,0,0,0
62921,Stowaway Rat,,,,0,14,0,0,1141,1418,0,0,1,1,1,1,0,0,0
62922,Crimson Shale Hatchling,,,,0,14,0,0,36605,0,0,0,1,1,1,1,0,0,0
62924,Deepholm Cockroach,,,,0,14,0,0,45897,0,0,0,1,1,1,1,0,0,0
62925,Crystal Beetle,,,,0,14,0,0,15467,36644,36613,7511,1,1,1,1,0,0,0
62927,Crimson Geode,,,,0,14,0,2,45879,0,0,0,1,1,1,1,0,0,0
62928,Darkhatched Soulbleeder,,,,0,7,0,0,42820,0,0,0,1,1,0,0,82771,0,0
62953,Sea Gull,,,,0,14,0,3,45995,0,0,0,1,0,0,0,0,0,0
62954,Stormwind Rat,,,,0,14,0,0,1141,1418,2176,0,2,2,1,0,0,0,0
62970,Elder Chi,,,,0,7,0,0,42805,0,0,0,1,0,0,0,0,0,0
62971,Elder Hou,,,,0,7,0,0,42806,0,0,0,1,0,0,0,0,0,0
62991,Coral Adder,,,,0,14,0,0,36544,0,0,0,1,0,0,0,0,0,0
62992,Bucktooth Flapper,,,,0,14,0,0,40713,40716,0,0,1,1,0,0,0,0,0
62994,Emerald Turtle,,,,0,14,0,0,27883,0,0,0,1,1,1,1,0,0,0
62997,Jungle Darter,,,,0,14,0,0,6297,0,0,0,0,0,0,0,0,0,0
62998,Mirror Strider,,,,0,14,0,0,45852,45853,0,0,1,1,0,0,0,0,0
62999,Temple Snake,,,,0,14,0,0,2955,43195,0,0,1,1,1,1,0,0,0
63001,Silkbead Snail,,,,0,14,0,0,38380,42407,42409,0,2,1,1,0,0,0,0
63002,Garden Frog,,,,0,14,0,0,5379,0,0,0,0,0,0,0,0,0,0
63003,Masked Tanuki,,,,0,14,0,0,40093,0,0,0,0,0,0,0,0,0,0
63004,Grove Viper,,,,0,14,0,0,35802,2957,0,0,1,1,1,1,0,0,0
63005,Spirebound Crab,,,,0,14,0,0,45880,0,0,0,1,0,0,0,0,0,0
63006,Sandy Petrel,,,,0,14,0,3,45994,0,0,0,1,1,1,1,0,0,0
63017,Darkhatched Skulker,,,,0,7,0,0,43001,0,0,0,1,1,0,0,3433,0,0
63057,Sifang Otter,,,,0,14,0,0,42856,0,0,0,1,1,1,1,0,0,0
63060,Softshell Snapling,,,,0,14,0,0,16259,0,0,0,1,1,1,1,0,0,0
63062,Bandicoon,,,,0,14,0,0,40089,40090,40094,0,1,1,1,0,0,0,0
63064,Bandicoon Kit,,,,0,14,0,0,41834,42861,42860,0,1,1,1,1,0,0,0
63094,Malayan Quillrat,,,,0,14,0,0,45991,45992,0,0,1,1,1,1,0,0,0
63095,Malayan Quillrat Pup,,,,0,14,0,0,45990,45989,0,0,1,1,1,1,0,0,0
63096,Marsh Fiddler,,,,0,14,0,0,43360,43361,0,0,1,1,1,1,0,0,0
63097,Shore Crawler,,,,0,12,0,0,32790,0,0,0,1,1,1,1,0,0,0
63098,Gilnean Raven,,,,0,12,0,0,42872,0,0,0,1,1,1,1,0,0,0
63143,Mogu Image,,,,0,7,0,0,42879,0,0,0,0,0,0,0,82771,0,0
63194,Steven Lisbane,,Master Pet Tamer,,0,7,0,0,4438,0,0,0,1,1,1,1,0,0,0
63196,Blackguard Battlemaster,,,,0,7,0,0,42900,0,0,0,1,0,0,0,69843,0,0
63288,Amethyst Spiderling,,,,0,14,0,0,38672,0,0,0,1,1,1,1,0,0,0
63289,Luyu Moth,,,,0,8,0,3,36955,0,0,0,1,1,1,1,0,0,0
63291,Savory Beetle,,,,0,14,0,0,45996,0,0,0,1,1,1,1,0,0,0
63293,Spiny Terrapin,,,,0,14,0,0,42859,0,0,0,1,1,1,1,0,0,0
63304,Jungle Grub,,,,0,14,0,0,40226,0,0,0,1,0,1,0,0,0,0
63320,Mist,,,,0,10,0,3,42944,0,0,0,1,0,0,0,0,0,0
63321,Lorewalker Chang,,,,0,7,0,0,42939,0,0,0,1,1,1,1,0,0,0
63322,Lorewalker Chi Chi,,,,0,7,0,0,42940,0,0,0,1,1,1,1,0,0,0
63323,Lorewalker Lola,,,,0,7,0,0,42941,0,0,0,1,1,1,1,0,0,0
63324,Lorewalker Chong,,,,0,7,0,0,42942,0,0,0,1,1,1,1,0,0,0
63326,Lorewalker Cheech,,,,0,7,0,0,42943,0,0,0,1,1,1,1,0,0,0
63358,Sifang Otter Pup,,,,0,14,0,0,42983,0,0,0,1,1,1,1,0,0,0
63361,Mei Li Sparkler,,,,0,8,0,3,28434,0,0,0,1,1,1,1,0,0,0
63365,Terrible Turnip,,,,0,12,0,0,44655,0,0,0,1,1,1,1,0,0,0
63370,Red Cricket,,,,0,12,0,0,46385,0,0,0,1,1,1,1,0,0,0
63374,Loon Mai,,Shado-Pan Watch Commander,,0,7,0,0,41211,0,0,0,0,0,0,0,0,0,0
63377,Leven Dawnblade,,,,0,7,0,0,40175,0,0,0,0,0,0,0,0,0,0
63378,Fo Sho Knucklebump,,,,0,7,0,0,41819,0,0,0,0,0,0,0,80123,0,0
63379,Ko-Yan Na,,,,0,7,0,0,41821,0,0,0,0,0,0,0,80266,80269,0
63380,Jooru Elderblade,,,,0,7,0,0,41218,0,0,0,0,0,0,0,0,72515,0
63381,Chen Stormstout,,,,0,7,0,0,39698,0,0,0,0,0,0,0,0,0,0
63382,Li Li,,,,0,7,0,0,44514,0,0,0,0,0,0,0,0,0,0
63383,Mudmug,,,,0,7,0,0,39697,0,0,0,0,0,0,0,0,0,0
63384,Koro Mistwalker,,,,0,7,0,0,40219,0,0,0,0,0,0,0,0,0,0
63385,Master Bruised Paw,,,,0,7,0,0,39724,0,0,0,0,0,0,0,0,0,0
63386,Lin Tenderpaw,,,,0,7,0,0,42475,0,0,0,0,0,0,0,0,0,0
63387,Xiao,,,,0,7,0,0,39715,0,0,0,0,0,0,0,0,0,0
63388,Kang Bramblestaff,,,,0,7,0,0,40028,0,0,0,0,0,0,0,0,0,0
63389,Ken-Ken,,,,0,7,0,0,41719,0,0,0,0,0,0,0,0,0,0
63390,Clever Ashyo,,,,0,7,0,0,41721,0,0,0,0,0,0,0,82383,0,0
63391,Pang Thunderfoot,,,,0,7,0,0,39699,0,0,0,0,0,0,0,0,0,0
63392,Miss Fanny,,,,0,1,0,0,40877,0,0,0,0,0,0,0,0,0,0
63394,Sunwalker Dezco,,Dawnchaser Chieftain,,0,7,0,0,40006,0,0,0,0,0,0,0,0,0,0
63395,Lyalia,,,,0,7,0,0,40263,0,0,0,0,0,0,0,0,0,0
63396,Yi-Mo Longbrow,,,,0,7,0,0,39792,0,0,0,0,0,0,0,0,0,0
63397,Crane Wing Monk,,,,0,7,0,0,45692,45693,45694,45695,1,1,1,1,0,0,0
63398,Thunder Cleft Brave,,,,0,7,0,0,40045,40046,0,0,1,1,0,0,0,0,0
63399,Incursion Sentinel,,,,0,7,0,0,40282,40283,40284,0,1,1,1,0,0,0,0
63400,Warden of Zhu,,,,0,7,0,0,45839,45843,45844,45845,1,1,1,1,76982,0,76982
63401,Ik'thik Flyer,,,,0,7,0,0,43813,0,0,0,1,0,0,0,0,0,0
63402,Ik'thik Warrior,,,,0,7,0,0,43813,0,0,0,1,0,0,0,0,0,0
63403,Ik'thik Kunchong,,,,0,1,41,0,42663,0,0,0,1,1,1,1,0,0,0
63404,Ik'thik Colossus,,,,0,1,41,0,43843,0,0,0,1,1,1,1,0,0,0
63405,Ping Marlfur,,,,0,7,0,0,41215,0,0,0,1,0,0,0,0,0,0
63406,Zhi Marlfur,,,,0,7,0,0,45170,0,0,0,1,1,1,1,0,0,0
63407,Hua Marlfur,,,,0,7,0,0,43556,0,0,0,1,1,1,1,82351,0,0
63408,Ming Marlfur,,,,0,7,0,0,45320,0,0,0,1,1,1,1,82352,0,0
63409,Haiyun Greentill,,,,0,7,0,0,41213,0,0,0,1,0,0,0,82352,0,0
63410,Ying Greentill,,,,0,7,0,0,42625,0,0,0,1,0,0,0,0,0,0
63411,Huizhong Greentill,,,,0,7,0,0,45273,0,0,0,1,1,1,1,0,0,0
63412,Wei Blacksoil,,,,0,7,0,0,41210,0,0,0,1,0,0,0,0,0,0
63413,Orc 01,,,,0,7,0,0,42994,0,0,0,1,1,1,1,0,0,0
63414,Orc 02,,,,0,7,0,0,42995,0,0,0,1,1,1,1,0,0,0
63415,Orc 03,,,,0,7,0,0,42996,0,0,0,1,1,1,1,0,0,0
63416,Female Orc 01,,,,0,7,0,0,42997,0,0,0,1,1,1,1,0,0,0
63417,Orc 04,,,,0,7,0,0,42998,0,0,0,1,1,1,1,0,0,0
63418,Female Orc 02,,,,0,7,0,0,42999,0,0,0,1,1,1,1,0,0,0
63419,Female Orc 03,,,,0,7,0,0,43000,0,0,0,1,1,1,1,0,0,0
63425,Darkhatched Broodling,,,,6,7,0,0,42821,0,0,0,1,1,1,1,0,0,0
63426,Human 01,,,,0,7,0,0,43002,0,0,0,1,1,1,1,0,0,0
63427,Human 02,,,,0,7,0,0,43005,0,0,0,1,1,1,1,0,0,0
63428,Human 03,,,,0,7,0,0,43006,0,0,0,1,1,1,1,0,0,0
63429,Human 04,,,,0,7,0,0,43007,0,0,0,1,1,1,1,0,0,0
63430,Human 05,,,,0,7,0,0,43008,0,0,0,1,1,1,1,0,0,0
63431,Human 06,,,,0,7,0,0,43009,0,0,0,1,1,1,1,0,0,0
63432,Vrykul,,,,0,7,0,0,43010,0,0,0,1,1,1,1,0,0,0
63433,Vrykul Female,,,,0,7,0,0,43011,0,0,0,1,1,1,1,0,0,0
63434,Tauren 01,,,,0,7,0,0,43012,0,0,0,1,1,1,1,0,0,0
63436,Tauren 02,,,,0,7,0,0,43014,0,0,0,1,1,1,1,0,0,0
63437,Tauren 03,,,,0,7,0,0,43015,0,0,0,1,1,1,1,0,0,0
63438,Tauren 04,,,,0,7,0,0,43016,0,0,0,1,1,1,1,0,0,0
63439,Tauren 05,,,,0,7,0,0,43017,0,0,0,1,1,1,1,0,0,0
63440,Tauren 06,,,,0,7,0,0,43018,0,0,0,1,1,1,1,0,0,0
63441,Tauren 07,,,,0,7,0,0,43019,0,0,0,1,1,1,1,0,0,0
63442,Tauren 08,,,,0,7,0,0,43020,0,0,0,1,1,1,1,0,0,0
63443,Tauren 09,,,,0,7,0,0,43021,0,0,0,1,1,1,1,0,0,0
63444,Mist 02,,,,0,10,0,3,43022,0,0,0,1,0,0,0,0,0,0
63446,Troll 00,,,,0,7,0,0,43024,0,0,0,1,1,1,1,0,0,0
63448,Troll 01,,,,0,7,0,0,43025,0,0,0,1,1,1,1,0,0,0
63449,Troll 02,,,,0,7,0,0,43026,0,0,0,1,1,1,1,0,0,0
63450,Troll 03,,,,0,7,0,0,43027,0,0,0,1,1,1,1,0,0,0
63451,Crane Wing Acolyte,,,,0,7,0,0,45696,45697,45698,45699,1,1,1,1,0,0,0
63452,Troll 04,,,,0,7,0,0,43028,0,0,0,1,1,1,1,0,0,0
63453,Troll 05,,,,0,7,0,0,43029,0,0,0,1,1,1,1,0,0,0
63454,Troll 06,,,,0,7,0,0,43030,0,0,0,1,1,1,1,0,0,0
63455,BloodElf Male 00,,,,0,7,0,0,43031,0,0,0,1,1,1,1,0,0,0
63456,BloodElf Male 01,,,,0,7,0,0,43032,0,0,0,1,1,1,1,0,0,0
63457,BloodElf Male 02,,,,0,7,0,0,43033,0,0,0,1,1,1,1,0,0,0
63458,BloodElf Male 03,,,,0,7,0,0,43034,0,0,0,1,1,1,1,0,0,0
63459,BloodElf Female 04,,,,0,7,0,0,43035,0,0,0,1,1,1,1,0,0,0
63460,BloodElf Female 05,,,,0,7,0,0,43038,0,0,0,1,1,1,1,0,0,0
63461,BloodElf Female 06,,,,0,7,0,0,43041,0,0,0,1,1,1,1,0,0,0
63462,BloodElf Female 07,,,,0,7,0,0,43042,0,0,0,1,1,1,1,0,0,0
63463,NightElf Female 08,,,,0,7,0,0,43043,0,0,0,1,1,1,1,0,0,0
63464,NightElf Male 09,,,,0,7,0,0,43044,0,0,0,1,1,1,1,0,0,0
63468,Goblin Male 00,,,,0,7,0,0,43048,0,0,0,1,1,1,1,0,0,0
63469,Goblin Female 00,,,,0,7,0,0,43049,0,0,0,1,1,1,1,0,0,0
63471,Goblin Male 02,,,,0,7,0,0,43050,0,0,0,1,1,1,1,0,0,0
63473,Darkhatched Brute,,,,1,7,0,0,43052,0,0,0,1,1,0,0,0,0,0
63478,Goblin Female 11,,,,0,7,0,0,43064,0,0,0,1,1,1,1,0,0,0
63479,Goblin Female 12,,,,0,7,0,0,43065,0,0,0,1,1,1,1,0,0,0
63481,Pandaren Male 00,,,,0,7,0,0,43071,0,0,0,1,1,1,1,79272,0,0
63483,Pandaren Male 01,,,,0,7,0,0,43074,0,0,0,1,1,1,1,79272,0,0
63486,Pandaren Male 02,,,,0,7,0,0,43076,0,0,0,1,1,1,1,79272,0,0
63488,Pandaren Male 03,,,,0,7,0,0,43077,0,0,0,1,1,1,1,79272,0,0
63491,Pandaren Female 04,,,,0,7,0,0,43078,0,0,0,1,1,1,1,79272,0,0
63492,Pandaren Female 05,,,,0,7,0,0,43079,0,0,0,1,1,1,1,79272,0,0
63493,Pandaren Female 06,,,,0,7,0,0,43081,0,0,0,1,1,1,1,79272,0,0
63496,Pandaren Female 07,,,,0,7,0,0,43083,0,0,0,1,1,1,1,79272,0,0
63547,Plains Monitor,,,,0,14,0,0,45999,0,0,0,1,0,0,0,0,0,0
63548,Crunchy Scorpion,,,,0,14,0,0,15469,5905,36617,36616,1,1,1,1,0,0,0
63549,Grassland Hopper,,,,0,14,0,0,43344,43352,0,0,1,1,1,1,0,0,0
63550,Alpine Foxling,,,,0,14,0,0,36388,0,0,0,0,0,0,0,0,0,0
63551,Alpine Foxling Kit,,,,0,14,0,0,42757,0,0,0,0,0,0,0,0,0,0
63555,Zooey Snake,,,,0,14,0,0,4440,0,0,0,1,0,0,0,0,0,0
63557,Tolai Hare,,,,0,14,0,0,6302,0,0,0,0,0,0,0,0,0,0
63558,Tolai Hare Pup,,,,0,14,0,0,28998,0,0,0,0,0,0,0,0,0,0
63559,Tiny Goldfish,,,,0,12,0,3,47955,0,0,0,1,0,0,0,0,0,0
63560,Krik'thik Infiltrator,,,,1,7,0,0,45331,0,0,0,1,0,0,0,84769,0,0
63561,Krik'thik Conscript,,,,1,7,0,0,45332,0,0,0,1,0,0,0,0,0,0
63585,Szechuan Chicken,,,,0,14,0,0,304,5369,43152,43153,1,1,1,1,0,0,0
63591,Kor'thik Reaver,,,,1,7,0,0,43159,0,0,0,0,1,1,1,85401,0,0
63621,Feral Vermling,,,,0,12,0,0,45894,0,0,0,1,1,1,1,0,0,0
63627,Dojani Quilen,,,,6,4,0,0,40154,0,0,0,1,1,1,1,0,0,0
63715,Jumping Spider,,,,0,14,0,0,43199,43199,0,0,1,1,1,1,0,0,0
63716,Masked Tanuki Pup,,,,0,14,0,0,43194,0,0,0,0,0,0,0,0,0,0
63724,Micronax,,,,0,12,0,3,78587,0,0,0,1,1,1,1,0,0,0
63832,Lucky Quilen Cub,,,,0,12,0,0,43255,0,0,0,1,0,0,0,0,0,0
63838,Gilded Moth,,,,0,14,0,3,36956,0,0,0,1,1,1,1,0,0,0
63841,Golden Civet,,,,0,14,0,0,43428,0,0,0,1,1,1,1,0,0,0
63842,Golden Civet Kitten,,,,0,14,0,0,43259,43260,0,0,1,1,1,1,0,0,0
63847,Dancing Water Skimmer,,,,0,14,0,0,40584,0,0,0,0,0,0,0,0,0,0
63849,Yellow-Bellied Bullfrog,,,,0,14,0,0,6297,0,22468,0,1,1,1,1,0,0,0
63850,Effervescent Glowfly,,,,0,14,0,3,46000,0,0,0,1,1,1,1,0,0,0
63919,Leopard Tree Frog,,,,0,14,0,0,6296,0,43311,0,1,1,1,1,0,0,0
63953,Kuitan Mongoose,,,,0,14,0,0,43347,0,0,0,1,1,1,1,0,0,0
63954,Mongoose Pup,,,,0,14,0,0,43346,43350,0,0,1,1,1,1,0,0,0
63957,Yakrat,,,,0,14,0,0,4959,36357,0,0,1,1,0,0,0,0,0
63980,Amber Moth,,,,0,8,0,3,36956,0,0,0,1,1,1,1,0,0,0
64213,Darkhatched Megabrute,,,,1,7,0,0,43469,0,0,0,1,1,0,0,0,0,0
64224,Rastaak,,,,0,7,0,0,19092,0,0,0,1,1,1,1,0,0,0
64232,Singing Cricket,,,,0,12,0,0,43127,0,0,0,1,1,1,1,0,0,0
64238,Resilient Roach,,,,0,14,0,0,45898,0,0,0,1,1,0,0,0,0,0
64242,Clouded Hedgehog,,,,0,14,0,0,45985,0,0,0,1,1,1,1,0,0,0
64245,Sha of Doubt,,,,0,4,0,3,46187,0,0,0,0,0,0,0,0,0,0
64246,Shy Bandicoon,,,,0,14,0,0,40089,0,0,0,1,1,1,0,0,0,0
64248,Summit Kid,,,,0,14,0,0,43485,0,0,0,1,1,1,0,0,0,0
64330,Julia Stevens,,Aspiring Pet Tamer,,0,7,0,0,1691,0,0,0,1,1,1,1,0,0,0
64334,Fangs,,,,0,12,0,0,2958,0,0,0,1,0,1,1,0,0,0
64335,Slither,,,,0,12,0,0,2954,0,0,0,1,1,1,1,0,0,0
64337,Nomi,,,,0,7,0,0,45303,0,0,0,1,0,0,0,0,0,0
64352,Rapana Whelk,,,,0,14,0,0,45882,45883,34590,0,2,1,1,0,0,0,0
64367,Invisible Man,,,,0,10,0,0,169,23767,0,0,0,1,0,0,0,0,0
64374,Nether Roach,,,,0,8,0,0,2177,0,0,0,1,1,1,1,0,0,0
64375,Shimmershell Snail,,,,0,8,0,0,42407,42408,42409,0,1,1,1,1,0,0,0
64439,Long-Eared Mink,,,,0,8,0,0,43391,42855,0,0,1,1,1,1,0,0,0
64440,Softshell Turtle,,,,0,8,0,0,27883,27678,27677,0,1,0,0,0,0,0,0
64442,Emerald Singer,,,,0,8,0,0,43340,43360,0,0,1,1,1,1,0,0,0
64473,Wu Kao Rogue,,,,0,7,0,0,43561,0,0,0,1,0,0,0,80269,80269,0
64551,Duskwing Crow,,,,0,1,26,0,43583,0,0,0,0,0,0,0,0,0,0
64566,Sunwalker Dezco,,Dawnchaser Chieftain,,1,7,0,0,40006,0,0,0,0,0,0,0,32450,73425,0
64576,Bandit,,Battle Pet,,0,8,0,0,43194,0,0,0,0,0,0,0,0,0,0
64577,The Fiddler,,Battle Pet,,0,8,0,0,43360,43361,0,0,1,1,1,1,0,0,0
64580,Cairo,,Battle Pet,,0,8,0,0,43391,42855,0,0,1,1,1,1,0,0,0
64616,Wrathion,,The Black Prince,,1,2,0,0,47214,0,0,0,1,0,0,0,0,0,0
64628,Anduin Wrynn,,Prince of Stormwind,,0,7,0,0,44414,0,0,0,1,0,0,0,0,0,0
64629,Garrosh Hellscream,,Warchief,,1,7,0,0,32904,0,0,0,1,0,0,0,0,0,0
64632,Hopling,,,,0,12,0,0,43597,0,0,0,1,1,1,1,0,0,0
64633,Aqua Strider,,,,0,12,0,0,45854,0,0,0,1,1,1,1,0,0,0
64634,Grinder,,,,0,12,0,0,45938,0,0,0,1,1,1,1,0,0,0
64651,Infernal Ball,,,,0,10,0,0,43609,0,0,0,1,0,0,0,0,0,0
64652,Troll,,,,0,7,0,0,43610,0,0,0,1,1,1,1,0,0,0
64653,Tauren,,,,0,7,0,0,43611,0,0,0,1,1,1,1,0,0,0
64654,Nerubian,,,,0,6,0,0,43612,0,0,0,1,1,1,1,0,0,0
64655,High Elf,,,,0,7,0,0,43613,0,0,0,1,1,1,1,0,0,0
64657,Jinyu Warrior,,,,0,7,0,0,43614,0,0,0,1,1,1,1,0,0,0
64658,Jinyu Waterspeaker,,,,0,7,0,0,43615,0,0,0,1,1,1,1,0,0,0
64659,Jinyu Waterspeaker,,,,0,7,0,0,45740,0,0,0,1,1,1,1,35,0,0
64662,Yaungol Warrior,,,,0,7,0,0,42487,43833,0,0,1,1,1,1,0,0,0
64665,Tiger Pillar,,,,0,10,0,0,43618,0,0,0,1,1,1,1,0,0,0
64666,Crane Pillar,,,,0,10,0,0,43619,0,0,0,1,1,1,1,0,0,0
64667,Ox Pillar,,,,0,10,0,0,43620,0,0,0,1,1,1,1,0,0,0
64668,Serpent Pillar,,,,0,10,0,0,43621,0,0,0,1,1,1,1,0,0,0
64673,Golden Forest Tree,,,,0,10,0,0,43623,0,0,0,1,1,1,1,0,0,0
64674,Pandaren Cub,,,,0,7,0,0,43624,0,0,0,1,1,1,1,0,0,0
64675,Pandaren Father,,,,0,7,0,0,42311,42310,42312,42313,0,0,0,1,0,0,0
64677,Star,,,,1,10,0,0,43829,0,0,0,1,0,0,0,0,0,0
64717,Dread Kunchong,,,,1,1,41,0,44093,48861,0,0,1,0.5,1,1,0,0,0
64746,Arcane Familiar,,,,0,12,0,0,43649,0,0,0,1,1,1,1,0,0,0
64747,Fiery Familiar,,,,0,12,0,0,8409,0,0,0,1,1,1,1,0,0,0
64748,Icy Familiar,,,,0,12,0,0,2069,0,0,0,1,1,1,1,0,0,0
64761,Jumping Spider,,,,0,8,0,0,43199,43199,0,0,1,1,1,1,0,0,0
64774,Leopard Tree Frog,,,,0,8,0,0,6296,0,43311,0,1,1,1,1,0,0,0
64775,Masked Tanuki,,,,0,8,0,0,40093,0,0,0,0,0,0,0,0,0,0
64776,Masked Tanuki Pup,,,,0,8,0,0,43194,0,0,0,0,0,0,0,0,0,0
64777,Sandy Petrel,,,,0,8,0,0,34160,0,0,0,1,0,0,0,0,0,0
64779,Spirebound Crab,,,,0,8,0,0,45880,0,0,0,1,0,0,0,0,0,0
64781,Tiger Temple Monk,,,,0,7,0,0,45929,45928,0,0,1,1,1,1,0,0,0
64782,Bandicoon,,,,0,8,0,0,40089,40090,40094,0,1,1,1,0,0,0,0
64783,Bandicoon Kit,,,,0,8,0,0,41834,42861,42860,0,1,1,1,1,0,0,0
64784,Malayan Quillrat,,,,0,8,0,0,45991,45992,0,0,1,1,1,1,0,0,0
64785,Malayan Quillrat Pup,,,,0,8,0,0,45989,45990,0,0,1,1,1,1,0,0,0
64786,Marsh Fiddler,,,,0,8,0,0,43360,43361,0,0,1,1,1,1,0,0,0
64787,Sifang Otter,,,,0,8,0,0,42856,0,0,0,1,1,1,1,0,0,0
64788,Sifang Otter Pup,,,,0,8,0,0,42983,0,0,0,1,1,1,1,0,0,0
64789,Softshell Snapling,,,,0,8,0,0,16259,27678,0,0,1,0,0,0,0,0,0
64790,Alpine Foxling,,,,0,8,0,0,36388,0,0,0,0,0,0,0,0,0,0
64791,Alpine Foxling Kit,,,,0,8,0,0,42757,0,0,0,0,0,0,0,0,0,0
64792,Plains Monitor,,,,0,8,0,0,45999,0,0,0,1,0,0,0,0,0,0
64793,Prairie Mouse,,,,0,8,0,0,4959,0,0,0,1,0,0,0,0,0,0
64794,Szechuan Chicken,,,,0,8,0,0,304,5369,43152,43153,1,1,1,1,0,0,0
64795,Tolai Hare,,,,0,8,0,0,6302,0,0,0,0,0,0,0,0,0,0
64796,Tolai Hare Pup,,,,0,8,0,0,28998,0,0,0,0,0,0,0,0,0,0
64797,Zooey Snake,,,,0,8,0,0,4440,0,0,0,1,0,0,0,0,0,0
64798,Amethyst Spiderling,,,,0,8,0,0,38672,0,0,0,1,1,1,1,0,0,0
64799,Savory Beetle,,,,0,8,0,0,45996,0,0,0,1,1,1,1,0,0,0
64800,Spiny Terrapin,,,,0,8,0,0,42859,42874,0,0,1,0,0,0,0,0,0
64801,Grassland Hopper,,,,0,8,0,0,43344,43352,0,0,1,1,1,1,0,0,0
64802,Yakrat,,,,0,8,0,0,4959,36357,0,0,1,1,0,0,0,0,0
64803,Clouded Hedgehog,,,,0,8,0,0,45985,45986,0,0,1,1,1,1,0,0,0
64804,Silent Hedgehog,,,,0,14,0,0,45984,0,0,0,1,1,1,1,0,0,0
64805,Crunchy Scorpion,,,,0,8,0,0,15469,5905,36617,36616,1,1,1,1,0,0,0
64806,Rapana Whelk,,,,0,8,0,0,45882,45883,34590,0,2,1,1,0,0,0,0
64807,Resilient Roach,,,,0,8,0,0,45898,0,0,0,1,1,0,0,0,0,0
64809,Wrathion,,The Black Prince,,1,2,0,0,39797,0,0,0,1,1,1,1,0,0,0
64814,Globe of Azeroth [DND],,,,0,10,0,0,44652,0,0,0,1,0,0,0,0,0,0
64818,Alliance Banner,,,,0,10,0,0,44713,0,0,0,1,0,0,0,0,0,0
64819,Horde Banner,,,,0,10,0,0,45067,0,0,0,1,0,0,0,0,0,0
64868,Kor'kron Dubs,,,,1,7,0,0,14360,0,0,0,1,0,0,0,30178,0,0
64872,Sky Marshal Schwind,,,,1,7,0,0,45503,0,0,0,1,0,0,0,851,0,0
64874,Cannoneer Buczacki,,,,1,7,0,0,45501,0,0,0,1,0,0,0,851,0,0
64875,Lorewalker Amai,,,,0,7,0,0,43666,0,0,0,1,1,1,1,0,0,0
64899,Mechanical Pandaren Dragonling,,,,0,12,0,3,45386,0,0,0,1,1,1,1,0,0,0
64977,Onyx Cloud Serpent,,,,0,1,35,0,41990,0,0,0,0,0,0,0,0,0,0
65029,Amorous Rooster,,,,0,14,0,0,304,5369,26183,0,1,1,1,1,0,0,0
65054,Feverbite Hatchling,,,,0,14,0,0,44816,0,0,0,1,2,2,0,0,0,0
65099,Wild Silkworm,,,,0,14,0,0,40630,0,0,0,1,1,0,0,0,0,0
65124,Luyu Moth,,,,0,14,0,3,36955,0,0,0,1,1,1,1,0,0,0
65149,Klaxxi'va Lor,,,,0,7,0,0,43920,0,0,0,1,0,0,0,0,0,0
65185,Mei Li Sparkler,,,,0,14,0,3,28434,0,0,0,1,1,1,1,0,0,0
65187,Amber Moth,,,,0,14,0,3,36956,0,0,0,1,1,1,1,0,0,0
65190,Mongoose,,,,0,14,0,0,43347,0,0,0,1,1,1,1,0,0,0
65191,Mongoose,,,,0,8,0,0,43347,0,0,0,1,1,1,1,0,0,0
65192,Mongoose Pup,,,,0,8,0,0,43346,43350,0,0,1,1,1,1,0,0,0
65203,Emperor Crab,,,,0,14,0,0,45881,0,0,0,1,0,0,0,0,0,0
65204,Effervescent Glowfly,,,,0,8,0,3,46000,0,0,0,1,1,1,1,0,0,0
65205,Gilded Moth,,,,0,8,0,3,36956,0,0,0,1,1,1,1,0,0,0
65206,Golden Civet,,,,0,8,0,0,43428,0,0,0,1,1,1,1,0,0,0
65207,Golden Civet Kitten,,,,0,8,0,0,43259,43260,0,0,1,1,1,1,0,0,0
65209,Dancing Water Skimmer,,,,0,8,0,0,40584,0,0,0,0,0,0,0,0,0,0
65211,Yellow-Bellied Bullfrog,,,,0,8,0,0,6297,0,22468,0,1,1,1,1,0,0,0
65215,Garden Moth,,,,0,14,0,2,36671,0,0,0,0,0,0,0,0,0,0
65216,Shrine Fly,,,,0,14,0,3,20042,0,0,0,1,0,0,0,0,0,0
65223,Death's Head Cockroach,,,,0,8,0,0,2177,0,0,0,1,1,1,1,0,0,0
65247,Player Clone (TEMP),,,,1,7,0,0,41826,0,0,0,1,0,0,0,0,0,0
65313,Thundering Serpent Hatchling,,,,0,12,0,3,43865,0,0,0,1,1,1,1,0,0,0
65314,Jade Crane Chick,,,,0,12,0,0,43868,0,0,0,1,1,1,1,0,0,0
65321,Wild Crimson Hatchling,,,,0,14,0,3,43874,0,0,0,1,1,1,1,0,0,0
65323,Wild Jade Hatchling,,,,0,14,0,3,43875,0,0,0,1,1,1,1,0,0,0
65324,Wild Golden Hatchling,,,,0,14,0,3,45064,0,0,0,1,1,1,1,0,0,0
65343,Bone Spider,,,,0,8,0,0,65130,0,0,0,1,1,1,1,0,0,0
65344,Muffin,,,,0,14,0,0,38484,0,0,0,1,1,1,1,0,0,0
65395,Klaxxi'va Ik,,,,1,7,0,0,44540,0,0,0,1,0,0,0,0,0,0
65396,Klaxxi'va Kor,,,,1,7,0,3,43459,0,0,0,1,0,0,0,0,0,0
65397,Klaxxi'va Krik,,,,1,7,0,3,43459,0,0,0,1,0,0,0,0,0,0
65398,Klaxxi'va Sra,,,,1,7,0,0,43459,0,0,0,1,0,0,0,0,0,0
65434,General Purpose Bunny ZTO,,,,0,10,0,0,1126,43983,0,0,0,1,0,0,0,0,0
65443,Bomb Target,,,,0,10,0,0,16480,21342,0,0,0,1,1,1,0,0,0
65445,Mantid,,,,0,7,0,0,44003,0,0,0,1,1,0,0,82849,0,0
65446,Goblin Captain,,,,0,7,0,0,44011,0,0,0,1,1,1,1,61620,0,0
65447,Goblin Marine,,,,0,7,0,0,44007,44008,44009,44010,1,1,1,1,88668,0,0
65449,Goblin Crew,,,,0,7,0,0,44012,44013,44014,44015,1,1,1,1,0,0,0
65561,Lorewalker Cho,,,,0,7,0,0,42688,0,0,0,1,1,1,1,0,0,0
65596,Lil' Canny,,,,0,9,0,0,29280,0,0,0,1,1,1,1,0,0,0
65630,ThunderKing,,,,1,7,0,0,44482,0,0,0,1,0,0,0,0,0,0
65648,Old MacDonald,,Master Pet Tamer,,0,7,0,0,44495,0,0,0,1,0,0,0,3367,0,0
65651,Lindsay,,Master Pet Tamer,,0,7,0,0,43517,0,0,0,1,0,0,0,0,0,0
65655,Eric Davidson,,Master Pet Tamer,,0,7,0,0,44498,0,0,0,1,0,0,0,0,0,0
65656,Bill Buckler,,Master Pet Tamer,,0,7,0,0,44500,0,0,0,1,0,0,0,0,0,0
65659,Teensy,,,,0,12,0,0,1418,0,0,0,1,0,1,1,0,0,0
65660,Clucks,,,,0,12,0,0,26184,0,0,0,1,1,1,1,0,0,0
65661,Foe Reaper 800,,,,0,12,0,0,45555,0,0,0,1,1,1,1,0,0,0
65662,Darkwidow,,,,0,12,0,0,368,0,0,0,1,1,1,1,0,0,0
65664,Blackfang,,,,0,12,0,0,43193,0,0,0,1,1,1,1,0,0,0
65665,Webwinder,,,,0,12,0,0,40337,0,0,0,1,1,1,1,0,0,0
65668,Flipsy,,,,0,12,0,0,36342,0,0,0,1,1,1,1,0,0,0
65675,Young Beaky,,,,1,12,0,0,45561,0,0,0,1,1,1,1,0,0,0
65676,Eyegouger,,,,1,12,0,0,45560,0,0,0,1,1,1,1,0,0,0
65677,Nanners,,,,0,12,0,0,29963,0,0,0,1,1,1,1,0,0,0
65725,Nimbus,,,,0,12,0,3,44550,0,0,0,1,0,0,0,0,0,0
65758,XE-321 Boombot,,,,0,9,0,0,19139,28575,26442,0,1,0,0,0,0,0,0
65763,Osul Treelauncher,,,,1,9,0,0,41444,0,0,0,1,0,0,0,0,0,0
65764,Osul Invader,,,,0,7,0,0,41417,41418,41419,41420,1,1,1,1,0,0,0
65766,Lao-Chin,,,,0,7,0,0,41790,0,0,0,1,1,1,1,79718,0,0
65767,Klaxxi'va Ik,,,,1,7,0,0,44594,0,0,0,1,0,0,0,0,0,0
65771,Lin Silentstrike,,,,0,7,0,0,42258,0,0,0,1,0,0,0,0,0,0
65780,Gong Da,,,,1,7,0,0,44597,0,0,0,1,0,0,0,0,0,0
65781,Suna Silentstrike,,,,0,7,0,0,41872,0,0,0,1,0,0,0,80285,74050,0
65782,Ban Bearheart,,,,0,7,0,0,41861,0,0,0,1,0,0,0,80274,73458,0
65825,Mr. Growls,,,,0,14,0,0,36549,0,0,0,1,1,1,1,0,0,0
65826,Mrs. Skitters,,,,0,14,0,0,43199,0,0,0,1,1,1,1,0,0,0
65827,Madam Flapsalot,,,,0,14,0,0,16731,0,0,0,1,1,1,1,0,0,0
65828,Sir Buckethead,,,,0,14,0,0,28734,0,0,0,1,1,1,1,0,0,0
65829,Ms. Croaker,,,,0,14,0,0,6297,0,0,0,1,1,1,1,0,0,0
65830,Lady Burninator,,,,0,14,0,0,42745,0,0,0,1,1,1,1,0,0,0
65831,Lord Landslide,,,,0,14,0,0,35015,0,0,0,1,1,1,1,0,0,0
65832,Boomy Jr.,,,,0,14,0,0,8909,0,0,0,1,1,1,1,0,0,0
65833,Miss Mystical,,,,0,14,0,0,39163,0,0,0,1,1,1,1,0,0,0
65834,Dr. Stinky,,,,0,14,0,0,31275,0,0,0,1,1,1,1,0,0,0
65843,Strongarm Gyrocopter,,,,1,9,0,3,44634,0,0,0,1,0,0,0,0,0,0
65895,Niuzao,,The Black Ox,,1,1,0,0,41837,0,0,0,1,0,0,0,0,0,0
65898,Chi-Ji,,The Red Crane,,1,1,0,0,40924,0,0,0,1,0,0,0,0,0,0
65902,Xuen,,,,1,1,0,0,41271,0,0,0,1,0,0,0,0,0,0
65904,Yu'lon,,The Jade Serpent,,1,1,303,0,40800,0,0,0,1,1,1,1,0,0,0
65961,Door to Vale,,,,0,7,0,0,44711,0,0,0,1,0,0,0,0,0,0
66036,Mantid Flyer,,,,1,7,0,3,44749,0,0,0,1,0,0,0,0,0,0
66053,Leven Dawnblade,,,,0,7,0,0,40175,0,0,0,1,1,1,1,80125,0,0
66055,Kun Autumnlight,,,,0,7,0,0,40182,0,0,0,1,1,1,1,80273,89102,0
66056,Anduin Wrynn,,Prince of Stormwind,,0,7,0,0,46095,0,0,0,1,0,0,0,0,0,0
66057,Rook Stonetoe,,,,0,7,0,0,40177,0,0,0,1,1,1,1,82272,0,0
66058,Zhi the Harmonious,,Caretaker,,0,7,0,0,44184,0,0,0,1,0,0,0,0,0,0
66059,He Softfoot,,,,0,7,0,0,40181,0,0,0,1,1,1,1,83071,83071,0
66061,Anji Autumnlight,,,,0,7,0,0,42710,0,0,0,1,1,1,1,43579,0,0
66064,Bartender Tomro,,Innkeeper,,0,7,0,0,39696,0,0,0,1,1,1,1,0,0,0
66065,Cook Tope,,,,0,7,0,0,42817,0,0,0,1,1,1,1,0,0,0
66066,Sunwalker Dezco,,Dawnchaser Chieftain,,1,7,0,0,40006,0,0,0,0,0,0,0,32450,73425,0
66072,Kun-Lai Refugee 01,,,,0,7,0,0,41222,41223,43335,43336,1,1,1,1,0,0,0
66074,Kun-Lai Refugee 02,,,,0,7,0,0,41150,41151,41221,43334,1,1,1,1,0,0,0
66104,Chi-Ji Kite,,,,0,12,0,0,44791,0,0,0,0,0,0,0,0,0,0
66105,Yu'lon Kite,,,,0,12,0,0,44792,0,0,0,0,0,0,0,0,0,0
66126,Zunta,,Aspiring Pet Tamer,,0,7,0,0,44805,0,0,0,1,1,1,1,0,0,0
66135,Dagra the Fierce,,Master Pet Tamer,,0,7,0,0,44809,0,0,0,1,0,0,0,0,0,0
66136,Analynn,,Master Pet Tamer,,0,7,0,0,44999,0,0,0,1,0,0,0,0,0,0
66144,Mumtar,,,,0,12,0,0,45564,0,0,0,1,1,1,1,0,0,0
66145,Spike,,,,0,12,0,0,45563,0,0,0,1,1,1,1,0,0,0
66154,Ripper,,,,0,12,0,0,45567,0,0,0,1,1,1,1,0,0,0
66155,Springtail,,,,0,12,0,0,45565,0,0,0,1,1,1,1,0,0,0
66156,Longneck,,,,0,12,0,0,45895,0,0,0,1,1,1,1,0,0,0
66212,Troll High-Priest,,,,0,7,0,0,44860,0,0,0,1,1,1,1,0,0,0
66278,Wild Imp,,,,0,3,0,0,21048,20104,39178,0,1,1,1,0,0,0,0
66292,Sky Admiral Rogers,,,,0,7,0,0,45220,0,0,0,1,1,1,1,0,0,0
66300,Skyfire Marine,,,,0,7,0,0,44977,44978,44979,44980,1,1,1,1,3364,4067,61576
66329,Flutterby,,,,0,12,0,0,45569,0,0,0,1,1,1,1,0,0,0
66330,Oozer,,,,0,12,0,0,36313,0,0,0,1,1,1,1,0,0,0
66331,Mister Pinch,,,,0,12,0,0,45568,0,0,0,1,1,1,1,0,0,0
66333,Acidous,,,,0,12,0,0,45570,0,0,0,1,1,1,1,0,0,0
66334,Odoron,,,,0,12,0,0,42670,0,0,0,1,1,1,1,0,0,0
66335,Constrictor,,,,0,12,0,0,1986,0,0,0,1,1,1,1,0,0,0
66352,Traitor Gluk,,Master Pet Tamer,,0,7,0,0,45025,0,0,0,1,0,0,0,0,0,0
66361,Prancer,,,,0,12,0,0,45576,0,0,0,1,1,1,1,0,0,0
66363,Rasp,,,,0,12,0,0,45574,0,0,0,1,1,1,1,0,0,0
66364,Glimmer,,,,0,12,303,3,45577,0,0,0,1,1,1,1,0,0,0
66365,Jade Tentacle,,,,0,12,0,0,45133,11686,0,0,0,1,0,0,0,0,0
66370,Admiral Rogers' Personal Gyrocopter,,,,0,9,0,3,44634,0,0,0,1,0,0,0,0,0,0
66375,Rockhide,,,,0,12,0,0,45572,0,0,0,1,1,1,1,0,0,0
66376,Ambershell,,,,0,12,0,0,45573,0,0,0,1,1,1,1,0,0,0
66377,Bounder,,,,0,12,0,0,43221,0,0,0,1,1,1,1,0,0,0
66398,Garrosh'ar Grunt,,,,0,7,0,0,46033,46035,46036,46037,1,1,1,1,0,0,0
66412,Elena Flutterfly,,Master Pet Tamer,,0,7,0,0,45078,0,0,0,1,1,1,1,0,0,0
66414,Lacewing,,,,0,12,0,3,39352,0,0,0,1,1,1,1,0,0,0
66416,Beacon,,,,0,12,0,3,45590,0,0,0,1,1,1,1,0,0,0
66417,Willow,,,,0,12,0,3,45589,0,0,0,1,1,1,1,0,0,0
66422,Cassandra Kaboom,,Master Pet Tamer,,0,7,0,0,45093,0,0,0,1,1,1,1,0,0,0
66427,Whirls,,,,1,12,0,0,45578,0,0,0,1,1,1,1,0,0,0
66428,Cluckatron,,,,1,12,0,0,45579,0,0,0,1,1,1,1,0,0,0
66429,Gizmo,,,,1,12,0,0,45580,0,0,0,1,1,1,1,0,0,0
66436,Grazzle the Great,,Master Pet Tamer,,0,7,0,0,45105,0,0,0,1,1,1,1,0,0,0
66438,Firetooth,,,,0,12,0,0,45581,0,0,0,1,1,1,1,0,0,0
66439,Flameclaw,,,,0,12,0,3,45582,0,0,0,1,1,1,1,0,0,0
66442,Zoltan,,Master Pet Tamer,,0,3,0,0,45110,0,0,0,1,1,1,1,0,0,0
66443,Ultramus,,,,0,12,0,0,45587,0,0,0,1,1,1,1,0,0,0
66444,Beamer,,,,0,12,0,2,45585,0,0,0,1,1,1,1,0,0,0
66445,Hatewalker,,,,0,12,0,0,45586,0,0,0,1,1,1,1,0,0,0
66448,Veiled Basilisk,,,,0,1,130,0,45505,45463,0,0,1,1,0,0,0,0,0
66450,Jade Tentacle,,,,0,12,0,0,45987,0,0,0,0,0,0,0,0,0,0
66452,Kela Grimtotem,,Master Pet Tamer,,0,3,0,0,45132,0,0,0,1,1,1,1,0,0,0
66453,Cho'guana,,,,0,12,0,0,45583,0,0,0,1,1,1,1,0,0,0
66454,Plague,,,,0,12,0,0,22175,0,0,0,1,1,1,1,0,0,0
66455,Indigon,,,,0,12,0,0,45584,0,0,0,1,1,1,1,0,0,0
66460,Skyfire Gyrocopter Pilot,,,,0,7,0,0,45156,45157,45158,45159,1,1,1,1,0,0,61576
66466,Stone Cold Trixxy,,Grand Master Pet Tamer,,0,3,0,0,45164,0,0,0,1,1,1,1,0,0,0
66468,Blizzy,,,,1,12,0,3,45591,0,0,0,1,1,1,1,0,0,0
66469,Frostmaw,,,,1,12,0,0,45637,0,0,0,1,1,1,1,0,0,0
66470,Tinygos,,,,1,12,0,3,45593,0,0,0,1,1,1,1,0,0,0
66473,Skyfire Gyrocopter,,,,1,9,0,3,44634,0,0,0,1,0,0,0,0,0,0
66478,David Kosse,,Master Pet Tamer,,0,7,0,0,45186,0,0,0,1,1,1,1,0,0,0
66481,Plop,,,,0,12,0,0,45594,0,0,0,1,1,1,1,0,0,0
66482,Corpsefeeder,,,,0,12,0,0,45595,0,0,0,1,1,1,1,0,0,0
66483,Subject 142,,,,0,12,0,0,45597,0,0,0,1,1,1,1,0,0,0
66485,Plaguebringer,,,,0,12,0,0,45599,0,0,0,1,1,1,1,0,0,0
66486,Bleakspinner,,,,0,12,0,0,45598,0,0,0,1,1,1,1,0,0,0
66487,Carrion,,,,0,12,0,0,20265,0,0,0,1,1,1,1,0,0,0
66488,Obsidion,,,,0,12,0,3,45600,0,0,0,1,1,1,1,0,0,0
66489,Veridia,,,,0,12,0,3,45601,0,0,0,1,1,1,1,0,0,0
66490,Garnestrasz,,,,0,12,0,3,45602,0,0,0,1,1,1,1,0,0,0
66491,Venus,,,,0,12,0,0,45195,0,0,0,1,1,1,1,0,0,0
66492,Anklor,,,,0,12,0,0,45606,0,0,0,1,1,1,1,0,0,0
66493,Croaker,,,,0,12,0,0,21950,0,0,0,1,1,1,1,0,0,0
66494,Dampwing,,,,0,12,0,3,45603,0,0,0,1,1,1,1,0,0,0
66495,Moltar,,,,0,12,0,0,45884,0,0,0,1,1,1,1,0,0,0
66496,Ignious,,,,0,12,0,0,45611,0,0,0,1,1,1,1,0,0,0
66497,Comet,,,,0,12,0,0,44533,0,0,0,1,1,1,1,0,0,0
66498,Nightstalker,,,,1,12,0,0,45612,0,0,0,1,1,1,1,0,0,0
66499,Bishibosh,,,,1,12,0,0,45613,0,0,0,1,1,1,1,0,0,0
66500,Jack,,,,1,12,0,0,21900,0,0,0,1,1,1,1,0,0,0
66512,Deiza Plaguehorn,,Master Pet Tamer,,0,7,0,0,45206,0,0,0,1,1,1,1,0,0,0
66515,Kortas Darkhammer,,Master Pet Tamer,,0,7,0,0,45211,0,0,0,1,1,1,1,0,0,0
66518,Everessa,,Master Pet Tamer,,0,7,0,0,45223,0,0,0,1,1,1,1,0,0,0
66520,Durin Darkhammer,,Master Pet Tamer,,0,7,0,0,45224,0,0,0,1,1,1,1,0,0,0
66522,Lydia Accoste,,Grand Master Pet Tamer,,0,7,0,0,45225,0,0,0,1,1,1,1,0,0,0
66523,UNUSED,,,,0,12,0,3,42467,0,0,0,1,1,1,1,0,0,0
66531,Sploder,,,,0,12,0,0,8189,0,0,0,1,1,1,1,0,0,0
66532,Goliath,,,,0,12,0,0,32670,0,0,0,1,1,1,1,0,0,0
66533,ED-005,,,,0,12,0,0,29279,0,0,0,1,1,1,1,0,0,0
66534,Fungor,,,,0,12,0,0,45614,0,0,0,1,1,1,1,0,0,0
66535,Tripod,,,,0,12,0,0,45615,0,0,0,1,1,1,1,0,0,0
66536,Glitterfly,,,,0,12,0,0,45616,0,0,0,1,1,1,1,0,0,0
66537,Stompy,,,,0,12,0,0,45618,0,0,0,1,1,1,1,0,0,0
66538,Dramaticus,,,,0,12,0,0,2838,0,0,0,1,1,1,1,0,0,0
66539,Prince Wart,,,,0,12,0,0,5379,0,0,0,1,1,1,1,0,0,0
66540,Cragmaw,,,,0,12,0,0,45619,0,0,0,1,1,1,1,0,0,0
66541,Gnasher,,,,0,12,0,0,45620,0,0,0,1,1,1,1,0,0,0
66542,Chomps,,,,0,12,0,0,45621,0,0,0,1,1,1,1,0,0,0
66543,Netherbite,,,,1,12,0,0,45622,0,0,0,1,1,1,1,0,0,0
66544,Jadefire,,,,1,12,0,0,51621,0,0,0,1,1,1,1,0,0,0
66545,Arcanus,,,,1,12,0,0,62384,0,0,0,1,1,1,1,0,0,0
66546,UNUSED,,,,0,12,0,0,42578,0,0,0,1,1,1,1,0,0,0
66547,UNUSED,,,,0,12,0,0,2177,0,0,0,1,1,1,1,0,0,0
66548,UNUSED,,,,0,12,0,0,19600,0,0,0,1,1,1,1,0,0,0
66550,Nicki Tinytech,,Master Pet Tamer,,0,7,0,0,45230,0,0,0,1,1,1,1,0,0,0
66551,Ras'an,,Master Pet Tamer,,0,7,0,0,45231,0,0,0,1,1,1,1,0,0,0
66552,Narrok,,Master Pet Tamer,,0,7,0,0,45232,0,0,0,1,1,1,1,0,0,0
66553,Morulu The Elder,,Master Pet Tamer,,0,7,0,0,21344,0,0,0,1,1,1,1,0,0,0
66557,Bloodknight Antari,,Grand Master Pet Tamer,,0,7,0,0,45238,0,0,0,1,1,1,1,0,0,0
66561,Gorma Asaan,,Master Pet Tamer,,0,7,0,0,19626,0,0,0,1,1,1,1,0,0,0
66566,UNUSED,,,,0,12,0,0,29331,0,0,0,1,1,1,1,0,0,0
66579,Widow Spiderling,,,,0,14,0,0,35424,0,0,0,1,0,0,0,0,0,0
66580,Spider,,,,0,14,0,0,44816,20923,0,0,1,1,1,1,0,0,0
66583,Taran Zhu,,Lord of the Shado-Pan,,1,7,0,0,45518,0,0,0,1,0,0,0,0,0,0
66601,Son of the Flame,,,,0,4,0,0,8409,0,0,0,1,0,0,0,0,0,0
66603,Rell Nightwind,,SI:7,,0,7,0,0,38873,0,0,0,0,0,0,0,5285,5285,0
66610,UNUSED,,,,0,12,0,0,14273,0,0,0,1,1,1,1,0,0,0
66611,UNUSED,,,,0,12,0,0,36605,0,0,0,1,1,1,1,0,0,0
66612,UNUSED,,,,0,12,0,0,37154,0,0,0,1,1,1,1,0,0,0
66613,Warble,,,,0,12,0,0,45624,0,0,0,1,1,1,1,0,0,0
66614,Gobbles,,,,0,12,0,0,45625,0,0,0,1,1,1,1,0,0,0
66615,Dinner,,,,0,12,0,0,45626,0,0,0,1,1,1,1,0,0,0
66616,Mort,,,,0,12,0,0,45629,0,0,0,1,1,1,1,0,0,0
66618,Stitch,,,,0,12,0,0,45628,0,0,0,1,1,1,1,0,0,0
66619,Spooky Strangler,,,,0,12,0,0,45630,0,0,0,1,1,1,1,0,0,0
66620,Rot,,,,0,12,0,3,45632,0,0,0,1,1,1,1,0,0,0
66621,UNUSED,,,,0,12,0,3,6290,0,0,0,1,1,1,1,0,0,0
66623,UNUSED,,,,0,12,0,3,6288,0,0,0,1,1,1,1,0,0,0
66624,Blight,,,,0,12,0,0,45634,0,0,0,1,1,1,1,0,0,0
66626,Fleshrender,,,,0,12,0,0,45635,0,0,0,1,1,1,1,0,0,0
66627,Cadavus,,,,0,12,0,0,37327,0,0,0,1,1,1,1,0,0,0
66628,Bloom,,,,1,12,0,0,19290,0,0,0,1,1,1,1,0,0,0
66629,Beakmaster X-225,,,,1,12,0,0,45636,0,0,0,1,1,1,1,0,0,0
66631,Grizzle,,,,1,12,0,0,23947,0,0,0,1,1,1,1,0,0,0
66635,Beegle Blastfuse,,Master Pet Tamer,,0,7,0,0,45259,0,0,0,1,1,1,1,0,0,0
66636,Nearly Headless Jacob,,Master Pet Tamer,,0,7,0,0,45260,0,0,0,1,1,1,1,0,0,0
66638,Okrut Dragonwaste,,Master Pet Tamer,,0,7,0,0,45261,0,0,0,1,1,1,1,0,0,0
66639,Gutretch,,Master Pet Tamer,,0,7,0,0,24992,0,0,0,1,1,1,1,0,0,0
66641,Skyfire Marine,,,,0,7,0,0,44977,44978,44979,44980,1,1,1,1,61576,0,61576
66656,General Nazgrim,,,,0,7,0,0,42562,0,0,0,1,0,0,0,0,0,0
66663,Mantid Flyer,,,,1,7,0,3,45274,0,0,0,1,0,0,0,0,0,0
66664,Subjugated Drake,,,,1,12,0,0,12869,0,0,0,1,1,1,1,0,0,0
66669,Dragonwaste Enslaver,,,,0,7,0,0,45279,0,0,0,1,1,1,1,0,0,0
66674,Gunship Turret,,,,0,9,0,0,44851,0,0,0,0,0,0,0,0,0,0
66675,Major Payne,,Grand Master Pet Tamer,,0,7,0,0,45283,0,0,0,1,1,1,1,0,0,0
66697,Rell Nightwind,,SI:7,,0,7,0,0,38873,0,0,0,0,0,0,0,0,0,0
66709,Dor the Wall,,,,0,12,0,0,27677,0,0,0,1,1,1,1,0,0,0
66710,Fangor,,,,0,12,0,0,45649,0,0,0,1,1,1,1,0,0,0
66711,Skyshaper,,,,0,12,0,0,45617,0,0,0,1,1,1,1,0,0,0
66712,Woodcarver,,,,0,12,0,0,45080,0,0,0,1,1,1,1,0,0,0
66713,Needleback,,,,0,12,0,0,45653,0,0,0,1,1,1,1,0,0,0
66714,Lightstalker,,,,0,12,0,3,36955,0,0,0,1,1,1,1,0,0,0
66715,Brood of Mothallus,,,,0,12,0,0,45099,0,0,0,1,1,1,1,0,0,0
66716,Toothbreaker,,,,0,12,0,0,45652,0,0,0,1,1,1,1,0,0,0
66718,Siren,,,,0,12,0,0,45651,0,0,0,1,1,1,1,0,0,0
66719,Bleat,,,,0,12,0,0,45654,0,0,0,1,1,1,1,0,0,0
66720,Lapin,,,,0,12,0,0,23926,0,0,0,1,1,1,1,0,0,0
66721,Piqua,,,,0,12,0,0,30971,0,0,0,1,1,1,1,0,0,0
66722,Mutilator,,,,0,12,0,0,40121,0,0,0,1,1,1,1,0,0,0
66723,Pounder,,,,0,12,0,0,45658,0,0,0,1,1,1,1,0,0,0
66724,Crusher,,,,0,12,0,0,45657,0,0,0,1,1,1,1,0,0,0
66725,Whiskers,,,,1,12,0,0,45660,0,0,0,1,1,1,1,0,0,0
66726,Stormlash,,,,1,12,0,0,45661,0,0,0,1,1,1,1,0,0,0
66727,Krik'thik Infiltrator,,,,1,7,0,0,43117,0,0,0,0,0,0,0,84769,0,0
66728,Chirrup,,,,1,12,0,0,43352,0,0,0,1,1,1,1,0,0,0
66730,Hyuna of the Shrines,,Grand Master Pet Tamer,,0,7,0,0,45322,0,0,0,1,1,1,1,0,0,0
66733,Mo'ruk,,Grand Master Pet Tamer,,0,7,0,0,45324,0,0,0,1,1,1,1,0,0,0
66734,Farmer Nishi,,Grand Master Pet Tamer,,0,7,0,0,45325,0,0,0,1,1,1,1,0,0,0
66738,Courageous Yon,,Grand Master Pet Tamer,,0,7,0,0,45326,0,0,0,1,1,1,1,0,0,0
66739,Wastewalker Shu,,Grand Master Pet Tamer,,0,7,0,0,45327,0,0,0,1,1,1,1,0,0,0
66741,Aki the Chosen,,Grand Master Pet Tamer,,0,7,0,0,45329,0,0,0,1,1,1,1,0,0,0
66747,Bloody Pool,,,,0,6,0,0,30707,39810,0,0,0,1,0,0,0,0,0
66796,Captain Doren,,,,0,7,0,0,45057,0,0,0,1,1,1,1,49719,49616,0
66802,Fracture,,,,0,12,0,0,33293,0,0,0,1,1,1,1,0,0,0
66804,Crystallus,,,,0,12,0,0,45645,0,0,0,1,1,1,1,0,0,0
66805,Ruby,,,,0,12,0,0,36436,0,0,0,1,1,1,1,0,0,0
66806,Incinderous,,,,0,12,0,0,5990,0,0,0,1,1,1,1,0,0,0
66807,Ashtail,,,,0,12,0,0,45643,0,0,0,1,1,1,1,0,0,0
66808,Kali,,,,0,12,0,0,45644,0,0,0,1,1,1,1,0,0,0
66809,Helios,,,,0,12,0,0,67596,0,0,0,1,1,1,1,0,0,0
66810,Amythel,,,,0,12,0,0,19634,0,0,0,1,1,1,1,0,0,0
66811,Twilight,,,,0,12,0,0,45646,0,0,0,1,1,1,1,0,0,0
66812,Clatter,,,,1,12,0,0,34913,0,0,0,1,1,1,1,0,0,0
66813,Spring,,,,1,12,0,2,45647,0,0,0,1,1,1,1,0,0,0
66814,Pyth,,,,1,12,0,0,45648,0,0,0,1,1,1,1,0,0,0
66815,Bordin Steadyfist,,Master Pet Tamer,,0,7,0,0,45375,0,0,0,1,1,1,1,0,0,0
66819,Brok,,Master Pet Tamer,,0,7,0,0,45379,0,0,0,1,1,1,1,0,0,0
66822,Goz Banefury,,Master Pet Tamer,,0,7,0,0,45380,0,0,0,1,1,1,1,0,0,0
66824,Obalis,,Grand Master Pet Tamer,,0,7,0,0,45381,0,0,0,1,1,1,1,0,0,0
66855,Rell Nightwind,,SI:7,,0,7,0,0,38873,0,0,0,0,0,0,0,0,0,0
66856,Sky Admiral Rogers,,,,0,7,0,0,45220,0,0,0,1,0,0,0,0,0,0
66865,Bix Bomblobber,,,,0,7,0,0,45420,0,0,0,1,0,0,0,0,0,0
66866,Scarfang,,,,0,7,0,0,45421,0,0,0,1,0,0,0,0,0,0
66871,Weili the Wise,,,,0,7,0,0,45425,0,0,0,1,0,0,0,0,0,0
66872,Furious Fan,,,,0,7,0,0,45426,0,0,0,1,0,0,0,0,0,0
66896,Strongarm Gyrocopter,,,,1,10,0,0,37616,0,0,0,1,0,0,0,0,0,0
66897,Strongarm Gyrocopter,,,,1,10,0,0,36372,11686,0,0,0,1,0,0,0,0,0
66913,Stormwind to Pandatia - Alliance intro Scene - CLIENT-SIDE - JSB,,,,1,7,0,0,34004,34005,0,0,3,1,0,0,1899,143,2551
66915,Kor'kron Elite,,,,1,7,0,0,14360,0,0,0,1,0,0,0,30178,0,0
66918,Seeker Zusshi,,Grand Master Pet Tamer,,0,7,0,0,45504,0,0,0,1,1,1,1,0,0,0
66919,"Sully ""The Pickle"" McLeary",,SI:7,,0,7,0,0,38872,0,0,0,0,0,0,0,0,0,0
66921,Mishka,,SI:7,,0,7,0,0,38870,0,0,0,0,0,0,0,0,0,49761
66922,Amber Kearnen,,SI:7,,0,7,0,0,38876,0,0,0,0,0,0,0,0,0,0
66923,Skimmer,,,,0,12,0,0,45655,0,0,0,1,1,1,1,0,0,0
66924,Nimm Codejack,,SI:7,,0,7,0,0,38875,0,0,0,0,0,0,0,0,0,0
66925,Mollus,,,,0,12,0,0,32661,0,0,0,1,1,1,1,0,0,0
66926,Diamond,,,,0,12,0,0,45656,0,0,0,1,1,1,1,0,0,0
66927,Nodd Codejack,,SI:7,,0,7,0,0,38871,0,0,0,0,0,0,0,4994,0,0
66930,Burgle,,,,1,12,0,0,45562,0,0,0,1,1,1,1,0,0,0
66931,Stormwind Soldier,,,,0,7,0,0,45506,32652,32652,45507,1,1,1,1,1899,143,0
66942,Sha Haunt,,,,6,4,0,0,40884,0,0,0,1,0,0,0,0,0,0
66950,Pandaren Water Spirit,,,,0,12,0,0,45942,0,0,0,1,1,1,1,0,0,0
66961,General Nazgrim,,,,0,7,0,0,42562,0,0,0,1,0,0,0,0,0,0
66964,Dipsy,,,,0,12,0,0,45556,0,0,0,1,1,1,1,0,0,0
66965,Flufftail,,,,0,12,0,0,45557,0,0,0,1,1,1,1,0,0,0
66966,Blaze,,,,0,12,0,3,30356,0,0,0,1,1,1,1,0,0,0
66982,Emeralda,,,,0,12,0,0,45559,0,0,0,1,1,1,1,0,0,0
66983,Moonstalker,,,,0,12,0,0,45639,0,0,0,0,0,0,0,0,0,0
66984,Baneling,,,,0,12,0,0,45527,0,0,0,1,1,1,1,0,0,0
66993,Helena Stanton,,Master Pet Tamer,,0,7,0,0,45532,0,0,0,1,1,1,1,0,0,0
66996,Sleet,,,,0,12,0,3,45633,0,0,0,1,1,1,1,0,0,0
66997,Drogar,,,,0,12,0,3,45631,0,0,0,1,1,1,1,0,0,0
67003,Taran Zhu,,Lord of the Shado-Pan,,1,7,0,0,45518,0,0,0,1,0,0,0,0,0,0
67011,Garrosh'ar Grunt,,,,0,7,0,0,45548,45549,45550,45551,1,1,1,1,0,0,0
67022,Wanderer's Festival Hatchling,,,,6,14,0,0,44779,0,0,0,1,0,0,0,0,0,0
67063,Skyfire Bomber,,,,1,9,0,0,26556,0,0,0,1,0,0,0,0,0,0
67067,Rell's Gyrocopter,,,,1,9,0,3,44634,0,0,0,1,0,0,0,0,0,0
67068,Rell's Gyrocopter,,,,1,9,0,3,44634,0,0,0,1,0,0,0,0,0,0
67158,Kor'kron Elite,,,,1,7,0,0,14360,0,0,0,1,0,0,0,30178,0,0
67159,Tiger Temple Monk,,,,0,7,0,0,45929,45928,0,0,1,1,1,1,0,0,0
67230,Imperial Moth,,,,0,12,0,3,44551,0,0,0,1,1,1,1,0,0,0
67233,Imperial Silkworm,,,,0,12,0,0,40521,0,0,0,1,1,1,1,0,0,0
67249,Pandaren Slave,,,,0,7,0,0,42300,42301,42302,42303,1,1,0,0,0,0,0
67262,Bruce,,,,1,1,6,0,37748,0,0,0,1,1,1,1,0,0,0
67268,Sanoriak,,,,1,7,0,0,8329,0,0,0,1,1,1,1,0,0,0
67269,Kirrawk,,,,1,7,0,0,19606,0,0,0,1,1,1,1,87999,0,0
67281,Grease Worker,,,,0,7,0,0,46126,46126,46131,46132,1,1,1,1,31824,0,0
67304,Shieldwall Footman,,,,0,7,0,0,46148,46149,0,0,1,1,1,1,21573,1203,0
67319,Darkmoon Hatchling,,,,0,12,0,0,46163,0,0,0,1,0,0,0,0,0,0
67329,Darkmoon Glowfly,,,,0,14,0,3,46171,0,0,0,0,0,0,0,0,0,0
67332,Darkmoon Eye,,,,0,12,0,3,46174,0,0,0,0,0,0,0,0,0,0
67334,Bloodhilt Honor Guard,,,,0,7,0,0,47197,47199,0,0,1,1,1,1,30178,0,0
67344,Swift Gray Wolf,,,,6,1,0,0,14574,0,0,0,1,1,1,1,0,0,0
67359,Skyfire Gyrocopter X2,,,,1,9,0,3,44634,0,0,0,1,0,0,0,0,0,0
67370,Jeremy Feasel,,Master Pet Tamer,,0,7,0,0,46188,0,0,0,0,0,0,0,0,0,0
67382,Fezwick,,,,0,12,0,0,46192,0,0,0,0,0,0,0,0,0,0
67383,Honky-Tonk,,,,0,12,0,0,46193,0,0,0,0,0,0,0,0,0,0
67384,Judgment,,,,0,12,0,3,46174,0,0,0,0,0,0,0,0,0,0
67386,Sky Admiral Rogers,,,,1,7,0,0,45220,0,0,0,1,0,0,0,0,0,0
67387,Tinkmaster Overspark,,Chief Architect of Gnomish Engineering,,0,7,0,2,46545,0,0,0,100,0,0,0,1903,0,0
67395,Beachhead Demolisher,,,,1,9,0,0,28823,0,0,0,1,0,0,0,0,0,0
67424,Battletron,,,,1,9,0,0,16348,0,0,0,0,0,0,0,0,0,0
67443,Crow,,,,0,12,0,3,36743,0,0,0,0,0,0,0,0,0,0
67461,Warlord Bloodhilt,,,,1,7,0,0,46247,0,0,0,1,0,0,0,14824,0,0
67485,Dominika the Illusionist,,,,1,7,0,0,46257,0,0,0,0,1,1,1,126760,0,0
67487,Bo Bobble,,G.G. Engineering,,1,7,0,0,46312,0,0,0,1,1,1,1,0,11200,206672
67488,Max Megablast,,G.G. Engineering,,1,7,0,0,47014,0,0,0,1,1,1,1,49617,0,28581
67493,Siege-o-Matic 4000,,,,6,9,0,3,28830,0,0,0,1,0,0,0,0,0,0
67496,Distract-o-Matic 9000,,,,1,9,0,3,15382,0,0,0,1,1,1,1,0,0,0
67511,Queasy,,,,1,7,0,0,20648,0,0,0,0,1,1,1,2695,0,0
67524,Riddoh,,,,1,7,0,0,30418,0,0,0,1,1,1,1,0,0,0
67525,Fran,,,,1,7,0,0,46295,0,0,0,1,1,1,1,0,0,0
67560,King Varian Wrynn,,King of Stormwind,,1,7,0,0,47029,0,0,0,1,1,1,1,45899,0,0
67573,Meatball,,,,1,7,0,0,137795,0,0,0,1,1,1,1,192563,192563,0
67579,Vian the Volatile,,,,1,7,0,0,41230,0,0,0,1,1,1,1,89144,0,0
67588,Akama,,,,1,7,0,0,47188,0,0,0,0,1,1,1,30699,30699,0
67591,Millie Watt,,Ultra-Master Engineeress,,1,7,0,0,46332,0,0,0,1,1,1,1,0,0,91901
67594,Blat,,,,1,15,0,0,46333,0,0,0,0,1,1,1,0,0,0
67607,Ultra-Kerploder 2500,,Limited Edition,,1,9,0,0,19139,0,0,0,1,0,0,0,0,0,0
67634,Well Supplied Buff Bunny,,,,0,10,0,0,16480,21342,0,0,0,1,0,0,0,0,0
67666,Well Fed Buff Bunny,,,,0,10,0,0,16480,21342,0,0,0,1,0,0,0,0,0
67678,Dark Summoner,,,,1,6,0,0,27706,138940,0,0,0,1,1,1,181323,0,0
67679,Eternal Strider,,,,0,8,0,0,43798,0,0,0,1,1,1,1,0,0,0
67687,Special Attack Manager,,,,0,10,0,0,16480,21342,0,0,0,1,0,0,0,0,0
67733,Inspired Buff Bunny,,,,0,10,0,0,16480,21342,0,0,0,1,0,0,0,0,0
67761,Chi-Ji,,The Red Crane,,1,1,0,0,46475,0,0,0,1,0,0,0,0,0,0
67765,Skyfire Gyrocopter Pilot,,,,0,7,0,0,45156,45157,45158,45159,1,1,0,0,1829,0,47014
67768,Swamp Hopper,,,,0,8,0,0,43344,43352,0,0,1,1,1,1,0,0,0
67771,Amberglow Firefly,,,,0,8,0,3,46171,0,0,0,1,0,0,0,0,0,0
67801,High Marshal Twinbraid,,,,1,7,0,0,46911,0,0,0,1,0,0,0,43008,0,42484
67808,JINYU Manual Labor Bunny,,,,0,10,0,0,16480,21342,0,0,0,1,0,0,0,0,0
67817,Bubble Trap Vehicle,,,,0,10,0,0,16480,21342,0,0,0,1,0,0,0,0,0
67822,Lion's Landing Elite,,,,1,7,0,0,46466,46467,46468,46469,1,1,1,1,37120,21572,0
67867,Garrosh Hellscream,,Warchief,,1,7,0,0,32904,0,0,0,1,0,0,0,30414,0,0
67897,Gnomish Flying Machine,,,,1,9,0,3,27665,0,0,0,1,0,0,0,0,0,0
67936,GNOME Manual Labor Bunny,,,,0,10,0,0,16480,21342,0,0,0,1,0,0,0,0,0
67938,Well Lubricated Buff Bunny,,,,0,10,0,0,16480,21342,0,0,0,1,0,0,0,0,0
67941,Oily Serpent,,,,0,8,0,0,45649,0,0,0,1,1,1,1,0,0,0
67959,Tinkmaster Overspark,,Chief Architect of Gnomish Engineering,,0,7,0,0,7028,0,0,0,100,0,0,0,1903,0,0
67961,GNOME Gadget Bunny,,,,0,10,0,0,16480,21342,0,0,0,1,0,0,0,0,0
67967,Shieldwall Mecha-Pounder,,,,1,9,0,0,46557,0,0,0,1,0,0,0,0,0,0
67973,Genn Greymane,,,,1,7,0,0,29613,0,0,0,1,0,0,0,46737,0,0
67975,Inspired Buff Bunny,,,,0,10,0,0,16480,21342,0,0,0,1,0,0,0,0,0
67976,Tinkmaster Overspark,,Chief Architect of Gnomish Engineering,,0,7,0,0,7028,0,0,0,100,0,0,0,1903,0,0
68003,The Monkey King,,,,1,7,0,0,46707,0,0,0,1,0,0,0,92961,0,0
68004,Anduin Wrynn,,Prince of Stormwind,,0,7,0,0,46095,0,0,0,1,0,0,0,0,0,0
68005,The Jade Warlord,,,,1,7,0,0,46564,0,0,0,1,0,0,0,82348,0,0
68018,Jubeka Shadowbreaker,,Master Demonologist,,0,7,0,0,46572,0,0,0,1,0,0,0,0,0,0
68019,Kanrethad Ebonlocke,,Leader of the Black Harvest,,0,7,0,0,46573,0,0,0,1,0,0,0,0,0,0
68025,Thrall,,,,1,7,0,0,38689,0,0,0,1,1,1,1,56228,0,0
68038,Aggra,,,,1,7,0,0,48082,0,0,0,1,0,0,0,58137,57763,0
68052,Sunreaver Citizen,,,,0,7,0,0,46605,46606,46607,46608,1,1,1,1,0,0,0
68059,Thrall,,,,1,7,0,0,38689,0,0,0,1,1,1,1,56228,0,0
68084,Lor'themar Theron,,Regent Lord of Quel'Thalas,,1,7,0,0,17122,0,0,0,0,1,1,1,168606,0,0
68098,Ashtongue Worker,,,,0,7,0,0,20422,21117,21115,21118,1,0,0,0,14707,0,0
68101,DWARF Manual Labor Bunny,,,,0,10,0,0,16480,21342,0,0,0,1,0,0,0,0,0
68103,Inspired Buff Bunny,,,,0,10,0,0,16480,21342,0,0,0,1,0,0,0,0,0
68106,Anduin Wrynn,,Prince of Stormwind,,0,7,0,0,46095,0,0,0,1,0,0,0,0,0,0
68108,Lady Jaina Proudmoore,,Leader of the Kirin Tor,,1,7,0,0,46819,0,0,0,1,1,1,1,0,0,0
68116,Loaded for Bear Buff Bunny,,,,0,10,0,0,16480,21342,0,0,0,1,0,0,0,0,0
68138,Rocket Chicken,,,,0,12,0,0,46653,0,0,0,1,1,1,1,0,0,0
68145,Legion Satyr,,,,0,3,0,0,2878,0,0,0,0,0,0,0,14874,14874,0
68147,Illidari Satyr,,,,0,3,0,0,2687,0,0,0,0,0,0,0,14874,14874,0
68150,Anduin Wrynn,,Prince of Stormwind,,0,7,0,0,46095,0,0,0,1,0,0,0,0,0,0
68151,Essence of Order,,,,1,10,0,3,21484,0,0,0,0,0,0,0,0,0,0
68210,Dwarf Construction Site,,,,0,10,0,0,16480,21342,0,0,0,1,0,0,0,0,0
68213,Work Complete,,,,0,10,0,0,16480,21342,0,0,0,1,0,0,0,0,0
68214,Jinyu Construction Site,,,,0,10,0,0,16480,21342,0,0,0,1,0,0,0,0,0
68235,Genn Greymane,,,,1,7,0,0,29613,0,0,0,1,0,0,0,46737,0,0
68250,Unguloxx,,The Murderaffe,,1,1,151,0,39166,0,0,0,1,1,1,1,0,0,0
68251,Mazhareen,,,,1,1,0,0,28649,0,0,0,1,1,1,1,0,0,0
68252,Proboskus,,,,1,1,0,0,47187,0,0,0,1,1,1,1,0,0,0
68253,Ixx,,,,1,1,0,0,15655,0,0,0,1,1,1,1,0,0,0
68254,King Kulaka,,,,1,1,0,0,82974,0,0,0,1,1,1,1,0,0,0
68255,Dippy,,,,1,1,0,0,47244,0,0,0,1,1,1,1,0,0,0
68256,Yikkan Izu,,,,1,1,26,0,21492,0,0,0,1,1,1,1,0,0,0
68257,Goredome,,,,1,1,0,0,140905,0,0,0,1,1,1,1,0,0,0
68263,Pandaren Fireworks,,,,0,10,0,0,46718,0,0,0,0,1,0,0,0,0,0
68267,Cinder Kitten,,,,0,12,0,0,46720,0,0,0,1,0,0,0,0,0,0
68278,Lor'themar Theron,,Regent Lord of Quel'Thalas,,1,7,0,0,17122,0,0,0,0,1,1,1,168606,0,0
68287,Baine Bloodhoof,,High Chieftain,,1,7,0,0,30272,0,0,0,1,1,1,1,58367,0,0
68289,Xi'ri,,,,1,10,0,0,20306,0,0,0,0,0,0,0,0,0,0
68303,PANDAREN Manual Labor Bunny,,,,0,10,0,0,16480,21342,0,0,0,1,0,0,0,0,0
68305,Smash Hoofstomp,,,,1,7,0,0,46739,0,0,0,1,0,0,0,34819,39384,0
68324,Hair of the Dog Buff Bunny,,,,0,10,0,0,16480,21342,0,0,0,1,0,0,0,0,0
68327,Volatile Firefly,,,,0,8,0,0,44536,0,0,0,1,1,1,1,0,0,0
68330,Cauldron Bunny,,,,0,10,0,0,16480,21342,0,0,0,1,0,0,0,0,0
68357,Shan Kien,,Korune Warlord,,1,7,0,0,46749,0,0,0,0,0,0,0,0,0,0
68358,Dreadweaver Avartu,,,,1,7,0,0,46752,0,0,0,0,0,0,0,0,0,0
68359,Pandaren ASLEEP Bunny,,,,0,10,0,0,16480,21342,0,0,0,1,0,0,0,0,0
68396,Rocks,,,,0,7,0,0,46771,0,0,0,1,0,0,0,0,0,0
68412,Iron Fisted Buff Bunny,,,,0,10,0,0,16480,21342,0,0,0,1,0,0,0,0,0
68415,Crypt Bunny,,,,0,7,0,0,36372,11686,0,0,0,1,0,0,0,0,0
68462,Flowing Pandaren Spirit,,Grand Master Pet Tamer,,0,4,0,0,40357,0,0,0,1,1,1,1,0,0,0
68463,Burning Pandaren Spirit,,Grand Master Pet Tamer,,0,4,0,0,42932,0,0,0,1,1,1,1,0,0,0
68464,Whispering Pandaren Spirit,,Grand Master Pet Tamer,,0,4,0,0,46807,0,0,0,1,1,1,1,0,0,0
68465,Thundering Pandaren Spirit,,Grand Master Pet Tamer,,0,4,0,0,46808,0,0,0,1,1,1,1,0,0,0
68466,Pandaren Fire Spirit,,,,0,12,0,0,46809,0,0,0,1,1,1,1,0,0,0
68467,Pandaren Air Spirit,,,,0,12,0,0,46810,0,0,0,1,1,1,1,0,0,0
68468,Pandaren Earth Spirit,,,,0,12,0,0,46811,0,0,0,1,1,1,1,0,0,0
68474,Commander Scargash,,,,1,7,0,0,46813,0,0,0,0,1,1,1,34693,0,0
68476,Horridon,,,,1,1,138,0,47325,0,0,0,1,1,1,1,0,0,0
68477,Kor'kron Sentry,,,,1,7,0,0,46373,0,0,0,1,0,0,0,43175,49728,0
68482,Silvermoon Scholar,,,,0,7,0,0,46601,46173,46172,46602,1,1,1,1,0,0,0
68500,Heavy Metal Buff Bunny,,,,0,10,0,0,16480,21342,0,0,0,1,0,0,0,0,0
68502,Spectral Cub,,,,0,12,0,0,30409,0,0,0,1,1,1,1,0,0,0
68506,Sumprush Rodent,,,,0,14,0,0,40714,40717,0,0,1,1,0,0,0,0,0
68509,Rocket Chicken,,,,0,12,0,0,46825,0,0,0,1,1,1,1,0,0,0
68511,Narrator,,,,0,7,0,0,36372,11686,0,0,0,1,0,0,0,0,0
68513,Sumprush Rodent,,,,0,10,0,0,40714,40717,0,0,1,1,0,0,0,0,0
68518,GNOME Trap Bunny,,,,0,10,0,0,16480,21342,0,0,0,1,0,0,0,0,0
68555,Ka'wi the Gorger,,,,1,14,0,0,46862,0,0,0,1,0,0,0,0,0,0
68558,Gorespine,,,,1,14,0,0,47740,0,0,0,1,0,0,0,0,0,0
68559,No-No,,,,1,14,0,0,47754,0,0,0,1,0,0,0,0,0,0
68560,Greyhoof,,Calf of Darkhide,,1,14,156,0,47742,0,0,0,1,0,0,0,0,0,0
68561,Lucky Yi,,,,1,14,0,0,42986,0,0,0,1,0,0,0,0,0,0
68562,Ti'un the Wanderer,,,,1,14,0,0,47743,0,0,0,1,0,0,0,0,0,0
68563,Kafi,,,,1,14,0,0,47744,0,0,0,1,0,0,0,0,0,0
68564,Dos-Ryga,,,,1,14,0,3,41372,0,0,0,1,0,0,0,0,0,0
68565,Nitun,,The Midnight Plunderer,,1,14,0,0,47745,0,0,0,1,0,0,0,0,0,0
68566,Skitterer Xi'a,,,,1,14,0,0,44096,0,0,0,1,0,0,0,0,0,0
68567,Crimson,,,,0,12,0,0,14779,0,0,0,1,0,1,1,0,0,0
68568,Glowy,,,,0,12,0,0,42926,0,0,0,1,0,1,1,0,0,0
68569,Marley,,,,0,12,0,0,46863,0,0,0,1,0,1,1,0,0,0
68570,Tiptoe,,,,0,12,0,0,40002,0,0,0,1,0,1,1,0,0,0
68571,Whispertail,,,,0,12,0,0,44445,0,0,0,1,0,1,1,0,0,0
68572,Sludgy,,,,0,12,0,0,42781,0,0,0,1,0,1,1,0,0,0
68573,Darnak the Tunneler,,,,0,12,0,0,1418,0,0,0,1,0,1,1,0,0,0
68575,Dusty,,,,0,12,0,0,20749,0,0,0,1,0,1,1,0,0,0
68577,Pandaren Water Spirit,,,,0,12,0,0,39741,0,0,0,1,1,1,1,0,0,0
68578,Pandaren Earth Spirit,,,,0,12,0,0,40079,0,0,0,1,1,1,1,0,0,0
68579,Pandaren Air Spirit,,,,0,12,0,0,41252,0,0,0,1,1,1,1,0,0,0
68580,Pandaren Fire Spirit,,,,0,12,0,0,39747,0,0,0,1,1,1,1,0,0,0
68601,Clock'em,,,,0,12,0,0,46882,0,0,0,1,0,0,0,93023,93023,0
68609,Lady Jaina Proudmoore,,Leader of the Kirin Tor,,1,7,0,0,47143,0,0,0,1,0,0,0,153575,0,0
68612,Skyglaive Sentinel,,,,1,7,0,0,47045,47046,47047,47048,1,1,1,1,5599,0,0
68613,Displaced Sunreaver,,,,0,7,0,0,46605,46606,46607,46608,1,1,1,1,0,0,0
68651,Lady Jaina Proudmoore,,Leader of the Kirin Tor,,1,7,0,0,46819,0,0,0,1,0,0,0,153575,0,0
68652,Lady Jaina Proudmoore,,Leader of the Kirin Tor,,1,7,0,0,46819,0,0,0,1,0,0,0,153575,0,0
68654,Stitched Pup,,,,0,12,0,0,46921,0,0,0,1,1,1,1,0,0,0
68655,Mr. Bigglesworth,,,,0,12,0,0,46897,0,0,0,1,1,1,1,0,0,0
68656,Giant Bone Spider,,,,0,12,0,0,46898,0,0,0,1,1,1,1,0,0,0
68657,Fungal Abomination,,,,0,12,0,0,46896,0,0,0,1,1,1,1,0,0,0
68658,Mini Mindslayer,,,,0,12,0,0,46909,0,0,0,1,1,1,1,0,0,0
68659,Anubisath Idol,,,,0,12,0,0,46922,0,0,0,1,1,1,1,0,0,0
68660,Viscidus Globule,,,,0,12,0,0,46924,0,0,0,1,1,1,1,0,0,0
68661,Untamed Hatchling,,,,0,12,0,0,46903,0,0,0,1,1,1,1,0,0,0
68662,Chrominius,,,,0,12,0,0,46925,0,0,0,1,1,1,1,0,0,0
68663,Death Talon Whelpguard,,,,0,12,0,0,46905,0,0,0,1,1,1,1,0,0,0
68664,Corefire Imp,,,,0,12,0,0,46923,0,0,0,1,1,1,1,0,0,0
68665,Harbinger of Flame,,,,0,12,0,0,46900,0,0,0,1,1,1,1,0,0,0
68666,Ashstone Core,,,,0,12,0,0,46902,0,0,0,1,1,1,1,0,0,0
68677,Lady Jaina Proudmoore,,Leader of the Kirin Tor,,1,7,0,0,47143,0,0,0,1,0,0,0,153575,0,0
68683,NIGHT ELF Manual Labor Bunny,,,,0,10,0,0,16480,21342,0,0,0,1,0,0,0,0,0
68689,Lady Jaina Proudmoore,,Leader of the Kirin Tor,,1,7,0,0,46819,0,0,0,1,0,0,0,153575,0,0
68690,King Varian Wrynn,,King of Stormwind,,1,7,0,0,28127,0,0,0,1,1,1,1,0,0,0
68702,Night Elf Buff Bunny,,,,0,10,0,0,16480,21342,0,0,0,1,0,0,0,0,0
68749,Lady Jaina Proudmoore,,Leader of the Kirin Tor,,1,7,0,0,46819,0,0,0,1,0,0,0,153575,0,0
68766,Defiant Sunreaver,,,,0,7,0,0,46605,46606,46607,46608,1,1,1,1,0,0,0
68771,Grand Armored Gryphon,,,,0,1,160,0,46929,0,0,0,0,0,0,0,0,0,0
68773,Grand Armored Wyvern,,,,0,1,160,0,46930,0,0,0,0,0,0,0,0,0,0
68776,Inspired Buff Bunny,,,,0,10,0,0,16480,21342,0,0,0,1,0,0,0,0,0
68777,The Monkey King,,,,1,7,0,0,46707,0,0,0,1,0,0,0,92961,0,0
68795,Anduin Wrynn,,Prince of Stormwind,,0,7,0,0,46095,0,0,0,1,0,0,0,0,0,0
68804,Harpy Youngling,,,,0,14,0,3,46936,0,0,0,0,0,0,0,0,0,0
68805,Stunted Yeti,,,,0,14,0,0,46937,0,0,0,0,0,0,0,0,0,0
68806,Lofty Libram,,,,0,14,0,0,46938,0,0,0,0,1,1,1,0,0,0
68812,Anduin Wrynn,,Prince of Stormwind,,0,7,0,0,46095,0,0,0,1,0,0,0,0,0,0
68817,Finale Controller Bunny,,,,0,7,0,0,36372,11686,0,0,0,1,0,0,0,0,0
68819,Arcane Eye,,,,0,14,0,3,46941,0,0,0,0,0,0,0,0,0,0
68820,Infinite Whelpling,,,,0,14,0,2,47636,0,0,0,1,0,0,0,0,0,0
68837,Gnomish Flying Machine,,,,1,9,0,3,27665,0,0,0,1,0,0,0,0,0,0
68838,Fluxfire Feline,,,,0,14,0,0,46947,0,0,0,1,1,1,1,0,0,0
68839,Anodized Robo Cub,,,,0,14,0,0,46948,0,0,0,1,1,1,1,0,0,0
68841,Cogblade Raptor,,,,0,14,0,0,47021,0,0,0,1,1,1,1,0,0,0
68842,Tyrande Whisperwind,,High Priestess of Elune,,1,7,0,0,39620,0,0,0,1,1,1,1,0,0,77364
68845,Nexus Whelpling,,,,0,14,0,2,47635,0,0,0,1,0,0,0,0,0,0
68846,Kun-Lai Runt,,,,0,14,0,0,46953,0,0,0,1,0,0,0,0,0,0
68850,Emerald Proto-Whelp,,,,0,14,0,3,46954,0,0,0,1,1,1,1,0,0,0
68880,Kor'kron Slayer,,,,0,7,0,0,46759,47000,47001,47002,1,1,0,0,28920,0,0
68881,Anduin Wrynn,,Prince of Stormwind,,0,7,0,0,46095,0,0,0,1,0,0,0,93242,0,0
68882,Garrosh Hellscream,,Warchief,,1,7,0,0,32904,0,0,0,1,0,0,0,23459,0,0
68894,Pandaren Construction Site,,,,0,10,0,0,16480,21342,0,0,0,1,0,0,0,0,0
68895,Pandaren Construction Site,,,,0,10,0,0,16480,21342,0,0,0,1,0,0,0,0,0
68896,Night Elf Construction Site,,,,0,10,0,0,16480,21342,0,0,0,1,0,0,0,0,0
68897,Night Elf Construction Site,,,,0,10,0,0,16480,21342,0,0,0,1,0,0,0,0,0
68898,Jinyu Construction Site,,,,0,10,0,0,16480,21342,0,0,0,1,0,0,0,0,0
68899,Gnome Construction Site,,,,0,10,0,0,16480,21342,0,0,0,1,0,0,0,0,0
68900,Gnome Construction Site,,,,0,10,0,0,16480,21342,0,0,0,1,0,0,0,0,0
68901,Dwarf Construction Site,,,,0,10,0,0,16480,21342,0,0,0,1,0,0,0,0,0
68904,Suen,,Mistress of Anger,,1,7,0,0,46974,0,0,0,1,1,1,1,93774,93778,0
68905,Lu'lin,,Mistress of Solitude,,1,7,0,0,46975,0,0,0,1,1,1,1,93776,93780,0
68918,Divine Bell Bunny,,,,0,7,0,0,36372,11686,0,0,0,1,0,0,0,0,0
68921,King Varian Wrynn,,King of Stormwind,,1,7,0,0,28127,0,0,0,1,1,1,1,0,0,0
68922,Lady Jaina Proudmoore,,Leader of the Kirin Tor,,1,7,0,0,46819,0,0,0,1,1,1,1,153575,0,0
68925,Young Varian Wrynn,,,,1,7,0,0,47044,0,0,0,1,0,0,0,0,0,0
68927,Tong the Fixer,,Innkeeper,,0,7,0,0,42784,0,0,0,1,0,0,0,0,0,0
68937,Finale Controller Bunny,,,,0,7,0,0,36372,11686,0,0,0,1,0,0,0,0,0
68966,Lady Jaina Proudmoore,,Leader of the Kirin Tor,,1,7,0,0,46819,0,0,0,1,0,0,0,153575,0,0
68970,Vol'jin,,,,1,7,0,0,31232,0,0,0,1,0,0,0,0,0,0
68972,Lady Jaina Proudmoore,,Leader of the Kirin Tor,,1,7,0,0,46819,0,0,0,1,1,1,1,153575,0,0
68978,Sunreaver Refugee,,,,0,7,0,0,46605,46606,46607,46608,1,1,1,1,0,0,0
69018,Totally Generic Bunny (JSB),,,,0,10,0,0,16480,21342,0,0,0,1,0,0,0,0,0
69025,Commander Scargash,,,,1,7,0,0,46813,0,0,0,0,1,0,0,0,0,0
69026,King Varian Wrynn,,King of Stormwind,,1,7,0,0,28127,0,0,0,1,1,1,1,0,0,0
69028,Generic Client-Side Bunny,,,,0,10,0,0,328,11686,0,0,0,1,0,0,0,0,0
69045,Garrosh,,Son of Hellscream,,0,7,0,0,17452,0,0,0,0,0,0,0,0,0,0
69048,Sylvanas Windrunner (High Elf),,,,1,7,0,0,28213,0,0,0,1,0,0,0,0,0,0
69161,Oondasta,,,,1,1,39,0,47257,0,0,0,1,1,1,1,0,0,0
69170,Zandalari Commoner,,,,0,7,0,0,47371,47372,0,0,1,1,0,0,0,0,0
69208,Gusting Grimoire,,,,0,12,0,3,47348,0,0,0,0,1,1,1,0,0,0
69257,Anduin Wrynn,,Prince of Stormwind,,0,7,0,0,46095,0,0,0,1,0,0,0,12748,0,0
69294,Zandalari Bloodguard,,,,0,7,0,0,48123,0,0,0,1,1,1,1,94106,0,0
69295,Zandalari Acolyte,,,,0,7,0,0,47398,47400,47401,47402,1,1,1,1,91390,95495,0
69296,Zandalari Soultwister,,,,0,7,0,0,47390,47391,47392,47393,1,1,1,1,0,0,0
69601,Heavy Explosives,,,,0,10,0,0,16480,21342,0,0,0,1,1,1,0,0,0
69648,Thundertail Flapper,,,,0,14,0,0,47633,0,0,0,1,1,1,1,0,0,0
69649,Red Panda,,,,0,12,0,0,47634,0,0,0,1,1,1,1,0,0,0
69651,War-God Al'chukla,,,,0,7,0,0,47638,0,0,0,1,0,0,0,0,0,0
69652,Shan Bu,,,,1,7,0,0,41140,0,0,0,1,0,0,0,82347,0,0
69654,Lei Shen,,The Thunder King,,1,7,0,0,46770,0,0,0,1,0,0,0,0,0,0
69748,Living Sandling,,,,0,12,0,0,47252,0,0,0,1,1,1,1,0,0,0
69755,War-God Al'chukla,,,,0,7,0,0,47668,0,0,0,1,1,1,1,0,0,0
69778,Sunreaver Micro-Sentry,,,,0,12,0,0,47848,0,0,0,1,1,1,1,0,0,0
69782,Wrathion,,The Black Prince,,1,2,0,0,48189,0,0,0,1,0,0,0,0,0,0
69794,Electrified Razortooth,,,,0,14,0,0,47690,0,0,0,1,1,1,1,0,0,0
69796,Zandalari Kneebiter,,,,0,14,0,0,47731,0,0,0,1,1,1,1,0,0,0
69818,Elder Python,,,,0,14,0,0,47887,47994,0,0,1,1,1,1,0,0,0
69819,Swamp Croaker,,,,0,14,0,0,47989,47990,0,0,1,1,1,1,0,0,0
69820,Son of Animus,,,,0,12,0,0,47708,0,0,0,1,1,1,1,0,0,0
69848,Spectral Porcupette,,,,0,12,0,0,47732,0,0,0,1,1,1,1,0,0,0
69849,Stunted Direhorn,,,,0,14,0,0,48211,0,0,0,1,1,1,1,0,0,0
69888,Ra-den,,Fallen Keeper of Storms,,1,7,0,0,47739,0,0,0,0,0,0,0,0,0,0
69890,Blue Panda,,,,0,12,0,0,47746,0,0,0,1,1,1,1,0,0,0
69891,Sunfur Panda,,,,0,12,0,0,47747,0,0,0,1,1,1,1,0,0,0
69892,Mountain Panda,,,,0,12,0,0,47748,0,0,0,1,1,1,1,0,0,0
69893,Snowy Panda,,,,0,12,0,0,47749,0,0,0,1,1,1,1,0,0,0
69915,King Rastakhan,,,,1,7,0,0,77461,0,0,0,1,1,1,1,161023,0,0
69918,Zul the Prophet,,,,1,7,0,0,84351,0,0,0,1,1,1,1,0,161068,0
69945,Zandalari Honor Guard,,,,0,7,0,0,47779,0,0,0,1,1,0,0,94105,94195,33790
69950,Naga Vision,,,,0,7,0,0,32475,32585,31063,31814,1,1,1,1,0,0,0
70052,Demonic Soulwell,,,,0,11,0,0,47843,0,0,0,0,0,0,0,0,0,0
70068,Ahoo'ru,,The Unsullied,,1,7,0,0,47854,0,0,0,1,1,1,1,49721,76315,0
70082,Pierre,,,,0,12,0,0,47711,0,0,0,1,1,1,1,0,0,0
70083,Pygmy Direhorn,,,,0,14,0,0,48212,0,0,0,1,1,1,1,0,0,0
70084,Terenas Menethil,,,,1,7,0,0,47863,0,0,0,100,0,0,0,39659,0,0
70098,Spawn of G'nathus,,,,0,14,0,0,48091,0,0,0,1,1,1,1,0,0,0
70116,Mogu Civilian,,,,0,7,0,0,47872,0,0,0,1,0,0,0,0,0,0
70144,Ji-Kun Hatchling,,,,0,12,0,0,48001,0,0,0,1,1,1,1,0,0,0
70154,Direhorn Runt,,,,0,14,0,0,48213,0,0,0,1,1,1,1,0,0,0
70225,Wrathion,,The Black Prince,,1,2,0,0,497,0,0,0,1,0,0,0,0,0,0
70257,Tiny Red Carp,,,,0,12,0,3,47959,0,0,0,1,1,1,1,0,0,0
70258,Tiny Blue Carp,,,,0,12,0,3,47957,0,0,0,1,1,1,1,0,0,0
70259,Tiny Green Carp,,,,0,12,0,3,47958,0,0,0,1,1,1,1,0,0,0
70260,Tiny White Carp,,,,0,12,0,3,47960,0,0,0,1,1,1,1,0,0,0
70261,Placeholder Creature,,,,0,12,0,3,47961,0,0,0,1,1,1,1,0,0,0
70279,Moira Thaurissan,,Dark Iron Queen Regent,,1,7,0,0,47977,0,0,0,1,1,1,1,95049,12865,0
70335,Ji Firepaw,,Master of Huojin,,0,7,0,0,39637,0,0,0,1,1,1,1,0,0,0
70438,Wrathion,,The Black Prince,,1,2,0,0,497,0,0,0,1,0,0,0,0,0,0
70451,Zandalari Anklerender,,,,0,14,0,0,48055,0,0,0,1,1,1,1,0,0,0
70452,Zandalari Footslasher,,,,0,14,0,0,48056,0,0,0,1,1,1,1,0,0,0
70453,Zandalari Toenibbler,,,,0,14,0,0,48057,0,0,0,1,1,1,1,0,0,0
70473,Frostmane Headhunter,,,,0,7,0,0,48077,48078,48079,0,1,1,1,1,60822,60822,0
70476,Wrathion,,The Black Prince,,1,2,0,0,48189,0,0,0,1,0,0,0,0,0,0
70543,Zandalari Hatemonger,,,,1,7,0,0,48110,0,0,0,1,1,1,1,94849,0,0
70626,Abyssal,,,,0,3,19,0,51650,0,0,0,1,1,1,1,0,0,0
70656,Nibbleh,,,,1,1,35,0,74713,0,0,0,1,1,1,1,0,0,0
70694,Big Badda Boom,,,,1,9,0,0,48269,0,0,0,0,0,0,0,0,0,0
70707,Gruul the Dragonkiller,,,,1,5,0,0,18698,0,0,0,1,0,0,0,0,0,0
70733,Tyson Sanders,,Purveyor of Ill-Tempered Fowl,,1,7,0,0,48286,0,0,0,1,1,1,1,0,0,0
70739,Doctor FIST,,,,1,7,0,0,48298,0,0,0,0,1,1,1,70217,70218,0
70789,Zandalari Rage Banner,,,,0,11,0,0,48462,0,0,0,1,1,1,1,0,0,0
70799,King Varian Wrynn,,King of Stormwind,,1,7,0,0,28127,0,0,0,1,1,1,1,0,0,0
70859,Thrall,,,,1,7,0,0,53057,0,0,0,1,0,0,0,109674,0,0
70863,Grulloc,,Son of Gruul,,1,5,0,0,54770,0,0,0,1,0,0,0,0,0,0
70879,Frostwolf Greyfur,,,,1,7,0,0,52019,0,0,0,1,0,0,0,10612,10612,0
70902,Roona,,,,0,7,0,0,54782,0,0,0,1,0,0,0,0,0,0
70909,Ga'nar,,,,1,7,0,0,49191,0,0,0,1,0,0,0,111299,111299,0
70920,Frostfire Gronn,,,,1,5,0,0,55754,0,0,0,2,3,2,0,0,0,0
70921,Wrathion,,The Black Prince,,1,2,0,0,48889,0,0,0,1,0,0,0,0,0,0
70938,Frostwolf Greyfur,,,,1,7,0,0,52019,0,0,0,1,0,0,0,10612,10612,0
70968,Kor'kron Warmonger,,,,0,7,0,0,14360,14361,14362,14363,1,1,1,1,5289,0,0
70971,Sen'jin Guardian,,,,0,7,0,0,31737,31738,0,0,1,1,1,1,57025,58939,5262
70972,Sen'jin Watcher,,,,0,7,0,0,31839,31840,31842,31841,1,1,1,1,1904,0,5262
70974,Temple Doors,,,,0,10,0,0,48511,0,0,0,0,0,0,0,0,0,0
70978,Vol'jin,,,,1,7,0,0,31232,0,0,0,1,0,0,0,0,0,0
70980,Seer Hao Pham Roo,,,,0,7,0,0,48516,0,0,0,1,0,0,0,0,0,0
70986,Kor'kron Lieutenant,,,,0,7,0,0,48518,48542,0,0,1,1,1,1,5289,0,0
70989,Yu'lon,,The Jade Serpent,,1,1,303,0,48524,0,0,0,1,1,1,1,0,0,0
71003,Wrathion,,The Black Prince,,1,2,0,0,48888,0,0,0,1,0,0,0,0,0,0
71008,Kor'kron Paratrooper,,,,0,7,0,0,48537,48538,0,0,1,1,1,1,89156,89157,0
71014,Lil' Bad Wolf,,,,0,12,0,0,48878,0,0,0,1,1,1,1,0,0,0
71015,Menagerie Custodian,,,,0,12,0,0,48857,0,0,0,1,1,1,1,0,0,0
71016,Netherspace Abyssal,,,,0,12,0,0,48856,0,0,0,1,1,1,1,0,0,0
71017,Tideskipper,,,,0,12,0,0,48855,0,0,0,1,1,1,1,0,0,0
71018,Tainted Waveling,,,,0,12,0,0,48666,0,0,0,1,1,1,1,0,0,0
71019,Coilfang Stalker,,,,0,12,0,0,48661,0,0,0,1,1,1,1,0,0,0
71020,Pocket Reaver,,,,0,12,0,0,48664,0,0,0,1,1,1,1,0,0,0
71021,Lesser Voidcaller,,,,0,12,0,0,48668,0,0,0,1,1,1,1,0,0,0
71022,Phoenix Hawk Hatchling,,,,0,12,0,3,48663,0,0,0,1,1,1,1,0,0,0
71023,Tito,,,,0,12,0,0,48667,0,0,0,1,1,1,1,0,0,0
71029,Yu'lon Challenge Gong,,,,0,10,0,0,48534,0,0,0,0,0,0,0,0,0,0
71033,Fiendish Imp,,,,0,12,0,0,48662,0,0,0,1,1,1,1,0,0,0
71039,Barrens Caravan Cart,,,,0,10,0,0,36555,0,0,0,0,0,0,0,0,0,0
71040,Barrens Caravan Kodo,,,,0,1,0,0,29225,0,0,0,0,0,0,0,0,0,0
71044,Kil'rek,,,,0,12,0,0,48875,0,0,0,1,1,1,1,0,0,0
71063,Seer Hao Pham Roo,,,,0,7,0,0,48516,0,0,0,1,0,0,0,0,0,0
71065,Taran Zhu,,Lord of the Shado-Pan,,1,7,0,0,45518,0,0,0,1,1,1,1,14879,0,0
71066,Kor'kron Overseer,,,,0,7,0,0,48620,48621,48622,48623,1,1,1,1,14823,14818,0
71083,Taran Zhu,,Lord of the Shado-Pan,,1,7,0,0,45518,0,0,0,1,1,1,1,14879,0,0
71089,Sunwalker Dezco,,Dawnchaser Chieftain,,1,7,0,0,40006,0,0,0,0,0,0,0,32450,73425,0
71105,Wrathion,,The Black Prince,,1,2,0,0,48889,0,0,0,1,0,0,0,82770,0,0
71108,Wrathion,,The Black Prince,,1,2,0,0,48888,0,0,0,1,0,0,0,82770,0,0
71109,Xuen Challenge Gong,,,,0,10,0,0,48534,0,0,0,0,0,0,0,0,0,0
71113,Kor'kron Deadeye,,,,0,7,0,0,48611,48609,48608,48610,1,1,1,1,61969,0,97695
71114,Kor'kron Visionary,,,,0,7,0,0,48612,48613,48614,48615,1,1,1,1,53108,2051,0
71116,Kor'kron Battlewolf,,,,0,1,1,0,17408,247,0,0,1,1,0,0,0,0,0
71126,Swift Blue Raptor,,,,0,1,0,0,14339,0,0,0,1,1,1,1,0,0,0
71127,Swift Olive Raptor,,,,0,1,0,0,14344,0,0,0,1,1,1,1,0,0,0
71128,Swift Orange Raptor,,,,0,1,0,0,14342,0,0,0,1,1,1,1,0,0,0
71132,Zulu de Voice,,,,0,7,0,0,48598,0,0,0,1,1,1,1,0,0,0
71139,Wrathion,,The Black Prince,,1,2,0,0,48889,0,0,0,1,0,0,0,0,0,0
71142,Wrathion,,The Black Prince,,1,2,0,0,48889,0,0,0,1,0,0,0,0,0,0
71144,Niuzao,,The Black Ox,,1,1,0,0,41837,0,0,0,1,0,0,0,0,0,0
71146,Niuzao Challenge Gong,,,,0,10,0,0,48534,0,0,0,0,0,0,0,0,0,0
71147,Vol'jin,,,,1,7,0,0,31232,0,0,0,1,0,0,0,0,0,0
71148,Vol'jin,,,,1,7,0,0,31232,0,0,0,1,0,0,0,0,0,0
71149,Thrall,,,,1,7,0,0,35571,0,0,0,1,0,0,0,56228,0,0
71150,Chen Stormstout,,,,1,7,0,0,39698,0,0,0,1,0,0,0,0,0,0
71151,Baine Bloodhoof,,High Chieftain,,1,7,0,0,30272,0,0,0,1,1,1,1,58367,0,0
71159,Gahz'rooki,,,,0,14,0,0,48651,0,0,0,1,0,0,0,0,0,0
71163,Unborn Val'kyr,,,,0,14,0,3,48650,0,0,0,1,1,1,1,0,0,0
71165,Wrathion,,The Black Prince,,1,2,0,0,48889,0,0,0,1,0,0,0,0,0,0
71166,Wrathion,,The Black Prince,,1,2,0,0,48888,0,0,0,1,0,0,0,0,0,0
71169,Chi-Ji,,The Red Crane,,1,1,0,0,46475,0,0,0,1,0,0,0,0,0,0
71170,Chi-Ji Challenge Gong,,,,0,10,0,0,48534,0,0,0,0,0,0,0,0,0,0
71172,Darkspear Bat Rider,,,,0,7,0,0,34207,34208,34209,34211,1,1,1,1,13631,0,0
71173,Darkspear Bat,,,,0,1,0,3,1566,0,0,0,1,1,1,1,0,0,0
71199,Living Fluid,,,,0,14,0,0,48704,0,0,0,1,0,0,0,0,0,0
71200,Viscous Horror,,,,0,14,0,0,48705,0,0,0,1,0,0,0,0,0,0
71201,Filthling,,,,0,14,0,0,48708,0,0,0,1,0,0,0,0,0,0
71224,Bom'bay's Spirit Drum,,,,0,10,0,0,48701,0,0,0,1,0,0,0,0,0,0
71249,Baine Bloodhoof,,High Chieftain,,1,7,0,0,30272,0,0,0,1,1,1,1,58367,0,0
71250,Vol'jin,,,,1,7,0,0,31232,0,0,0,1,0,0,0,0,0,0
71260,Enchanted Fey Dragon,,,,0,2,0,0,59583,0,0,0,0,0,0,0,0,0,0
71263,Darkspear Captive,,,,0,7,0,0,34207,34208,34209,34211,1,1,1,1,0,0,0
71269,VO Bunny,,,,0,10,0,0,16480,21342,0,0,0,1,0,0,0,0,0
71275,Darkspear Captive,,,,0,7,0,0,34207,34208,34209,34211,1,1,1,1,0,0,0
71281,Sen'jin Guardian,,,,0,7,0,0,48600,48601,48598,48599,1,1,1,1,57025,58939,5262
71282,Sen'jin Watcher,,,,0,7,0,0,48606,48603,48605,48602,1,1,1,1,1904,0,5262
71283,Sen'jin Watcher,,,,0,7,0,0,31839,31840,31842,31841,1,1,1,1,1904,0,5262
71285,Sen'jin Guardian,,,,0,7,0,0,31738,31737,0,0,1,1,1,1,57025,58939,5262
71288,Kor'kron Augur,,,,0,7,0,0,48736,48737,48739,48739,1,1,1,1,12786,39288,0
71290,Darkspear Bat Rider,,,,0,7,0,0,34207,34208,34209,34211,1,1,1,1,13631,0,0
71291,Darkspear Bat,,,,0,1,0,3,1566,0,0,0,1,1,1,1,0,0,0
71305,Sen'jin Guardian,,,,0,7,0,0,31737,0,0,0,1,1,1,1,0,0,0
71306,Sen'jin Guardian,,,,0,7,0,0,31738,0,0,0,1,1,1,1,0,0,0
71307,Sen'jin Watcher,,,,0,7,0,0,31839,0,0,0,1,1,1,1,0,0,0
71308,Sen'jin Watcher,,,,0,7,0,0,31841,0,0,0,1,1,1,1,0,0,0
71317,Wrathion,,The Black Prince,,1,2,0,0,48888,0,0,0,1,0,0,0,82770,0,0
71319,Sen'jin Watcher,,,,0,7,0,0,31839,31840,31842,31841,1,1,1,1,1904,0,5262
71344,Thrall,,,,1,7,0,0,35571,0,0,0,1,1,1,1,56228,0,0
71345,Chen Stormstout,,,,1,7,0,0,39698,0,0,0,1,1,1,1,0,0,0
71352,Wrathion,,The Black Prince,,1,2,0,0,48888,0,0,0,1,0,0,0,82770,0,0
71373,Darkspear Captive,,,,0,7,0,0,31737,0,0,0,1,0,0,0,0,0,0
71374,Darkspear Captive,,,,0,7,0,0,31841,0,0,0,1,0,0,0,0,0,0
71375,Darkspear Captive,,,,0,7,0,0,31839,0,0,0,1,0,0,0,0,0,0
71377,Darkspear Captive,,,,0,7,0,0,31738,0,0,0,1,0,0,0,0,0,0
71387,Wrathion,,The Black Prince,,1,2,0,0,48888,0,0,0,1,0,0,0,82770,0,0
71404,Wrathion,,The Black Prince,,1,2,0,0,48888,0,0,0,1,0,0,0,82770,0,0
71424,Wrathion,,The Black Prince,,1,2,0,0,48888,0,0,0,1,0,0,0,0,0,0
71426,Wrathion,,The Black Prince,,1,2,0,0,48889,0,0,0,1,0,0,0,82770,0,0
71429,Clean Waveling,,,,0,12,0,0,30159,0,0,0,1,1,1,1,0,0,0
71434,Image of Xuen,,,,0,10,0,3,48873,0,0,0,1,0,0,0,0,0,0
71435,Image of Yu'lon,,,,0,10,0,3,48874,0,0,0,1,0,0,0,0,0,0
71438,Doopy,,,,1,14,0,0,48877,0,0,0,1,0,0,0,0,0,0
71439,Image of Niuzao,,,,0,10,0,3,48879,0,0,0,1,0,0,0,0,0,0
71441,Image of Chi-ji,,,,0,10,0,3,48882,0,0,0,1,0,0,0,0,0,0
71457,Honor's Stand Gyrocopter,,,,1,9,0,3,44634,0,0,0,1,0,0,0,0,0,0
71488,Blossoming Ancient,,,,0,12,0,0,48934,48935,48932,48933,1,1,1,1,0,0,0
71502,Ariaana,,,,0,7,0,0,19091,0,0,0,1,0,0,0,0,0,0
71504,Siegecrafter Blackfuse,,Blackfuse Company,,1,9,0,0,49329,0,0,0,1,1,1,1,0,0,0
71510,Vragor,,Exile Shaman,,1,7,0,0,49107,0,0,0,1,0,0,0,0,0,0
71514,Gong,,,,0,10,0,0,48534,0,0,0,0,0,0,0,0,0,0
71589,Big Blossom Digger,,,,0,7,0,0,48228,48229,49040,49041,1,1,1,1,1910,0,0
71600,Patchfur Yapper,,The Loaner,,0,1,0,0,49064,0,0,0,1,0,0,0,0,0,0
71646,Captive Gronn,,,,1,5,0,0,54403,0,0,0,1,0,0,0,0,0,0
71655,Zeradar,,,,0,12,0,0,64587,0,0,0,1,1,1,1,0,0,0
71663,Frost Wolf Pup,,,,6,1,0,0,11416,0,0,0,1,0,0,0,0,0,0
71669,Kur'ak the Binder,,,,0,7,0,0,53072,0,0,0,1,0,0,0,49656,0,49656
71693,Rascal-Bot,,,,0,12,0,0,49084,0,0,0,1,1,1,1,0,0,0
71700,Crafty,,,,0,14,0,0,49086,0,0,0,1,1,1,1,0,0,0
71717,Vragor,,Exile Shaman,,1,7,0,0,49107,0,0,0,1,0,0,0,0,0,0
71718,Big Blossom Digger,,,,0,7,0,0,49043,49042,48228,48229,1,1,1,1,1910,0,0
71725,Sharpeye,,,,0,1,0,0,49067,0,0,0,1,0,0,0,0,0,0
71728,Cleft Scrounger,,,,0,1,25,0,2715,0,0,0,1,0,0,0,0,0,0
71729,Bloodbeak Scavenger,,,,6,1,7,3,49097,0,0,0,1,0,0,0,0,0,0
71769,Vragor,,Exile Shaman,,1,7,0,0,49107,0,0,0,1,0,0,0,0,0,0
71777,Vragor,,Exile Shaman,,1,7,0,0,49107,0,0,0,1,0,0,0,0,0,0
71780,Frostwolf Greyfur,,,,1,7,0,0,52019,0,0,0,1,0,0,0,10612,10612,0
71783,Vragor,,Exile Shaman,,1,7,0,0,49107,0,0,0,1,0,0,0,0,0,0
71794,Crafty the Clever,,,,0,7,0,0,15093,0,0,0,1,0,0,0,0,0,0
71812,Vragor's Earth Totem,,,,0,11,0,0,30757,0,0,0,0,0,0,0,0,0,0
71816,Angara,,,,1,12,0,0,42229,0,0,0,1,1,1,1,0,0,0
71819,Vragor,,Exile Shaman,,1,7,0,0,49107,0,0,0,1,0,0,0,0,0,0
71844,Widowling,,,,0,12,0,0,40337,0,0,0,1,1,1,1,0,0,0
71863,Gorgrond Wasp,,,,0,1,0,3,44536,0,0,0,1,0,0,0,0,0,0
71865,Garrosh Hellscream,,Warchief,,1,7,0,0,49585,0,0,0,1,1,1,1,101441,0,0
71870,Gorgrond Roach,,,,0,1,0,0,48476,48477,0,0,1,1,0,0,0,0,0
71875,Frost Wolf Mount,,,,0,1,0,0,52642,0,0,0,1,0,0,0,0,0,0
71879,Frostwolf Exile,,,,1,7,0,0,48480,0,0,0,1,0,0,0,72279,0,0
71887,Quilen Pup,,,,0,12,0,0,43255,0,0,0,1,1,1,1,0,0,0
71888,Baby Phoenix,,,,0,12,0,0,23574,0,0,0,1,1,1,1,0,0,0
71890,Grekpaw,,,,0,12,0,0,42701,0,0,0,1,1,1,1,0,0,0
71891,Baby Mantid Colossus,,,,0,12,0,0,48853,0,0,0,1,1,1,1,0,0,0
71892,Cloud Serpent,,,,0,12,0,0,43876,0,0,0,1,1,1,1,0,0,0
71893,Amber Scorpling,,,,0,12,0,0,49178,0,0,0,1,1,1,1,0,0,0
71894,Firepaw,,,,0,12,0,0,46720,0,0,0,1,1,1,1,0,0,0
71895,Cloud Serpent,,,,0,12,0,0,44445,0,0,0,1,1,1,1,0,0,0
71896,Cloud Serpent,,,,0,12,0,0,43874,0,0,0,1,1,1,1,0,0,0
71897,Nairn,,,,0,12,0,0,49299,0,0,0,1,1,1,1,0,0,0
71898,Summer,,,,0,12,0,0,51599,0,0,0,1,1,1,1,0,0,0
71899,Quake,,,,0,12,0,0,41076,0,0,0,1,1,1,1,0,0,0
71900,Azurespine,,,,0,12,0,0,49179,0,0,0,1,1,1,1,0,0,0
71901,Venom,,,,0,12,0,0,49180,0,0,0,1,1,1,1,0,0,0
71902,Wolvy,,,,0,12,0,0,49181,0,0,0,1,1,1,1,0,0,0
71905,Charlie,,,,0,12,0,0,47690,0,0,0,1,1,1,1,0,0,0
71922,Meat Spike,,,,0,10,0,0,49198,0,0,0,1,0,0,0,0,0,0
71924,Wrathion,,The Black Prince,,0,2,0,0,39797,0,0,0,1,1,1,1,82770,0,0
71926,Lorewalker Cho,,,,0,10,0,0,41918,0,0,0,1,0,0,0,0,0,0
71927,Chen Stormstout,,,,0,7,0,0,39698,0,0,0,0,0,0,0,0,0,0
71929,"Sully ""The Pickle"" McLeary",,SI:7,,0,7,0,0,38872,0,0,0,0,0,0,0,0,0,0
71930,Shademaster Kiryn,,,,0,7,0,0,39039,0,0,0,1,0,0,0,0,0,0
71931,Taran Zhu,,Lord of the Shado-Pan,,0,7,0,0,45518,0,0,0,1,1,1,1,14879,0,0
71932,Wise Mari,,Waterspeaker,,0,7,0,0,41125,0,0,0,1,0,0,0,0,0,0
71933,Blingtron 4000,,,,0,9,0,0,44567,0,0,0,1,0,0,0,0,0,0
71934,Dr. Ion Goldbloom,,Jurassic Expedition,,0,7,0,0,47835,0,0,0,1,0,0,0,0,0,0
71942,"Xu-Fu, Cub of Xuen",,,,0,12,0,0,49846,0,0,0,1,1,1,1,0,0,0
71959,Gom,,,,1,5,0,0,51860,0,0,0,1,0,0,0,0,0,0
71991,Mastiff,,,,0,1,0,0,30221,30222,30223,30224,1,1,1,1,0,0,0
71998,Trogg,,,,0,1,0,0,4905,160,0,0,1,1,0,0,0,0,0
72009,"Xu-Fu, Cub of Xuen",,,,1,14,0,0,49262,0,0,0,1,0,0,0,0,0,0
72028,Drifter,,,,0,4,0,0,5494,0,0,0,1,0,0,0,0,0,0
72053,Trike,,,,0,12,0,0,48211,0,0,0,1,1,1,1,0,0,0
72054,Screamer,,,,0,12,0,3,49282,0,0,0,1,1,1,1,0,0,0
72055,Chaos,,,,0,12,0,0,51712,0,0,0,1,1,1,1,0,0,0
72097,Stormoen,,,,0,12,0,0,46947,0,0,0,1,1,1,1,0,0,0
72098,Au,,,,0,12,0,0,49288,0,0,0,1,1,1,1,0,0,0
72099,Banks,,,,0,12,0,0,21304,0,0,0,1,1,1,1,0,0,0
72100,Lil' B,,,,0,12,0,0,49289,0,0,0,1,1,1,1,0,0,0
72101,Tonsa,,,,0,12,0,0,49290,0,0,0,1,1,1,1,0,0,0
72102,Chirps,,,,0,12,0,0,43127,0,0,0,1,1,1,1,0,0,0
72103,Brewly,,,,0,12,0,0,42430,0,0,0,1,1,1,1,0,0,0
72104,Patience,,,,0,12,0,0,45960,0,0,0,1,1,1,1,0,0,0
72105,Knowledge,,,,0,12,0,0,43876,0,0,0,1,1,1,1,0,0,0
72106,Wisdom,,,,0,12,0,0,27563,0,0,0,1,1,1,1,0,0,0
72107,Socks,,,,0,12,0,0,74706,0,0,0,1,1,1,1,0,0,0
72108,Rikki,,,,0,12,0,0,43350,0,0,0,1,1,1,1,0,0,0
72109,Monte,,,,0,12,0,0,45957,0,0,0,1,1,1,1,0,0,0
72110,Bolo,,,,0,12,0,0,30414,0,0,0,1,1,1,1,0,0,0
72111,Li,,,,0,12,0,0,30414,0,0,0,1,1,1,1,0,0,0
72112,Yen,,,,0,12,0,0,30414,0,0,0,1,1,1,1,0,0,0
72113,Carpe Diem,,,,0,12,0,2,42162,0,0,0,1,1,1,1,0,0,0
72114,River,,,,0,12,0,0,2069,0,0,0,1,1,1,1,0,0,0
72115,Spirus,,,,0,12,0,0,45073,0,0,0,1,1,1,1,0,0,0
72116,Dah'da,,,,0,12,0,0,35338,0,0,0,1,1,1,1,0,0,0
72117,Alex,,,,0,12,0,0,6290,0,0,0,1,1,1,1,0,0,0
72118,Cindy,,,,0,12,0,0,28456,0,0,0,1,1,1,1,0,0,0
72160,Moon Moon,,,,0,12,0,0,855,0,0,0,1,0,0,0,0,0,0
72230,Draka,,,,1,7,0,0,49286,0,0,0,0,0,0,0,10612,10612,0
72240,Thunderlord Crag-Leaper,,,,0,7,0,0,49100,49101,0,0,1,1,0,0,109610,0,0
72247,Starving Scrapsniffer,,,,0,1,25,0,2715,0,0,0,1,0,0,0,0,0,0
72251,Icewing Rylak,,,,0,1,38,3,53327,0,0,0,1,1,1,1,0,0,0
72253,Monsterous Larva,,,,0,1,0,0,16893,15963,0,0,0,1,0,0,0,0,0
72267,Temporal Shard,,,,0,12,0,3,49345,0,0,0,1,0,0,0,0,0,0
72273,Twinbreath Skystalker,,,,0,1,38,3,53328,0,0,0,1,1,1,1,0,0,0
72285,"Chi-Chi, Hatchling of Chi-Ji",,,,1,14,0,0,50743,0,0,0,1,0,0,0,0,0,0
72290,"Zao, Calfling of Niuzao",,,,1,14,0,0,49430,0,0,0,1,0,0,0,0,0,0
72291,"Yu'la, Broodling of Yu'lon",,,,1,14,0,0,49263,0,0,0,1,0,0,0,0,0,0
72296,Orgrock,,Drek'Thar's Guardian,,0,4,0,0,23348,0,0,0,1,0,0,0,0,0,0
72297,Icejaw Rockbiter,,,,0,7,0,0,49508,0,0,0,1,0,0,0,0,0,0
72307,Earth Elemental Totem,,Drek'Thar's Totem,,0,11,0,0,49185,0,0,0,0,0,0,0,0,0,0
72316,Scout Igor Corti,,The Lion's Eye,,1,7,0,0,49609,0,0,0,1,1,1,1,0,0,0
72349,Garrosh Hellscream,,Warchief,,1,7,0,0,49763,0,0,0,1,1,1,1,101441,0,0
72361,Ancient of Frostfire,,,,1,5,0,0,51926,0,0,0,1,0,0,0,0,0,0
72377,Exurotus,,Fury of Frostfire,,1,4,0,0,58884,0,0,0,0,0,0,0,0,0,0
72390,General Purpose Bunny ZTO,,,,0,10,0,0,1126,11686,0,0,0,1,0,0,0,0,0
72391,Karabor Defender,,,,0,7,0,0,52409,52410,52411,52412,1,1,1,1,106267,29637,0
72392,Vol'jin,,,,1,7,0,0,31232,0,0,0,1,0,0,0,0,0,0
72394,Baine Bloodhoof,,High Chieftain,,1,7,0,0,30272,0,0,0,1,1,1,1,58367,0,0
72395,Iron Horde Bruiser,,,,0,7,0,0,50500,0,0,0,1,0,0,0,88738,88740,0
72397,Iron Horde Ragemonger,,Iron Horde,,0,7,0,0,50229,50316,0,0,1,1,1,0,92890,92890,0
72413,Exarch Akama,,,,1,7,0,0,49904,0,0,0,1,0,0,0,30699,30699,0
72414,Anchorite Ahura,,,,1,7,0,0,36960,0,0,0,1,0,0,0,0,0,0
72415,Vindicator Hogo,,,,1,7,0,0,17410,0,0,0,1,0,0,0,0,0,0
72416,Cleric Maluuf,,,,1,7,0,0,36927,0,0,0,1,0,0,0,0,0,0
72462,"Chi-Chi, Hatchling of Chi-Ji",,,,0,12,0,0,49835,0,0,0,1,1,1,1,0,0,0
72463,"Yu'la, Broodling of Yu'lon",,,,0,12,0,3,49836,0,0,0,1,1,1,1,0,0,0
72464,"Zao, Calfling of Niuzao",,,,0,12,0,0,49845,0,0,0,1,1,1,1,0,0,0
72499,Asha,,Lokra's Companion,,0,1,0,0,52598,0,0,0,1,0,0,0,0,0,0
72500,Nerok,,Karg's Companion,,0,1,0,0,52598,0,0,0,1,0,0,0,0,0,0
72502,Frostwolf Warrior,,,,1,7,0,0,51991,0,0,0,0,0,0,0,10612,10612,0
72525,Grapple Point,,,,0,10,0,0,50693,11686,0,0,1,0,0,0,0,0,0
72539,Asha,,Lokra's Companion,,0,1,0,0,52598,0,0,0,1,0,0,0,0,0,0
72540,Iron Horde Tank,,,,1,9,0,0,48865,0,0,0,1,0,0,0,0,0,0
72543,Draka,,,,1,7,0,0,49286,0,0,0,0,0,0,0,10612,10612,0
72546,Kor'kron Grunt,,,,1,7,0,0,49049,49050,48636,0,1,1,0,0,61969,0,97695
72587,VFX Bunny,,,,6,10,0,3,64062,11686,0,0,0,1,0,0,0,0,0
72596,Karabor Citizen,,,,0,7,0,0,16921,16922,16923,16924,1,0,1,0,0,0,0
72623,Delas Moonfang,,Priestess of the Moon,,1,7,0,0,50541,0,0,0,1,0,0,0,0,0,73040
72627,Stele,,,,0,7,0,0,51724,0,0,0,1,0,0,0,0,0,0
72628,Snowclaw,,Delas' Companion,,1,1,0,0,14333,0,0,0,1,0,0,0,0,0,0
72631,Kron,,The Flame Breaker,,1,5,0,0,55835,0,0,0,1,0,0,0,0,0,0
72637,Cordana Felsong,,Warden,,1,7,0,0,50650,0,0,0,1,0,0,0,32425,0,0
72645,Cordana Felsong,,Warden,,1,7,0,0,50650,0,0,0,1,0,0,0,32425,0,0
72651,Draka,,,,1,7,0,0,49286,0,0,0,0,0,0,0,10612,10612,0
72661,Zeal,,,,1,4,0,0,50901,0,0,0,1,1,1,1,0,0,0
72675,Frostwolf Warrior,,,,0,7,0,0,51991,0,0,0,1,0,0,0,0,0,0
72678,Earthrender Magnaron,,,,1,5,0,0,55835,0,0,0,1,0,0,0,20648,0,0
72681,Orgrock,,Drek'Thar's Guardian,,0,4,0,0,23348,0,0,0,1,0,0,0,0,0,0
72694,Siegecrafter Blackfuse,,,,0,7,0,0,50723,0,0,0,1,1,1,1,0,0,0
72695,Wrathion,,The Black Prince,,1,2,0,0,48189,0,0,0,1,0,0,0,0,0,0
72696,Aklana SwiftHoof,,,,0,7,0,0,50728,0,0,0,1,1,1,1,29630,29637,0
72705,Fury Prison,,,,0,4,0,0,32580,0,0,0,1,0,0,0,0,0,0
72723,Wrathion,,The Black Prince,,1,2,0,0,48189,0,0,0,1,0,0,0,0,0,0
72724,Wrathion,,The Black Prince,,1,2,0,0,48189,0,0,0,1,0,0,0,0,0,0
72774,Crafty the Vendor,,,,0,7,0,0,15093,0,0,0,1,0,0,0,0,0,0
72789,Cordana Felsong,,Warden,,1,7,0,0,50650,0,0,0,1,0,0,0,32425,0,0
72793,Razuun,,Shadow Council,,0,7,0,0,53960,0,0,0,1,0,0,0,25879,0,0
72813,Image of Cho'gall,,Shadow Council,,1,7,0,0,59712,0,0,0,1,0,0,0,0,0,0
72814,Cordana Felsong,,Warden,,1,7,0,0,50650,0,0,0,1,0,0,0,32425,0,0
72821,Karabor Defender,,,,0,7,0,0,52409,52410,52411,52412,1,1,1,1,106267,29637,0
72836,Cordana Felsong,,Warden,,1,7,0,0,50650,0,0,0,1,0,0,0,32425,0,0
72837,Farseer Urquan,,,,1,7,0,0,54104,0,0,0,1,0,0,0,103936,0,0
72868,Asha,,Lokra's Companion,,0,1,0,0,52598,0,0,0,1,0,0,0,0,0,0
72870,Kairoz,,,,1,2,0,0,51342,0,0,0,0,0,0,0,0,0,0
72871,All-Seeing Eye,,,,1,3,0,0,51533,0,0,0,0,0,0,0,0,0,0
72874,Archmage Khadgar,,Sons of Lothar,,1,7,0,0,56765,0,0,0,1,0,0,0,28067,0,0
72886,Trillium-Bladed Rock Cutter,,,,1,9,0,0,34307,0,0,0,1,1,1,1,0,0,0
72887,VO Bunny,,,,0,10,0,0,16480,21342,0,0,0,1,0,0,0,0,0
72927,Kovok,,,,1,1,41,0,42706,0,0,0,1,1,1,1,0,0,0
72929,Sra'thik Amber-Master,,,,1,7,0,0,51009,0,0,0,1,1,1,1,85937,0,0
72954,Kor'thik Honor Guard,,,,1,7,0,0,50995,0,0,0,1,1,1,1,82849,82849,0
72964,Goro'dan,,Blackfuse Company,,1,7,0,0,51010,0,0,0,1,1,1,1,0,0,0
72976,Outrider Urukag,,,,0,7,0,0,49105,0,0,0,1,1,1,1,0,0,0
72981,Aggron,,Blackfuse Company,,1,7,0,0,51016,0,0,0,1,1,1,1,102046,0,0
72985,Firefly,,,,0,10,0,0,51027,0,0,0,1,0,0,0,0,0,0
72986,Shanna Sparkfizz,,Blackfuse Company,,1,7,0,3,51028,0,0,0,1,1,1,1,0,0,0
73011,Lil' Bling,,,,0,12,0,0,49289,0,0,0,1,1,1,1,0,0,0
73012,Klaxxi Skirmisher,,,,1,7,0,3,51029,0,0,0,1,1,1,1,84677,84677,0
73039,Throm'var Hunter,,,,1,7,0,0,54120,54122,54121,54123,1,1,1,1,107112,107112,108478
73059,Ko'kron Iron Star,,,,0,9,0,0,51045,0,0,0,1,1,1,1,0,0,0
73061,Anduin Wrynn,,Prince of Stormwind,,0,7,0,0,46095,0,0,0,1,0,0,0,12748,0,0
73066,Lorewalker Cho,,,,0,7,0,0,41918,0,0,0,1,1,1,1,0,0,0
73068,Thunderlord Crag-Leaper,,,,0,7,0,0,50953,0,0,0,1,0,0,0,109610,0,0
73082,Master Li,,Celestial Tournament Host,,0,7,0,0,51062,0,0,0,1,0,0,0,0,0,0
73084,VO Bunny,,,,0,10,0,0,16480,21342,0,0,0,1,0,0,0,0,0
73091,Blackfuse Sellsword,,Blackfuse Company,,1,7,0,0,51074,51075,0,0,1,1,1,1,57006,56141,0
73095,Blackfuse Engineer,,Blackfuse Company,,1,7,0,0,51076,51077,0,0,1,1,1,1,0,0,0
73098,Kor'kron Overseer,,,,1,7,0,0,51078,51079,0,0,1,0,1,1,94649,0,0
73106,Sylene,,,,0,7,0,0,51492,0,0,0,1,0,0,0,29981,0,0
73126,Xuen,,,,1,1,0,0,41271,0,0,0,1,0,0,0,0,0,0
73127,Chi-Ji,,The Red Crane,,1,1,0,0,40924,0,0,0,1,0,0,0,0,0,0
73128,Yu'lon,,The Jade Serpent,,1,1,303,3,40799,0,0,0,0,1,1,1,0,0,0
73129,Teluuna Guardian,,,,0,7,0,0,51714,51715,51716,51717,1,1,1,1,29138,0,0
73130,Niuzao,,The Black Ox,,1,1,0,0,41305,0,0,0,1,0,0,0,0,0,0
73133,The Monkey King,,,,1,7,0,0,46707,0,0,0,1,0,0,0,92961,0,0
73134,Emperor Shaohao,,,,0,7,0,2,51095,0,0,0,1,1,1,1,0,0,0
73136,Lorewalker Cho,,,,0,7,0,0,41918,0,0,0,1,1,1,1,0,0,0
73138,Wrathion,,The Black Prince,,1,2,0,0,48888,0,0,0,1,0,0,0,0,0,0
73149,Quest - Legendary 5.4 - Tavern Flour Bunny - JSB,,,,0,10,0,0,16480,21342,0,0,0,1,0,0,0,0,0
73225,Throm'var Villager,,,,0,7,0,0,53593,54182,54179,54183,1,1,1,1,107112,0,0
73227,Wastes Rockworm,,Child of Shui Halad,,6,1,42,0,54128,0,0,0,1,0,0,0,0,0,0
73234,Ashmane Clefthoof,,,,0,1,43,0,57300,0,0,0,1,0,0,0,0,0,0
73275,Bottle Bunny,,,,0,10,0,0,16480,21342,0,0,0,1,0,0,0,0,0
73318,Lorewalker Cho,,,,0,7,0,0,41918,0,0,0,1,1,1,1,0,0,0
73319,Wrathion,,The Black Prince,,1,2,0,0,48888,0,0,0,1,0,0,0,0,0,0
73323,Frost Wolf,,,,1,1,1,0,52598,52599,0,0,1,1,0,0,0,0,0
73324,Starfall Sentinel,,,,1,7,0,0,23850,23851,23852,23853,1,1,1,1,3432,3432,14105
73346,Tong the Fixer,,Innkeeper,,0,7,0,0,42784,0,0,0,1,0,0,0,0,0,0
73350,Droplet of Y'Shaarj,,,,0,12,0,0,51417,0,0,0,1,1,1,1,0,0,0
73351,Gooey Sha-ling,,,,0,12,0,0,51267,0,0,0,1,1,1,1,0,0,0
73352,Blackfuse Bombling,,,,0,12,0,0,51268,0,0,0,1,1,1,1,0,0,0
73354,Kovok,,,,0,12,0,0,51269,0,0,0,1,1,1,1,0,0,0
73355,Jademist Dancer,,,,0,12,0,0,51270,0,0,0,1,1,1,1,0,0,0
73356,Ruby Droplet,,,,0,12,0,0,51271,0,0,0,1,1,1,1,0,0,0
73357,Ominous Flame,,,,0,12,0,0,51272,0,0,0,1,1,1,1,0,0,0
73359,Gulp Froglet,,,,0,12,0,0,47991,0,0,0,1,0,0,0,0,0,0
73364,Death Adder Hatchling,,,,0,12,0,0,51277,0,0,0,1,1,0,0,0,0,0
73366,Spineclaw Crab,,,,0,12,0,0,51278,0,0,0,1,1,0,0,0,0,0
73367,Skunky Alemental,,,,0,12,0,0,51279,0,0,0,1,1,1,1,0,0,0
73368,Skywisp Moth,,,,0,14,0,3,51740,51741,0,0,1,1,0,0,0,0,0
73373,Bladespire Mauler,,,,0,7,0,0,52462,0,0,0,1,0,0,0,107402,107402,0
73393,Frostwolf Grunt,,,,0,7,0,0,52012,52743,49367,49368,1,1,0,0,5287,0,0
73395,Yrel,,,,0,7,0,0,55210,0,0,0,1,0,0,0,118128,111738,0
73436,VO Bunny,,,,0,10,0,0,16480,21342,0,0,0,1,0,0,0,0,0
73462,Garrosh Hellscream,,Warchief,,1,7,0,0,51350,0,0,0,1,1,1,1,101441,0,0
73469,Bladespire Brute,,,,0,7,0,0,52461,0,0,0,1,0,0,0,107415,0,0
73470,Bladespire Mauler,,,,0,7,0,0,52462,0,0,0,1,0,0,0,107402,107402,0
73480,Image of Archmage Khadgar,,Sons of Lothar,,1,7,0,0,58813,0,0,0,1,0,0,0,28067,0,0
73491,Karabor Elekk,,,,0,1,0,0,19872,0,0,0,1,0,0,0,0,0,0
73492,Fernus,,,,0,3,0,0,39278,0,0,0,1,0,0,0,0,0,0
73503,"Chi-Chi, Hatchling of Chi-Ji",,,,1,10,0,0,50743,0,0,0,1,0,0,0,0,0,0
73505,"Xu-Fu, Cub of Xuen",,,,1,10,0,0,49262,0,0,0,1,0,0,0,0,0,0
73506,"Zao, Calfling of Niuzao",,,,1,10,0,0,49430,0,0,0,1,0,0,0,0,0,0
73507,"Yu'la, Broodling of Yu'lon",,,,1,10,0,0,49263,0,0,0,1,0,0,0,0,0,0
73532,Dandelion Frolicker,,,,0,12,0,0,51408,0,0,0,1,1,0,0,0,0,0
73533,Ashleaf Spriteling,,,,0,12,0,0,40908,0,0,0,1,0,0,0,0,0,0
73534,Azure Crane Chick,,,,0,12,0,0,51413,0,0,0,1,1,1,1,0,0,0
73542,Ashwing Moth,,,,0,14,0,3,51742,0,0,0,1,0,0,0,0,0,0
73543,Flamering Moth,,,,0,14,0,3,51301,0,0,0,1,0,0,0,0,0,0
73546,Marin Bladewing,,Warden,,1,7,0,0,38088,0,0,0,1,0,0,0,14885,0,0
73548,Shalis Darkhunter,,Warden,,1,7,0,0,38088,0,0,0,1,0,0,0,14887,0,0
73564,Grizzle Gearslip,,,,0,7,0,0,46316,0,0,0,0,1,1,1,1911,0,0
73569,Moira's Mole Machine,,,,0,10,0,0,51430,0,0,0,1,1,1,1,0,0,0
73571,Snowpaw,,Urukag's Companion,,0,1,1,0,52598,0,0,0,1,0,0,0,0,0,0
73573,Ashwing Moth,,,,0,8,0,3,51742,0,0,0,1,0,0,0,0,0,0
73592,King Varian Wrynn,,King of Stormwind,,1,7,0,0,28127,0,0,0,1,0,0,0,45899,0,0
73593,Taran Zhu,,Lord of the Shado-Pan,,1,7,0,0,51787,0,0,0,0,0,0,0,0,0,0
73598,Lady Jaina Proudmoore,,,,1,7,0,0,51443,0,0,0,1,0,0,0,0,0,0
73603,Baine Bloodhoof,,High Chieftain,,1,7,0,0,30272,0,0,0,1,1,1,1,0,0,0
73604,Trade Prince Gallywix,,Leader of the Bilgewater Cartel,,1,7,0,0,75730,0,0,0,1,0,0,0,0,0,0
73605,Lor'themar Theron,,Regent Lord of Quel'Thalas,,1,7,0,0,17122,0,0,0,0,0,0,0,0,0,0
73606,Lady Sylvanas Windrunner,,Banshee Queen,,1,7,0,0,28213,0,0,0,1,0,0,0,0,0,42775
73607,Anduin Wrynn,,Prince of Stormwind,,0,7,0,0,51445,0,0,0,1,0,0,0,0,0,0
73624,Ga'nar,,,,1,7,0,0,49191,0,0,0,1,0,0,0,111299,111299,0
73626,Little Tommy Newcomer,,,,0,7,0,0,38420,0,0,0,1,1,1,1,0,0,0
73627,Lil' Oondasta,,,,0,12,0,0,51451,0,0,0,1,1,1,1,0,0,0
73657,Great Chef Woo,,Food & Drink,,0,7,0,0,51467,0,0,0,1,0,0,0,2827,0,0
73668,Bonkers,,,,0,12,0,0,51475,51476,51477,0,1,0,0,1,94255,94254,0
73678,General Purpose Stalker,,,,0,10,0,0,47399,11686,0,0,0,1,1,1,0,0,0
73683,Gloomshade Owl,,,,0,8,0,3,59602,0,0,0,1,0,0,0,0,0,0
73688,Vengeful Porcupette,,,,0,12,0,0,47858,0,0,0,1,1,1,1,0,0,0
73716,High Overlord Saurfang,,,,1,7,0,0,14732,0,0,0,100,1,1,1,155857,0,0
73730,Gu'chi Swarmling,,,,0,14,0,0,51502,0,0,0,1,1,0,0,0,0,0
73732,Harmonious Porcupette,,,,0,12,0,0,47856,0,0,0,1,1,1,1,0,0,0
73738,Jadefire Spirit,,,,0,12,0,0,51504,0,0,0,1,1,1,1,0,0,0
73741,Rotten Little Helper,,,,0,12,0,0,51505,0,0,0,1,1,1,1,2695,0,0
73744,Skal the Trapper,,Son of the Iron Wolf,,0,7,0,0,51517,0,0,0,1,0,0,0,0,0,0
73755,Snowfury,,Ga'nar's Companion,,0,1,0,0,52599,0,0,0,1,0,0,0,0,0,0
73759,Bladespire Imperion,,,,0,7,0,0,52772,0,0,0,1,0,0,0,107417,85749,0
73774,Warsong Ragemonger,,Iron Horde,,0,7,0,0,50229,0,0,0,1,0,0,0,92890,92890,0
73778,Tyrannical Gladiator's Cloud Serpent,,,,0,2,0,0,51361,0,0,0,0,0,0,0,0,0,0
73809,Sky Lantern,,,,0,12,0,3,51530,0,0,0,1,0,0,0,0,0,0
73810,Frost Wolf Howler,,,,0,1,0,0,52598,0,0,0,1,1,1,1,0,0,0
73811,Big Blossom Digger,,,,0,7,0,0,49043,49042,48228,48229,1,1,1,1,1910,0,0
73818,Trillium-Bladed Rock Cutter,,,,1,9,0,0,34307,0,0,0,1,1,1,1,0,0,0
73825,Warsong Ragemonger,,Iron Horde,,0,7,0,0,50229,0,0,0,1,0,0,0,92890,92890,0
73826,Warsong Ragemonger,,Iron Horde,,0,7,0,0,50316,0,0,0,1,0,0,0,92890,92890,0
73827,Warsong Ragemonger,,Iron Horde,,0,7,0,0,50316,0,0,0,1,0,0,0,92890,92890,0
73828,Flamering Moth,,,,0,8,0,3,51301,0,0,0,1,0,0,0,0,0,0
73829,Skywisp Moth,,,,0,8,0,3,51740,51741,0,0,1,1,0,0,0,0,0
73833,Cho'gall,,Shadow Council,,1,7,0,0,59707,0,0,0,1,0,0,0,0,0,0
73837,Pierre,,Emily Cole's Companion,,0,12,0,0,47711,0,0,0,1,1,1,1,0,0,0
73839,Commander Vorka,,Iron Horde,,0,7,0,0,56251,0,0,0,1,0,0,0,110173,0,0
73840,Warsong Ragemonger,,Iron Horde,,0,7,0,0,50229,0,0,0,1,0,0,0,92890,92890,0
73842,Warsong Ragemonger,,Iron Horde,,0,7,0,0,50229,0,0,0,1,0,0,0,92890,92890,0
73843,Warsong Ragemonger,,Iron Horde,,0,7,0,0,50316,0,0,0,1,0,0,0,92890,92890,0
73844,Warsong Ragemonger,,Iron Horde,,0,7,0,0,50316,0,0,0,1,0,0,0,92890,92890,0
73856,Ner'zhul,,Warlord of the Shadowmoon Clan,,1,7,0,0,52769,0,0,0,1,0,0,0,110990,0,0
73857,Gul'dan,,Lord of the Shadow Council,,1,7,0,0,59808,0,0,0,1,0,0,0,0,0,0
73870,Ockbar the Wanderer,,,,0,7,0,0,17173,0,0,0,1,1,1,1,29630,29637,0
73876,Shadowmoon Shaman,,,,0,7,0,0,50369,0,0,0,1,0,0,0,0,0,0
73878,Generic Bunny,,,,0,10,0,0,20570,27823,0,0,0,1,0,0,0,0,0
73897,Frostwolf Shaman,,,,0,7,0,0,52019,52014,49367,49368,1,1,0,0,0,0,0
73905,Shadowmoon Magmatic,,,,0,7,0,0,51099,0,0,0,1,0,0,0,25105,0,0
73906,Shadowmoon Swiftclaw,,,,0,7,0,0,51197,0,0,0,1,0,0,0,60640,60640,0
73907,Shadowmoon Stormcaller,,,,0,7,0,0,50369,0,0,0,1,0,0,0,57016,0,0
73927,High Tinker Mekkatorque,,King of Gnomes,,1,7,0,0,7006,0,0,0,1,1,1,1,53096,11587,0
73942,Vol'jin,,,,1,7,0,0,51442,0,0,0,1,1,1,1,14085,0,0
73952,Shadowmoon Darkcaster,,,,0,7,0,0,51099,0,0,0,1,0,0,0,25105,0,0
73962,Tyrande Whisperwind,,High Priestess of Elune,,1,7,0,0,39620,0,0,0,1,1,1,1,0,0,77364
73965,Felsteed,,,,0,3,0,0,51651,0,0,0,1,1,1,1,0,0,0
73966,Dreadsteed,,,,0,3,0,0,51652,0,0,0,1,1,1,1,0,0,0
73977,C92 Annihilator,,,,0,14,0,0,51661,0,0,0,0,0,0,0,0,0,0
73979,Shadowmoon Voidreaver,,,,0,7,0,0,50356,0,0,0,1,0,0,0,28584,25105,0
73980,Shadowmoon Voidclaw,,,,0,7,0,0,51197,0,0,0,1,0,0,0,60640,60640,0
73981,Shadowmoon Voidaxe,,,,0,7,0,0,54894,0,0,0,1,0,0,0,107704,0,0
73989,Snowfury,,Ga'nar's Companion,,0,1,0,0,52599,0,0,0,1,0,0,0,0,0,0
73996,Ga'nar,,,,1,7,0,0,49191,0,0,0,1,0,0,0,111299,111299,0
73998,Skal the Trapper,,Son of the Iron Wolf,,0,7,0,0,51517,0,0,0,1,0,0,0,0,0,0
74000,Ga'nar,,,,1,7,0,0,49191,0,0,0,1,0,0,0,111299,111299,0
74014,Kuruna,,,,0,7,0,0,51526,0,0,0,1,0,0,0,0,0,0
74015,Commander Krog,,The Hammer,,0,7,0,0,51347,0,0,0,1,0,0,0,0,0,0
74016,Gar Steelcrush,,,,0,7,0,0,51338,0,0,0,1,0,0,0,0,0,0
74017,Rukah the Machinist,,,,0,7,0,0,51348,0,0,0,1,0,0,0,0,0,0
74018,Mokrik Blackfingers,,,,0,7,0,0,51349,0,0,0,1,0,0,0,0,0,0
74023,Commander Vorka,,,,0,7,0,0,51612,0,0,0,1,0,0,0,92890,92890,0
74024,Sadana Bloodfury,,,,0,7,0,0,52780,0,0,0,1,0,0,0,57016,57016,0
74025,Shadowmoon Stormcaller,,,,0,7,0,0,50369,0,0,0,1,0,0,0,57016,0,0
74026,Shadowmoon Darkcaster,,,,0,7,0,0,51099,0,0,0,1,0,0,0,25105,0,0
74029,Blackrock Warrior,,,,0,7,0,0,51639,51641,0,0,1,1,0,0,102577,0,0
74032,Frost Wolf,,,,0,1,1,0,52598,0,0,0,1,1,1,1,0,0,0
74043,Prophet Velen,,,,1,7,0,0,52926,0,0,0,1,0,0,0,0,0,0
74059,Blackrock Warrior,,,,0,7,0,0,51639,0,0,0,1,0,0,0,102577,0,0
74078,Ga'nar's Wolf,,,,0,1,0,0,52599,0,0,0,1,0,0,0,0,0,0
74105,Gorr'thog,,Lord of Bladespire Citadel,,0,7,0,0,52705,0,0,0,1,0,0,0,57025,85749,0
74122,Iron Grunt,,,,0,7,0,0,51767,0,0,0,1,0,0,0,41980,0,0
74130,Garrosh,,Son of Hellscream,,1,7,0,0,51790,0,0,0,0,0,0,0,0,0,0
74163,Durotan,,,,1,7,0,0,51837,0,0,0,1,0,0,0,94647,0,0
74197,Thunderlord Captive,,,,0,7,0,0,51821,0,0,0,1,1,0,0,0,0,0
74199,Kal'gor the Honorable,,,,0,7,0,0,51824,0,0,0,1,0,0,0,10612,10612,0
74202,Ligra the Unyielding,,,,0,7,0,0,51823,0,0,0,1,0,0,0,12290,12290,0
74217,High Tinker Mekkatorque,,King of Gnomes,,1,7,0,0,7006,0,0,0,1,1,1,1,53096,11587,0
74222,Ligra the Unyielding,,,,0,7,0,0,51823,0,0,0,1,0,0,0,12290,12290,0
74223,Kal'gor the Honorable,,,,0,7,0,0,51824,0,0,0,1,0,0,0,10612,10612,0
74241,Snowfury,,Ga'nar's Companion,,0,1,0,0,52599,0,0,0,1,0,0,0,0,0,0
74252,Karabor Hippogryph,,,,0,1,160,0,38972,0,0,0,0,0,0,0,0,0,0
74253,Farseer Drek'Thar,,,,1,7,0,0,53609,0,0,0,1,0,0,0,48947,48947,0
74272,Farseer Drek'Thar,,,,1,7,0,0,53609,0,0,0,1,0,0,0,48947,48947,0
74282,Wise-ear,,Drek'Thar's Companion,,0,1,0,0,52599,0,0,0,1,0,0,0,0,0,0
74283,Whitefang,,Draka's Companion,,0,1,0,0,51863,0,0,0,1,0,0,0,0,0,0
74310,Iron Horde Obliterator,,,,1,9,0,0,53700,0,0,0,1,0,0,0,0,0,0
74332,Iron Horde Grunt,,,,0,7,0,0,51767,51768,51347,51641,1,1,1,1,18419,0,0
74343,Vindicator Tenuum,,,,0,7,0,0,52302,0,0,0,1,0,0,0,107700,111463,0
74352,Flaming Goren,,,,0,7,0,0,54790,0,0,0,1,0,0,0,0,0,0
74375,Durotan's Wolf,,,,0,1,0,0,52598,0,0,0,1,0,0,0,0,0,0
74392,Kasha,,Draka's Companion,,0,1,0,0,51863,0,0,0,1,0,0,0,0,0,0
74394,Wise-ear,,Drek'Thar's Companion,,0,1,0,0,52599,0,0,0,1,0,0,0,0,0,0
74402,Alterac Brew-Pup,,,,0,12,0,0,51988,0,0,0,1,0,0,0,0,0,0
74405,Murkalot,,,,0,12,0,0,51990,0,0,0,1,0,0,0,0,0,0
74413,Treasure Goblin,,,,0,12,0,0,51994,0,0,0,1,0,0,0,0,0,0
74421,Frostwolf Rider,,,,0,7,0,0,61222,61223,49367,49368,1,1,0,0,14874,14874,0
74426,Frostwolf Farseer,,,,1,7,0,0,51999,0,0,0,1,0,0,0,48947,48947,0
74504,ELM General Purpose Bunny [Client Side],,,,0,10,0,0,1126,11686,0,0,0,1,0,0,0,0,0
74519,Essence of Darkness,,,,0,15,0,0,60779,0,0,0,1,0,0,0,0,0,0
74591,Kindler,,Child of Exurotus,,0,4,0,0,58875,0,0,0,1,0,0,0,0,0,0
74593,Draka,,,,1,7,0,0,49286,0,0,0,1,0,0,0,10612,10612,0
74594,Durotan,,Chieftain of the Frostwolf Clan,,1,7,0,0,51837,0,0,0,1,0,0,0,94647,0,0
74595,Farseer Drek'Thar,,,,1,7,0,0,53609,0,0,0,1,0,0,0,48947,48947,0
74597,Rokk,,,,0,1,43,0,52971,0,0,0,1,0,0,0,0,0,0
74599,Whitefang,,Draka's Companion,,0,1,0,0,52598,0,0,0,1,0,0,0,0,0,0
74600,Nightstalker,,Durotan's Companion,,0,1,1,0,52598,0,0,0,1,0,0,0,0,0,0
74601,Wise-ear,,Drek'Thar's Companion,,0,1,0,0,52599,0,0,0,1,0,0,0,0,0,0
74606,Kaz the Shrieker,,,,0,7,0,0,52195,0,0,0,1,0,0,0,0,0,0
74611,Limbflayer,,,,0,7,0,0,52201,0,0,0,1,0,0,0,15272,0,0
74650,Gorr'thog,,Lord of Bladespire Citadel,,0,7,0,0,52369,0,0,0,1,0,0,0,85566,95459,0
74651,Draka,,,,1,7,0,0,49286,0,0,0,1,0,0,0,10612,10612,0
74680,Chronalis,,,,1,2,0,0,52266,0,0,0,1,0,0,0,0,0,0
74689,Goren Shardback,,,,0,7,0,0,53297,0,0,0,1,0,0,0,0,0,0
74693,Iron Horde Chimaera,,,,0,1,0,0,52818,0,0,0,1,0,0,0,0,0,0
74715,Commander Vorka,,,,1,7,0,0,51612,0,0,0,1,0,0,0,110173,0,0
74738,Thaelin Darkanvil,,,,0,7,0,0,52540,0,0,0,0,0,1,1,1911,0,0
74739,Yrel,,,,0,7,0,0,55210,0,0,0,1,0,0,0,118128,111738,0
74740,Harbinger Taalo,,,,0,7,0,0,52407,0,0,0,1,0,0,0,106268,0,0
74745,Rangari Arepheon,,,,0,7,0,0,52294,0,0,0,1,0,0,0,32876,0,32876
74748,Frost Wolf,,,,0,1,1,0,52598,52599,0,0,1,1,0,0,0,0,0
74749,Gul'dan,,Lord of the Shadow Council,,1,7,0,0,59808,0,0,0,1,0,0,0,0,0,0
74771,Firelish,,Child of Exurotus,,0,4,0,0,58875,0,0,0,1,0,0,0,0,0,0
74778,Ner'zhul,,Warlord of the Shadowmoon Clan,,1,7,0,0,52769,0,0,0,1,0,0,0,110990,0,0
74790,Gug'rokk,,Bloodmaul Slave Traders,,1,7,0,0,52902,0,0,0,1,1,1,1,107424,0,0
74804,Frostwolf Shaman,,,,0,7,0,0,52019,52014,49367,49368,1,1,0,0,0,0,0
74806,Frostwolf Prowler,,,,0,7,0,0,52743,52875,49367,49368,1,1,0,0,14874,14874,0
74807,Frostwolf Stalker,,,,0,7,0,0,52012,52013,0,0,1,1,0,0,14874,14874,0
74869,Prophet Velen,,,,1,7,0,0,52926,0,0,0,1,0,0,0,35714,0,0
74870,Frostwolf Warrior,,,,0,7,0,0,52703,53037,52012,52743,1,1,1,1,107735,0,0
74871,Thunderlord Warrior,,,,0,7,0,0,51825,51826,0,0,1,1,0,0,107134,0,0
74873,Raven,,,,0,8,0,0,32546,0,0,0,1,0,0,0,0,0,0
74877,Yrel,,,,0,7,0,0,55210,0,0,0,1,0,0,0,118128,111738,0
74879,Karabor Vindicator,,,,0,7,0,0,52409,52410,52411,52412,1,1,1,1,106106,29637,0
74880,Karabor Anchorite,,,,0,7,0,0,49905,49906,49907,49908,1,1,1,1,29630,29637,0
74881,Karabor Artificer,,,,0,7,0,0,52465,52466,52467,52468,1,1,1,1,28487,29637,0
74882,Karabor Ranger,,,,0,7,0,0,52469,52471,52473,52474,1,1,1,1,29630,29637,34322
74886,Ashmaul Bruiser,,,,1,7,0,0,52888,0,0,0,1,0,0,0,107409,0,0
74887,Grommar Wallbreaker,,,,0,10,0,0,52353,0,0,0,1,0,0,0,0,0,0
74890,Iron Grunt,,,,0,7,0,0,51767,0,0,0,1,0,0,0,41980,0,0
74893,Frost Wolf,,,,0,1,0,0,52598,52599,0,0,1,1,0,0,0,0,0
74906,Iron Horde Shieldbearer,,,,0,7,0,0,51768,0,0,0,1,0,0,0,106275,0,0
74925,Frostwolf Warrior - Male Only,,,,0,7,0,0,52012,0,0,0,1,0,0,0,107735,0,0
74954,Frostwolf Grunt,,,,0,7,0,0,52012,52743,49367,49368,1,1,0,0,0,0,0
74955,Frost Wolf,,,,0,7,0,0,52598,0,0,0,1,0,0,0,0,0,0
74956,Frostwolf Handler,,,,0,7,0,0,52012,49366,49367,49368,1,0,0,0,5287,0,0
74957,Clefthoof,,,,0,1,43,0,52376,0,0,0,1,0,0,0,0,0,0
74959,The Tank,,,,0,9,0,0,53285,0,0,0,1,0,0,0,0,0,0
74976,Jagahari,,,,0,7,0,0,51797,0,0,0,1,0,0,0,33275,0,0
74977,Initiate Na'Shra,,,,0,7,0,0,52397,0,0,0,1,0,0,0,0,0,0
74995,Warmouth,,,,1,1,150,0,52418,23730,0,0,1,0,0,0,0,0,0
74996,Bladespire Brute,,,,0,7,0,0,52461,0,0,0,1,0,0,0,107415,0,0
74999,Dorogg the Ruthless,,,,0,7,0,0,55865,0,0,0,1,0,0,0,0,0,0
75005,Samaara,,,,0,7,0,0,52422,0,0,0,1,0,0,0,0,0,0
75015,Rangari Lookout,,,,0,7,0,0,52425,52426,52427,52428,1,1,1,1,0,0,34314
75021,Commander Coruu,,,,1,7,0,0,52409,0,0,0,1,1,1,1,106279,0,0
75025,Romuul,,Master Artificer,,0,7,0,0,52508,0,0,0,1,0,0,0,106264,106823,0
75028,Exarch Maladaar,,Speaker for the Dead,,0,7,0,0,52435,0,0,0,1,0,0,0,107249,106108,0
75031,Domuu,,Assistant Talbuk Herder,,0,7,0,0,19092,0,0,0,1,1,1,1,0,0,0
75037,Unbroken Goresnout,,,,0,1,5,0,52656,0,0,0,1,0,0,0,0,0,0
75064,Goc,,Son of Gruul,,1,5,0,0,48495,0,0,0,1,0,0,0,0,0,0
75080,Auchenai Defender,,,,0,7,0,0,54460,54461,54462,54463,1,1,0,0,106267,29637,0
75089,Grom'kar Shieldbearer,,,,0,7,0,0,51768,0,0,0,1,0,0,0,106275,106903,0
75091,Grom'kar Grunt,,,,0,7,0,0,51767,0,0,0,1,0,0,0,41980,0,0
75099,Goc,,Son of Gruul,,1,5,0,0,48495,0,0,0,1,0,0,0,0,0,0
75101,Chain Bunny,,,,0,10,0,0,16480,31175,0,0,0,1,0,0,0,0,0
75102,Karabor Elekk,,,,0,1,0,0,19872,0,0,0,1,0,0,0,0,0,0
75103,Karabor Elekk,,,,0,1,0,0,19872,0,0,0,1,0,0,0,0,0,0
75104,Chain Scene Vehicle,,,,0,10,0,0,16480,21342,0,0,0,1,0,0,0,0,0
75105,Karabor Elekk,,,,0,1,0,0,19872,0,0,0,1,0,0,0,0,0,0
75119,Exarch Maladaar,,Speaker for the Dead,,0,7,0,0,52435,0,0,0,1,0,0,0,107249,106108,0
75121,Lady Liadrin,,Blood Knight Matriarch,,1,7,0,0,52434,0,0,0,1,1,1,1,163831,163832,0
75127,Vindicator Maraad,,,,1,7,0,0,58494,0,0,0,1,0,0,0,30802,0,0
75136,Thaelin Darkanvil,,,,0,7,0,0,52540,0,0,0,1,0,0,0,1911,0,0
75138,Shelly Hamby,,,,0,7,0,0,55505,0,0,0,1,1,1,1,0,0,0
75139,Bladespire Brute,,,,0,7,0,0,52461,0,0,0,1,0,0,0,107415,0,0
75141,Borisari,,,,0,7,0,0,51869,0,0,0,1,0,0,0,0,0,0
75142,Lekunaar,,,,0,7,0,0,52781,0,0,0,1,0,0,0,0,0,0
75143,Hansel Heavyhands,,,,0,7,0,0,52528,0,0,0,1,0,0,0,3494,11506,0
75145,Vindicator Maraad,,,,1,7,0,0,58494,0,0,0,1,1,1,1,30802,0,0
75146,Rangari D'kaan,,,,0,7,0,0,52536,0,0,0,1,0,0,0,108493,0,108491
75150,Fire Totem,,Kaz's Totem,,0,11,0,0,54900,0,0,0,1,0,0,0,0,0,0
75151,Bladespire Goresnout,,,,0,1,5,0,52668,0,0,0,1,0,0,0,0,0,0
75154,Thaelin Darkanvil,,,,0,7,0,0,52540,0,0,0,1,0,0,0,1911,0,0
75159,Auchenai Defender,,,,0,7,0,0,52544,52545,0,0,1,1,0,0,29630,29640,0
75180,Climbing Orc,,,,0,10,0,3,22903,11686,0,0,0,1,0,0,0,0,0
75185,Igrimar the Resolute,,,,0,7,0,0,52021,0,0,0,1,0,0,0,0,0,0
75186,Thrall,,,,1,7,0,0,53057,0,0,0,1,0,0,0,109674,0,0
75188,Durotan,,,,1,7,0,0,51837,0,0,0,1,0,0,0,94647,0,0
75193,Bloodmaul Overseer,,,,1,7,0,0,52889,0,0,0,1,0,0,0,102102,0,0
75198,Bloodmaul Geomancer,,,,1,7,0,0,52890,0,0,0,1,0,0,0,107374,0,0
75210,Bloodmaul Warder,,,,1,7,0,0,52891,0,0,0,1,0,0,0,107406,0,0
75220,Possible Survivor,,,,0,7,0,0,52556,0,0,0,1,0,0,0,0,0,0
75227,Karabor Vindicator,,,,0,7,0,0,52409,52410,0,0,1,1,0,0,106106,29637,0
75237,Iron War Machine,,,,0,10,0,0,53700,0,0,0,1,0,0,0,0,0,0
75240,Bladespire Boarbuster,,,,0,7,0,0,52771,0,0,0,1,0,0,0,107409,0,0
75241,Bladespire Goresnout,,,,0,1,5,0,52659,0,0,0,1,0,0,0,0,0,0
75269,Frostwolf Rider,,,,0,7,0,0,52012,49366,49367,49368,1,0,0,0,14874,14874,0
75275,Generic Bunny - JP3,,,,0,10,0,3,22903,11686,0,0,0,1,0,0,0,0,0
75296,Fallen Battlehoof,,,,0,10,0,0,52398,0,0,0,1,0,0,0,0,0,0
75298,Defiant Battlehoof,,,,0,1,43,0,52398,0,0,0,1,0,0,0,0,0,0
75312,Defiant Battlehoof,,,,0,1,43,0,52398,0,0,0,1,0,0,0,0,0,0
75314,Bladespire Imperion,,,,0,7,0,0,52772,0,0,0,1,0,0,0,107417,85749,0
75326,Iron Front Commander,,,,0,7,0,0,53674,53675,53676,53677,1,1,1,1,0,0,89364
75328,Iron Shocktrooper,,,,0,7,0,0,51767,0,0,0,1,0,0,0,41980,0,0
75330,Battlefield Grunt,,,,0,7,0,0,53669,53670,53671,53672,1,1,1,1,41980,0,0
75334,Barricade,,,,0,7,0,0,52637,0,0,0,1,0,0,0,0,0,0
75343,Kal'gor the Honorable,,,,0,7,0,0,52490,0,0,0,1,0,0,0,5856,0,5856
75344,Ligra the Unyielding,,,,0,7,0,0,51823,52013,0,0,1,0,0,0,12290,0,0
75345,Gol'kosh the Axe,,,,0,7,0,0,52557,0,0,0,1,0,0,0,10612,107339,5856
75346,Ga'nar,,,,1,7,0,0,49191,0,0,0,1,0,0,0,111299,111299,0
75347,Dead Drop,,,,1,7,0,0,52641,0,0,0,1,0,0,0,0,0,0
75351,Bladespire Imperion,,,,0,7,0,0,52772,0,0,0,1,0,0,0,107417,85749,0
75363,Clefthoof Gore,,,,0,10,0,0,52644,0,0,0,0,0,0,0,0,0,0
75412,Frostwolf Peon,,,,0,7,0,0,52703,0,0,0,1,0,0,0,0,0,0
75414,Bladespire Ridiculor TEST TEMP,,,,0,7,0,0,52591,0,0,0,1,0,0,0,107417,85749,0
75451,Defiled Spirit,,,,1,6,0,0,52976,52977,52978,0,1,1,1,1,107708,106823,0
75477,Heavy Overturned Table,,,,0,10,0,0,52734,0,0,0,0,1,0,0,0,0,0
75500,Bladespire Mauler,,,,0,7,0,0,52462,0,0,0,1,0,0,0,0,0,0
75502,Frostwolf Grunt,,,,0,7,0,0,52012,52743,49367,49368,0,1,0,0,5287,0,0
75507,Weeping Spirit,,,,0,6,0,0,52976,52977,52978,0,1,1,1,0,0,0,0
75557,Tuurem Refugee,,,,0,7,0,0,52792,52793,52794,52796,1,1,1,1,0,0,0
75581,Iron Defender,,,,0,7,0,0,51768,0,0,0,1,0,0,0,106275,106903,0
75587,Floating Dagger,,,,0,7,0,0,47618,0,0,0,1,1,1,0,0,0,83073
75589,Saveel,,,,0,7,0,0,52782,0,0,0,1,1,1,1,0,0,0
75593,Rooter,,Hungry Stray,,0,1,0,0,52835,0,0,0,1,0,0,0,0,0,0
75595,Prototype Engineer,,,,0,7,0,0,52823,52824,52825,52826,1,1,1,1,1903,0,0
75605,Gorgrond Clefthoof,,,,0,1,43,0,52375,0,0,0,1,0,0,0,0,0,0
75611,Karabor Defender,,,,0,7,0,0,52409,52410,52411,52412,1,1,1,1,106267,29637,0
75615,Black Powder Keg,,,,0,10,0,0,52843,0,0,0,1,0,0,0,0,0,0
75632,Iron Scarhide,,,,0,7,0,0,52847,0,0,0,1,0,0,0,49657,0,0
75655,Amberfur Volen,,,,0,8,0,0,40819,0,0,0,1,0,0,0,0,0,0
75661,Slavemaster Ok'mok,,,,0,7,0,0,53492,0,0,0,1,0,0,0,0,0,0
75665,Chief Engineer Graktar,,,,0,7,0,0,52878,0,0,0,1,0,0,0,14527,0,50150
75668,Iron Gronn,,,,1,5,0,0,52897,48495,0,0,1,1,0,0,0,0,0
75675,Frost Wolf Howler,,,,0,1,0,0,52642,0,0,0,1,0,0,0,0,0,0
75707,Iron Horde Grunt,,,,0,7,0,0,51767,0,0,0,1,0,0,0,41980,0,0
75717,Warsong Wolf,,,,0,1,0,0,52600,52602,0,0,1,1,0,0,0,0,0
75720,Iron Crag-Leaper,,,,0,7,0,0,49332,49333,0,0,1,1,0,0,109610,0,0
75728,Lost Soul,,,,0,6,0,0,52976,52977,0,0,1,1,1,0,0,0,0
75729,Restless Wanderer,,,,0,6,0,0,0,0,52978,0,0,0,1,0,0,0,0
75745,Warsong Overseer,,,,0,7,0,0,56386,56387,56389,56388,1,1,1,1,10612,1961,58800
75747,Grom'kar Vanguard,,,,0,7,0,0,56415,56416,56413,56414,1,1,1,1,106275,108475,0
75749,Grom'kar Deadeye,,,,0,7,0,0,51767,0,0,0,1,0,0,0,61969,0,97695
75750,Iron Darkcaster,,,,0,7,0,0,50959,51099,51100,0,0,1,1,0,25105,0,0
75752,Grom'kar Grimshot,,,,0,7,0,0,56392,56393,56390,56391,1,1,1,1,110276,0,110117
75757,Gorr'thog Kill Credit,,Lord of Bladespire Citadel,,1,7,0,0,52705,0,0,0,1,0,0,0,0,0,0
75776,Chain Bunny,,,,0,10,0,3,1126,11686,0,0,0,1,0,0,0,0,0
75786,Roltall,,,,1,4,0,0,54259,0,0,0,1,1,1,1,0,0,0
75794,Burning Blademaster,,,,0,7,0,0,53587,56366,56368,56369,1,1,1,1,112016,0,0
75803,Vindicator Maraad,,,,1,7,0,0,58494,0,0,0,1,0,0,0,30802,0,0
75804,Yrel,,,,0,7,0,0,55210,0,0,0,1,0,0,0,118128,111738,0
75805,Archmage Khadgar,,Sons of Lothar,,1,7,0,0,56765,0,0,0,1,0,0,0,28067,0,0
75806,Durotan,,,,1,7,0,0,51837,0,0,0,1,0,0,0,94647,0,0
75807,Farseer Drek'Thar,,,,1,7,0,0,53609,0,0,0,1,0,0,0,48947,48947,0
75808,Draka,,,,1,7,0,0,49286,0,0,0,1,0,0,0,111299,111299,0
75815,Iron Shredder,,,,0,9,0,0,52915,0,0,0,1,0,0,0,0,0,0
75835,Stonemaul Slaver,,,,0,7,0,0,53490,53530,53531,0,1,1,1,0,0,85147,0
75839,Vigilant Kaathar,,Protector of Auchindoun,,1,9,0,0,58263,0,0,0,1,1,1,1,114923,114922,0
75861,Swift Elekk,,,,0,1,0,0,19374,0,0,0,1,0,0,0,0,0,0
75863,Draka,,,,1,7,0,0,49286,0,0,0,1,0,0,0,10612,10612,0
75866,Iron Gronn,,,,1,5,0,0,48495,0,0,0,1,0,0,0,0,0,0
75884,Rulkan,,,,0,7,0,0,53097,0,0,0,0,0,0,0,0,0,0
75912,Mutomu,,,,0,7,0,0,35797,0,0,0,1,0,0,0,0,0,0
75916,Helga Nesingwary,,,,0,7,0,0,52962,0,0,0,1,0,0,0,109621,0,0
75933,Giselda the Beautiful,,Shadow Council,,0,7,0,0,54569,0,0,0,1,0,0,0,13722,0,0
75943,Grom'kar Deadeye,,,,0,7,0,0,59782,0,0,0,1,0,0,0,61969,0,97695
75945,Burning Blademaster,,,,0,7,0,0,59787,59788,59789,59790,1,1,1,1,112016,0,0
75946,Grom'kar Shadowblade,,,,0,7,0,0,59791,59792,59793,59794,1,1,1,1,5605,5605,0
75947,Grom'kar Grimshot,,,,0,7,0,0,59795,59796,59797,59798,1,1,1,1,110276,0,110117
75966,Defiled Spirit,,,,0,6,0,0,61672,61673,0,0,1,1,1,1,107708,106823,0
75992,Yrel,,,,0,7,0,0,55210,0,0,0,1,0,0,0,118128,111738,0
76031,Hansel Heavyhands,,,,0,7,0,0,52528,0,0,0,1,0,0,0,3494,11506,0
76032,Thaelin Darkanvil,,,,0,7,0,0,52540,0,0,0,1,0,0,0,1911,0,0
76045,Image of Teron'gor,,Shadow Council,,1,7,0,0,58351,0,0,0,1,0,0,0,0,0,0
76048,Slain Iron Grunt,,,,0,7,0,0,51767,0,0,0,1,0,0,0,41980,0,0
76051,Yrel,,,,0,7,0,0,53025,0,0,0,1,0,0,0,0,0,0
76054,Yrel,,,,0,7,0,0,55210,0,0,0,1,0,0,0,118128,111738,0
76065,Yrel,,,,0,7,0,0,53025,0,0,0,1,0,0,0,0,0,0
76067,Yrel,,,,0,7,0,0,55210,0,0,0,1,0,0,0,118128,111738,0
76083,Arakkoa Magnifying Glass Focus,,,,1,4,0,3,21423,46710,0,0,0,1,1,1,0,0,0
76084,Iron Skyreaver,,,,0,1,0,0,53038,0,0,0,1,0,0,0,0,0,0
76155,Invisible Man,,,,0,10,0,0,53073,0,0,0,0,0,0,0,0,0,0
76156,Vindicator Maraad,,,,1,7,0,0,58494,0,0,0,1,1,1,1,30802,0,0
76170,Staff of Souls,,,,0,10,0,3,11686,0,0,0,1,0,0,0,110990,0,0
76174,Grommar Wallbreaker,,,,0,10,0,0,52353,0,0,0,1,0,0,0,0,0,0
76177,Soulbinder Nyami,,Shadow Council,,1,7,0,0,53089,0,0,0,1,1,1,1,94665,107813,0
76184,Rabbit AINeed Test NAgle WalkAround Bunny,,,,0,14,0,0,328,4626,0,0,1,1,1,1,0,0,0
76196,Goreslob,,,,6,1,0,0,54131,0,0,0,1,1,1,1,0,0,0
76208,Razortusk the Untamed,,,,0,1,5,0,52652,0,0,0,1,0,0,0,0,0,0
76233,Frostwolf Grunt,,,,0,7,0,0,52012,52743,49367,49368,1,1,0,0,5287,0,0
76234,Frost Wolf,,,,0,7,0,0,52598,0,0,0,1,0,0,0,0,0,0
76241,Nightstalker,,Durotan's Companion,,0,1,1,0,52599,0,0,0,1,0,0,0,0,0,0
76242,Thrall,,,,1,7,0,0,53057,0,0,0,1,0,0,0,109674,0,0
76268,Ner'zhul,,Warlord of the Shadowmoon Clan,,1,7,0,0,52769,0,0,0,0,0,0,0,0,0,0
76274,Ranger Arepheon,,,,0,7,0,0,52294,0,0,0,1,0,0,0,32876,0,32876
76278,Grommash Hellscream,,Warchief of the Iron Horde,,1,7,0,0,53154,0,0,0,1,0,0,0,24409,0,0
76286,Arakkoa Magnifying Glass A,,,,1,9,0,3,21423,46710,0,0,0,1,0,0,0,0,0
76290,Yrel,,,,0,7,0,0,55210,0,0,0,1,0,0,0,118128,111738,0
76325,Iron Grunt,,,,0,7,0,0,51767,0,0,0,1,0,0,0,41980,0,0
76340,Gronn War Machine,,,,1,5,0,0,53079,0,0,0,1,0,0,0,0,0,0
76342,Grommash Hellscream,,Warchief of the Iron Horde,,1,7,0,0,53154,0,0,0,0,0,0,0,24409,0,0
76350,Ner'zhul,,Warlord of the Shadowmoon Clan,,1,7,0,0,36372,11686,0,0,0,1,0,0,110990,0,0
76351,Grommash Hellscream,,Warchief of the Iron Horde,,1,7,0,0,53153,0,0,0,1,0,0,0,0,0,0
76365,Iron Horde War Machine 02b Creature,,,,0,7,0,0,52989,0,0,0,1,0,0,0,0,0,0
76386,Yrel,,,,0,7,0,0,55210,0,0,0,1,0,0,0,118128,111738,0
76402,Iron Horde Grunt,,,,1,7,0,0,51767,0,0,0,1,0,0,0,41980,0,0
76411,Farseer Drek'Thar,,,,1,7,0,0,53609,0,0,0,1,0,0,0,0,0,0
76414,Frost Wolf Howler,,,,0,1,0,0,52598,0,0,0,1,0,0,0,0,0,0
76453,Farseer Drek'Thar,,,,1,7,0,0,53609,0,0,0,1,0,0,0,0,0,0
76456,Egg Cluster,,,,0,10,0,0,53292,0,0,0,1,0,0,0,0,0,0
76463,Helga Nesingwary,,Pale Hunter,,0,7,0,0,52962,0,0,0,1,0,0,0,109621,0,0
76471,Snowsong,,,,1,1,0,0,53236,0,0,0,0,0,0,0,0,0,0
76484,Durotan,,,,1,7,0,0,51837,0,0,0,1,0,0,0,94647,0,0
76485,Draka,,,,1,7,0,0,49286,0,0,0,0,0,0,0,10612,10612,10612
76486,Ga'nar,,,,1,7,0,0,49191,0,0,0,1,0,0,0,111299,111299,0
76487,Lokra,,,,0,7,0,0,53371,0,0,0,1,0,0,0,10612,10612,88711
76488,Thrall,,,,1,7,0,0,53057,0,0,0,1,0,0,0,109674,0,0
76489,Farseer Drek'Thar,,,,1,7,0,0,53609,0,0,0,1,0,0,0,48947,48947,0
76491,Maggoc,,Son of Gruul,,1,5,0,0,61227,0,0,0,1,0,0,0,0,0,0
76492,Frostwolf Grunt,,,,0,7,0,0,52012,52743,49367,49368,1,1,0,0,5287,0,0
76498,Helga Nesingwary,,Pale Hunter,,0,7,0,0,52962,0,0,0,1,0,0,0,109621,0,0
76509,Kram'akan Meltmaw,,,,0,7,0,0,54308,0,0,0,1,0,0,0,0,0,0
76515,Kram'akan Meltmaw,,,,0,7,0,0,49508,0,0,0,1,0,0,0,0,0,0
76525,Ghostly Gronn,,,,1,5,0,0,53079,0,0,0,1,0,0,0,0,0,0
76545,Broodling,,,,6,1,0,0,53286,0,0,0,1,1,1,1,0,0,0
76549,Iron Grunt,,,,0,7,0,0,51998,0,0,0,1,0,0,0,41980,0,0
76570,Frostwolf Grunt,,,,0,7,0,0,52012,52743,49367,49368,1,1,0,0,5287,0,5287
76571,Frostwolf Field Medic,,,,0,7,0,0,52012,52743,49367,49368,1,1,0,0,5287,0,0
76584,Freed Frostwolf Slave,,,,0,7,0,0,53288,53289,53453,53454,1,1,1,1,0,0,0
76588,Thrall,,,,1,7,0,0,53057,0,0,0,1,0,0,0,109674,0,0
76590,Farseer Drek'Thar,,,,1,7,0,0,53609,0,0,0,1,0,0,0,0,0,0
76601,Darren's Test NPC 3,,,,1,5,0,0,39890,30272,4259,0,1,1,1,0,56228,0,0
76602,Wise-ear,,Drek'Thar's Companion,,0,1,0,0,52599,0,0,0,1,0,0,0,0,0,0
76606,Iron Horde Scout,,,,0,7,0,0,51767,0,0,0,1,0,0,0,1906,0,0
76622,Thrall,,,,1,7,0,0,53057,0,0,0,1,0,0,0,109674,0,0
76626,Iron Weapon Wagon,,,,0,1,43,0,53342,0,0,0,1,0,0,0,0,0,0
76627,[UNUSED] Iron Warder,,,,0,7,0,0,51768,0,0,0,1,0,0,0,106275,106903,0
76630,Malgrim Stormhand,,,,1,7,0,0,53569,0,0,0,1,0,0,0,92890,92890,0
76631,Cure for Insanity,,,,0,12,0,0,15436,0,0,0,1,1,1,1,0,0,0
76657,Client Bunny - GJC,,,,0,10,0,3,1126,11686,0,0,0,1,0,0,0,0,0
76661,Lowland Saberon,,,,0,7,0,0,52960,0,0,0,1,0,0,0,0,0,0
76695,Auchenai Soulpriest,,,,0,7,0,0,52550,52551,0,0,1,1,0,0,33608,0,0
76714,Auchenai Soulpriest,,,,0,7,0,0,52550,52551,0,0,1,1,0,0,33608,0,0
76717,Auchenai Caretaker,,,,0,7,0,0,52484,52485,52486,52487,1,1,1,1,0,0,0
76718,Bonechewer Scavenger,,,,0,7,0,0,53381,0,0,0,1,0,0,0,33268,0,0
76719,Bonechewer Cannibal,,,,0,7,0,0,53380,0,0,0,1,0,0,0,0,0,0
76721,Draka,,,,1,7,0,0,49286,0,0,0,0,0,0,0,10612,10612,0
76723,Yrel,,,,0,7,0,0,55210,0,0,0,1,0,0,0,118128,111738,0
76724,Kal'gor the Honorable,,,,1,7,0,0,51824,0,0,0,1,0,0,0,10612,10612,0
76725,Ligra the Unyielding,,,,0,7,0,0,51823,0,0,0,1,0,0,0,12290,0,0
76726,Weaponsmith Na'shra,,,,0,7,0,0,52397,0,0,0,1,0,0,0,14879,0,0
76727,Igrimar the Resolute,,,,0,7,0,0,52021,0,0,0,1,0,0,0,43897,0,0
76728,Gol'kosh the Axe,,,,0,7,0,0,52557,0,0,0,1,0,0,0,10612,107339,5856
76729,Matron Suma,,,,0,7,0,0,52211,0,0,0,1,0,0,0,0,0,0
76730,Makar Stonebinder,,,,0,7,0,0,50704,0,0,0,1,0,0,0,0,0,0
76731,Karg Bloodfury,,,,0,7,0,0,49772,0,0,0,1,0,0,0,5288,0,0
76747,Yrel,,,,0,7,0,0,55210,0,0,0,1,0,0,0,118128,111738,0
76753,Eredar,,,,0,10,0,0,18286,0,0,0,1,0,0,0,0,0,0
76754,Velen,,,,0,10,0,0,52926,0,0,0,1,0,0,0,0,0,0
76755,Kil'jaeden,,,,0,10,0,0,53436,0,0,0,1,0,0,0,0,0,0
76756,Oshu'gun,,,,0,10,0,0,60068,0,0,0,1,0,0,0,0,0,0
76757,Naaru,,,,0,10,0,0,17071,0,0,0,1,0,0,0,0,0,0
76771,Teron'gor,,Shadow Council,,1,7,0,0,53438,0,0,0,1,0,0,0,0,0,0
76772,Hurkan Skullsplinter,,Bonechewer Chieftain,,0,7,0,0,53954,0,0,0,1,0,0,0,76496,76496,0
76785,Demonic Gateway,,,,0,11,0,0,40657,0,0,0,0,0,0,0,0,0,0
76790,Yuuri,,Head Caretaker,,0,7,0,0,53447,0,0,0,1,0,0,0,0,0,0
76804,Lady Liadrin,,Blood Knight Matriarch,,1,7,0,0,52434,0,0,0,1,1,1,1,163831,163832,0
76828,Ormuus,,Maladaar's Elekk,,1,1,0,0,31368,0,0,0,1,0,0,0,0,0,0
76873,Hogs,,,,0,14,0,0,53502,0,0,0,1,1,1,1,1905,0,0
76878,Demonic Gateway,,,,0,11,0,0,53952,0,0,0,0,0,0,0,0,0,0
76904,Deceptia,,,,0,7,0,0,53524,0,0,0,1,0,0,0,0,0,0
76908,Spiderling,,,,0,1,0,0,53521,0,0,0,1,0,0,0,0,0,0
76910,Shock Commander Markar,,,,0,7,0,0,53522,0,0,0,1,0,0,0,41980,0,0
76916,Windswept Rylak,,,,0,1,38,3,53327,0,0,0,1,1,1,1,0,0,0
76919,Rylak Watcher,,,,0,1,38,0,52559,0,0,0,1,1,1,1,0,0,0
76924,Orgrim Doomhammer,,,,1,7,0,0,52910,0,0,0,0,0,0,0,12183,0,0
76925,Frost Wolf,,,,0,1,0,0,52598,0,0,0,1,0,0,0,0,0,0
76928,Kraank,,Food & Drink,,0,7,0,0,53538,0,0,0,1,1,1,1,18425,18425,0
76931,Mysterious Orc,,,,0,7,0,0,53539,53540,0,0,0,1,0,0,0,0,0
76956,Dead Windswept Rylak,,,,0,1,38,3,53327,0,0,0,1,0,0,0,0,0,0
76960,Iron Grunt,,,,0,7,0,0,51998,0,0,0,1,0,0,0,41980,0,0
76981,Blademaster Bralok,,,,0,7,0,0,53613,0,0,0,1,0,0,0,106207,0,0
76987,Kaz the Shrieker,,,,0,7,0,0,52195,0,0,0,1,0,0,0,0,0,0
76988,Rangari D'kaan,,,,0,7,0,0,52536,0,0,0,1,0,0,0,108493,0,108491
77017,Durotan,,Chieftain of the Frostwolf Clan,,0,7,0,0,51837,0,0,0,1,0,0,0,94647,0,0
77018,Draka,,,,1,7,0,0,49286,0,0,0,0,0,0,0,10612,10612,0
77019,Capsule Bunny,,,,0,10,0,3,22903,11686,0,0,0,1,0,0,0,0,0
77021,Albino Chimaeraling,,,,0,12,0,3,53610,0,0,0,1,1,1,1,0,0,0
77023,Grom'kar Deadeye,,,,0,7,0,0,51767,0,0,0,1,0,0,0,61969,0,97695
77024,Grom'kar Vanguard,,,,0,7,0,0,56415,56416,56413,56414,1,1,1,1,106275,108475,0
77032,Doomhammer's Dethroller,,,,1,9,0,0,53018,0,0,0,1,0,0,0,0,0,0
77038,Telmor Citizen,,,,0,7,0,0,52484,0,0,0,1,0,0,0,0,0,0
77047,Fireblade Invoker,,,,0,7,0,0,56371,56372,56373,56374,1,1,1,1,107424,0,0
77064,Telmor Defender,,,,0,7,0,0,52544,52545,0,0,1,1,0,0,29630,29640,0
77066,Fireblade Invoker,,,,0,7,0,0,59783,59784,59785,59786,1,1,1,1,107424,0,0
77079,Whitefang,,Draka's Companion,,0,1,0,0,52598,0,0,0,1,0,0,0,0,0,0
77082,Restalaan,,Captain of the Guard,,0,7,0,0,54771,0,0,0,1,0,0,0,0,0,0
77088,Commander Alyun,,,,1,7,0,0,53679,0,0,0,1,1,1,1,108760,0,0
77107,Thrall,,,,1,7,0,0,53057,0,0,0,1,0,0,0,109674,0,0
77109,Elekk Fly,,,,0,1,0,0,53707,0,0,0,1,0,0,0,0,0,0
77130,Sargerei Ritualist,,,,1,7,0,0,60884,0,0,0,1,0,0,0,107214,88724,0
77131,Sargerei Spirit-Tender,,,,1,7,0,0,60881,0,0,0,1,0,0,0,105941,109635,0
77132,Sargerei Zealot,,,,1,7,0,0,60885,0,0,0,1,0,0,0,106265,106265,0
77133,Sargerei Hoplite,,,,1,7,0,0,61058,0,0,0,1,0,0,0,93799,89116,0
77134,Sargerei Cleric,,,,1,7,0,0,60883,0,0,0,1,0,0,0,105909,0,0
77137,Dread Hatchling,,,,0,12,0,0,53719,0,0,0,1,0,0,0,0,0,0
77160,Hansel Heavyhands,,,,0,7,0,0,52528,0,0,0,1,0,0,0,3494,11506,0
77161,Thaelin Darkanvil,,,,0,7,0,0,52540,0,0,0,1,0,0,0,1911,0,0
77173,Karabor Defender,,,,0,7,0,0,52409,52410,52411,52412,1,1,1,1,106267,2081,0
77175,Overlord Blackhammer,,,,0,7,0,0,51768,0,0,0,1,0,0,0,110961,0,0
77184,Archmage Khadgar,,Sons of Lothar,,1,7,0,0,56765,0,0,0,1,0,0,0,28067,0,0
77185,Thaelin Darkanvil,,,,0,7,0,0,52540,0,0,0,1,0,0,0,1911,0,0
77217,Jr. Surveyor Dorn,,,,0,7,0,0,47081,0,0,0,1,0,0,0,0,0,0
77221,Iron Starlette,,,,0,12,0,0,53748,0,0,0,0,0,0,0,0,0,0
77228,Karabor Child,,,,0,7,0,0,19091,0,0,0,1,0,0,0,0,0,0
77245,Romuul,,Master Artificer,,0,7,0,0,52508,0,0,0,1,0,0,0,0,0,0
77256,Blackhand,,,,1,7,0,0,53791,0,0,0,1,1,1,1,113126,0,109185
77257,Orgrim Doomhammer,,,,1,7,0,0,61159,0,0,0,0,0,0,0,12183,0,0
77262,Yrel,,,,0,7,0,0,55210,0,0,0,1,0,0,0,118128,111738,0
77263,Vindicator Akama,,,,1,7,0,0,49904,0,0,0,1,0,0,0,105908,0,0
77264,Marnaa,,,,0,7,0,0,57312,0,0,0,1,0,0,0,29981,0,0
77268,Karabor Defender,,,,0,7,0,0,52409,52410,52411,52412,1,1,1,1,106267,29637,0
77277,xxxxxx,,,,0,7,0,0,52294,0,0,0,1,0,0,0,32876,0,32876
77278,Draka,,,,1,7,0,0,49286,0,0,0,1,0,0,0,10612,10612,0
77280,Durotan,,Chieftain of the Frostwolf Clan,,0,7,0,0,51837,0,0,0,1,0,0,0,94647,0,0
77281,Farseer Drek'Thar,,,,1,7,0,0,53609,0,0,0,1,0,0,0,48947,48947,0
77284,Whitefang,,,,0,1,0,0,52598,0,0,0,1,0,0,0,0,0,0
77285,Yrel,,,,0,7,0,0,55210,0,0,0,1,0,0,0,118128,111738,0
77286,Nightstalker,,,,0,1,1,0,52598,0,0,0,1,0,0,0,0,0,0
77287,Wise-ear,,,,0,1,0,0,52599,0,0,0,1,0,0,0,0,0,0
77289,Kaz the Shrieker,,,,0,7,0,0,52195,0,0,0,1,0,0,0,0,0,0
77290,Limbflayer,,,,0,7,0,0,52201,0,0,0,1,0,0,0,15272,0,0
77303,Velen's Staff [TEMP],,,,0,10,0,0,53784,0,0,0,0,0,0,0,0,0,0
77311,Hansel Heavyhands,,,,0,7,0,0,52528,0,0,0,1,0,0,0,3494,11506,0
77312,Vindicator Maraad,,,,1,7,0,0,58494,0,0,0,1,1,1,1,30802,0,0
77315,Prophet Velen,,,,1,7,0,0,52926,0,0,0,1,0,0,0,109068,0,0
77316,Yrel,,,,0,7,0,0,55210,0,0,0,1,0,0,0,118128,111738,0
77317,Velen Event Bunny (JSB),,,,0,10,0,0,16480,21342,0,0,0,1,0,0,0,0,0
77320,Ligra the Unyielding,,,,0,7,0,0,51823,52013,0,0,1,0,0,0,12290,0,0
77321,Kal'gor the Honorable,,,,0,7,0,0,52490,0,0,0,1,0,0,0,12290,0,5856
77322,Karabor Ranger,,,,0,7,0,0,52469,52471,52473,52474,1,1,1,1,29630,29637,34322
77323,Captain Cyrii,,Karabor Rangers,,0,7,0,0,53789,0,0,0,1,0,0,0,29630,0,34322
77325,Blackhand,,Warlord of the Blackrock,,1,7,0,0,53791,0,0,0,1,1,1,1,113126,0,109185
77332,Karabor Child,,,,0,7,0,0,19092,0,0,0,1,0,0,0,0,0,0
77333,Anchorite Varuu,,,,0,7,0,0,53814,0,0,0,1,0,0,0,0,0,0
77334,Karabor Citizen,,,,0,7,0,0,53801,53802,53803,53804,1,1,1,1,0,0,0
77336,Karabor Citizen,,,,0,7,0,0,53808,53809,53810,53811,1,1,1,1,0,0,0
77342,Siegemaker,,,,1,9,0,0,53869,0,0,0,1,0,0,0,0,0,0
77388,Teron'gor,,Shadow Council,,1,7,0,0,58352,0,0,0,1,0,0,0,0,0,0
77405,Rubble Pile,,,,1,9,0,0,55382,55383,55384,0,1,1,1,0,0,0,0
77417,Image of Archmage Khadgar,,Sons of Lothar,,1,7,0,0,58813,0,0,0,1,0,0,0,28067,0,0
77485,Durotan,,Chieftain of the Frostwolf Clan,,0,7,0,0,51837,0,0,0,1,0,0,0,94647,0,0
77488,Krosnis,,,,0,3,0,0,39278,0,0,0,1,0,0,0,0,0,0
77501,Riasa Songbrook,,,,0,7,0,0,53926,0,0,0,1,0,0,0,0,0,0
77558,Blackrock Foundry,,,,1,9,0,0,169,38795,0,0,0,1,0,0,0,0,0
77563,Eye of Gul'dan,,,,0,3,0,0,14430,0,0,0,1,0,0,0,0,0,0
77570,Ceiling Stalker,,,,1,9,0,0,169,38795,0,0,0,1,0,0,0,0,0
77571,Demonic Gateway,,,,0,10,0,0,53952,0,0,0,1,0,0,0,0,0,0
77572,Blackrock Foundry,,,,1,9,0,0,169,38795,0,0,0,1,0,0,0,0,0
77573,Gul'dan,,Lord of the Shadow Council,,1,7,0,0,59808,0,0,0,1,0,0,0,0,0,0
77575,Ritual Circle,,,,0,10,0,0,53953,0,0,0,1,0,0,0,0,0,0
77577,Blackrock Foundry,,,,1,9,0,0,169,38795,0,0,0,1,0,0,0,0,0
77583,Y'kish the Wingless,,,,0,6,0,0,59476,0,0,0,1,0,0,0,0,0,0
77585,Helga Nesingwary,,Pale Hunter,,0,7,0,0,52962,0,0,0,1,0,0,0,109621,109621,0
77586,Jagahari,,,,6,7,0,3,51797,0,0,0,1,0,0,0,33275,0,0
77588,Mutomu,,,,0,7,0,0,35797,0,0,0,1,0,0,0,0,0,0
77590,Gateway Charge,,,,0,10,0,3,53961,0,0,0,1,0,0,0,0,0,0
77591,Gateway Charge,,,,0,10,0,3,53962,0,0,0,1,0,0,0,0,0,0
77592,Gateway Charge,,,,0,10,0,3,53963,0,0,0,1,0,0,0,0,0,0
77639,Garona Halforcen,,,,1,7,0,0,34613,0,0,0,1,0,0,0,61297,61297,0
77672,Redemption,,Liadrin's Steed,,1,1,0,0,53468,0,0,0,1,0,0,0,0,0,0
77689,Shadowmoon Talbuk,,,,0,1,0,0,59364,0,0,0,1,0,0,0,0,0,0
77734,Teron'gor,,Shadow Council,,1,7,0,0,54036,0,0,0,1,1,1,1,0,0,0
77747,Shattrath Elekk,,,,0,1,0,0,59341,0,0,0,1,0,0,0,0,0,0
77765,Draenei Soul,,,,0,7,0,0,5430,0,0,0,1,0,0,0,0,0,0
77787,Draenei Child,,,,0,7,0,0,19091,19092,0,0,1,1,1,1,0,0,0
77802,Draenei Explorer,,,,0,7,0,0,53808,53809,53810,53811,1,1,1,1,0,0,0
77810,Soulbinder Nyami,,Shadow Council,,1,7,0,3,53089,0,0,0,1,0,0,0,94665,107813,0
77812,Sargerei Soulbinder,,,,1,7,0,0,60882,0,0,0,1,0,0,0,106269,107637,0
77819,Auchenai Vigilant,,,,1,9,0,0,60167,0,0,0,1,0,0,0,114923,114922,0
77829,Thaelin Darkanvil,,,,0,7,0,0,52540,0,0,0,1,0,0,0,1911,0,0
77832,Soul Aegis,,,,0,10,0,3,57029,0,0,0,1,0,0,0,0,0,0
77853,Image of Archmage Vargoth,,,,0,7,0,3,19078,0,0,0,1,0,0,0,28456,0,0
77856,Exarch Yrel,,,,1,7,0,0,54119,0,0,0,1,0,0,0,111523,0,0
77857,Ka'alu,,Raven Mother,,1,1,26,0,57164,0,0,0,1,0,0,0,0,0,0
77866,Helga Nesingwary,,Pale Hunter,,0,7,0,0,52962,0,0,0,1,0,0,0,109621,0,0
77870,Ockbar the Wanderer,,,,0,7,0,0,17173,0,0,0,1,1,1,1,0,0,0
77886,Frost Wolf,,,,0,1,1,0,52598,52599,0,0,1,1,0,0,0,0,0
77889,Grom'tash the Destructor,,Shadow Council,,1,7,0,0,54165,0,0,0,1,0,0,0,35220,0,0
77890,Durag the Dominator,,Shadow Council,,1,7,0,0,54166,0,0,0,1,0,0,0,32374,0,0
77914,xxxx,,,,0,7,0,0,52294,0,0,0,1,1,1,1,32876,0,32876
77915,Throm'var Villager,,,,0,7,0,0,54180,54184,54181,54185,1,1,1,1,107112,0,0
77928,Gazlowe,,,,0,7,0,0,53001,0,0,0,1,0,0,0,4994,13855,12523
77937,Warsong Wolf,,,,0,1,0,0,54194,54193,0,0,1,1,0,0,0,0,0
77947,Auchenai Cleric,,,,1,7,0,0,54137,0,0,0,1,0,0,0,105909,0,0
77948,Auchenai Hoplite,,,,1,7,0,0,54147,0,0,0,1,0,0,0,93799,89116,0
77949,Auchenai Ritualist,,,,1,7,0,0,54140,0,0,0,1,0,0,0,107214,88724,0
77950,Auchenai Zealot,,,,1,7,0,0,54169,0,0,0,1,0,0,0,106265,106265,0
77951,Auchenai Spirit-Tender,,,,1,7,0,0,54138,0,0,0,1,0,0,0,105941,109635,0
77952,Auchenai Soulbinder,,,,1,7,0,0,54136,0,0,0,1,0,0,0,106269,107637,0
77996,Borgal Doomfist,,Chieftain of the Bloodmaul,,0,7,0,0,55096,0,0,0,1,0,0,0,108756,0,0
78003,Grubnor Wargut,,,,0,5,0,0,55543,0,0,0,1,0,0,0,107415,0,0
78008,Draenei Male,,,,0,7,0,0,54077,0,0,0,1,0,0,0,108606,0,0
78009,Orc Male,,,,0,7,0,0,54150,0,0,0,1,0,0,0,110177,0,0
78010,Goblin Female,,,,0,7,0,0,53964,0,0,0,1,0,0,0,110890,0,0
78011,Hippo,,,,0,7,0,0,52416,0,0,0,1,0,0,0,0,0,0
78012,Human Male,,,,0,7,0,0,53652,0,0,0,1,0,0,0,107254,0,0
78013,Pandaren Female,,,,0,7,0,0,42090,0,0,0,1,0,0,0,102608,99975,0
78014,Gargronntuan [PH],,[PH Model],,1,5,0,0,52897,0,0,0,1,0,0,0,0,0,0
78031,Blook,,,,0,5,0,0,55543,0,0,0,1,0,0,0,107412,107409,0
78047,Thunderlord Scout,,,,0,7,0,0,54260,54422,0,0,1,1,0,0,11864,0,2550
78052,Rangari Kaalya,,,,0,7,0,0,54263,0,0,0,0,0,0,0,0,0,109234
78093,Auchenai Zealot,,,,1,7,0,0,61174,0,0,0,1,0,0,0,106265,106265,0
78140,Iron Cavalry,,,,1,7,0,0,54327,54328,58490,58491,1,1,1,1,24044,0,0
78158,Doomguard,,,,0,3,19,0,64965,0,0,0,0,0,0,0,0,0,0
78187,Thisalee Crow,,Druid of the Talon,,0,7,0,0,32254,0,0,0,0,0,0,0,57020,0,0
78208,Shadow Hunter Rala,,,,1,7,0,0,54367,0,0,0,1,0,0,0,29433,0,0
78209,Shadow Hunter Mala,,,,1,7,0,0,54368,0,0,0,1,0,0,0,29433,0,0
78215,Terrorguard,,,,0,3,147,0,65072,0,0,0,0,0,0,0,0,0,0
78216,Abyssal,,,,0,3,148,0,16874,0,0,0,1,1,1,1,0,0,0
78217,Infernal,,,,0,3,108,0,72978,0,0,0,1,1,1,1,0,0,0
78218,Abyssal,,,,0,3,148,0,51650,0,0,0,1,1,1,1,0,0,0
78220,Engronneer [PH],,[PH Model],,1,5,0,0,20346,0,0,0,1,0,0,0,0,0,0
78223,Iron Berserker,,,,0,7,0,0,52026,0,0,0,1,0,0,0,107114,107114,0
78226,Iron Gladiator,,,,0,7,0,0,52099,0,0,0,1,0,0,0,107377,107348,0
78251,Thisalee Crow,,Druid of the Talon,,0,7,0,0,32254,0,0,0,0,0,0,0,57020,0,0
78255,Dryback Acidroller,,,,0,7,0,0,54404,0,0,0,1,0,0,0,0,0,0
78256,Dryback Devourer,,,,0,7,0,0,54397,0,0,0,1,0,0,0,0,0,0
78263,Sacrificial Slave,,,,0,7,0,0,54217,54220,54216,54212,1,1,1,1,0,0,0
78268,Soulgrinder,,,,0,10,0,0,54799,21072,0,0,1,0,1,1,0,0,0
78272,Durotan,,,,1,7,0,0,61126,0,0,0,1,0,0,0,94647,0,0
78277,Breezestrider Colt,,,,0,1,151,0,58048,53612,55810,0,1,1,1,0,0,0,0
78278,Breezestrider Talbuk,,,,0,1,151,0,53114,53116,0,0,0,1,0,0,0,0,0
78288,Archmage Khadgar,,Sons of Lothar,,1,7,0,0,56765,0,0,0,1,0,0,0,28067,0,0
78322,Frostwolf Rylak,,,,0,1,0,0,53327,0,0,0,1,0,0,0,0,0,0
78333,Gul'dan,,Lord of the Shadow Council,,1,7,0,0,59808,0,0,0,1,0,0,0,0,0,0
78344,Demon Portal,,,,0,10,0,0,54449,0,0,0,1,0,0,0,0,0,0
78353,Injured Miner,,,,0,7,0,0,53801,53802,53803,53804,1,1,1,1,0,0,0
78354,Injured Miner,,,,0,7,0,0,53808,53809,53810,53811,1,1,1,1,0,0,0
78375,Invis Effect Bunny,,,,0,10,0,0,328,21072,0,0,0,1,0,0,0,0,0
78383,Frostwolf Grunt,,,,0,7,0,0,52013,0,0,0,1,0,0,0,5287,0,0
78384,Frostwolf Grunt,,,,0,7,0,0,52012,0,0,0,1,0,0,0,5287,0,0
78392,Rocket Chicken XL,,,,0,12,0,0,46653,0,0,0,1,1,1,1,0,0,0
78417,Thisalee Crow,,Druid of the Talon,,0,7,0,0,892,0,0,0,0,0,0,0,0,0,0
78418,Thisalee Crow,,Druid of the Talon,,0,7,0,0,21243,0,0,0,1,0,0,0,0,0,0
78421,Weebomination,,,,0,12,0,0,54511,0,0,0,1,1,1,1,0,0,0
78422,Khadgar's Flying Carpet,,,,0,1,0,0,28063,0,0,0,1,0,0,0,0,0,0
78423,Archmage Khadgar,,Sons of Lothar,,1,7,0,0,61871,0,0,0,1,0,0,0,28067,0,0
78425,Warlord Dar'toon,,,,1,7,0,0,18670,0,0,0,0,0,0,0,99984,0,0
78426,Watch Commander Relthorn Netherwane,,,,1,7,0,0,16386,0,0,0,0,0,0,0,99936,92028,0
78430,Cordana Felsong,,Warden,,1,7,0,0,50650,0,0,0,1,0,0,0,32425,0,0
78434,Choluna,,Druid of the Talon,,0,7,0,0,32253,0,0,0,1,0,0,0,0,0,0
78437,Gul'kosh,,Shadow Council,,1,7,0,0,54517,0,0,0,1,0,0,0,104301,107709,0
78438,Alliance Portal-Sentry,,,,0,7,0,0,32386,32387,32388,32389,1,1,1,1,30410,23907,0
78439,Horde Portal-Sentry,,,,0,7,0,0,32770,32771,32772,32773,1,1,1,1,34693,0,0
78464,Skylord Omnuron,,Druid of the Talon,,0,7,0,0,32245,0,0,0,1,0,0,0,13339,0,0
78466,Gazlowe,,Garrison Architect,,0,7,0,0,53001,0,0,0,1,1,1,1,4994,13855,12523
78467,Frostwall Peon,,,,0,7,0,0,59253,59254,59255,0,1,1,1,1,1902,0,0
78478,Shadow Hunter Kajassa,,,,1,7,0,0,54542,0,0,0,1,0,0,0,29433,0,0
78487,Rokhan,,,,1,7,0,0,116250,0,0,0,1,1,1,1,182571,0,0
78495,Shadow Hunter Ukambe,,,,1,7,0,0,54554,0,0,0,1,0,0,0,29433,0,0
78496,Darkspear Headhunter,,,,1,7,0,0,54556,0,0,0,1,0,0,0,0,0,0
78499,Darkspear Headhunter,,,,1,7,0,0,54557,0,0,0,1,0,0,0,0,0,0
78502,Calder Gray,,,,0,7,0,0,30823,0,0,0,1,0,0,0,3350,0,0
78507,Bleeding Hollow Savage,,,,0,7,0,0,56742,56743,56744,0,1,1,1,0,85768,0,0
78509,Bleeding Hollow Berserker,,,,0,7,0,0,58758,0,0,0,1,0,0,0,0,0,0
78510,Bleeding Hollow Hatchet,,,,0,7,0,0,52028,0,0,0,1,0,0,0,106828,106828,106828
78512,Iron Wolf Mount,,,,0,1,0,0,54563,0,0,0,1,0,0,0,0,0,0
78519,Soulbinder Nyami,,,,0,7,0,0,53449,0,0,0,1,0,0,0,94665,107813,0
78520,Soulbinder Tuulani,,,,1,7,0,0,54040,0,0,0,1,0,0,0,94665,0,0
78553,Thrall,,,,1,7,0,0,53057,0,0,0,1,0,0,0,109674,0,0
78554,Vindicator Maraad,,,,1,7,0,0,58494,0,0,0,1,0,0,0,30802,0,0
78555,Owynn Graddock,,,,0,7,0,0,54258,0,0,0,1,0,0,0,49437,2813,0
78556,Ariok,,,,0,7,0,0,36185,0,0,0,1,1,1,1,57012,0,0
78558,Archmage Khadgar,,Sons of Lothar,,1,7,0,0,56765,0,0,0,1,0,0,0,28067,0,0
78559,Archmage Khadgar,,Sons of Lothar,,1,7,0,0,56765,0,0,0,1,0,0,0,28067,0,0
78560,Archmage Khadgar,,Sons of Lothar,,1,7,0,0,56765,0,0,0,1,0,0,0,28067,0,0
78561,Archmage Khadgar,,Sons of Lothar,,1,7,0,0,56765,0,0,0,1,0,0,0,28067,0,0
78562,Archmage Khadgar,,Sons of Lothar,,1,7,0,0,56765,0,0,0,1,0,0,0,28067,0,0
78563,Archmage Khadgar,,Sons of Lothar,,1,7,0,0,56765,0,0,0,1,0,0,0,28067,0,0
78568,Thaelin Darkanvil,,Repairs,,0,7,0,0,52540,0,0,0,1,0,0,0,1911,0,0
78569,Hansel Heavyhands,,,,0,7,0,0,52528,0,0,0,1,0,0,0,3494,11506,0
78577,Mehlar Dawnblade,,,,0,7,0,0,16851,0,0,0,1,0,0,0,26003,0,0
78580,Yrel,,,,0,7,0,0,55210,0,0,0,1,0,0,0,118128,111738,0
78581,Great Purple Elekk,,,,0,1,0,0,19872,0,0,0,0,0,0,0,0,0,0
78582,Thalassian Charger,,,,0,1,0,0,19085,0,0,0,1,1,1,1,0,0,0
78591,Small Spider,,,,0,10,0,0,43199,0,0,0,1,0,0,0,0,0,0
78602,Chromie,,The Timewalkers,,1,2,0,0,10008,0,0,0,100,0,0,0,0,0,0
78632,ELM General Purpose Bunny Gigantic [Client Side],,,,0,10,0,0,1126,11686,0,0,0,1,0,0,0,0,0
78635,ELM General Purpose Bunny Gigantic [Client Side] (scale x3),,,,0,10,0,0,1126,15880,0,0,0,1,0,0,0,0,0
78638,Image of Archmage Vargoth,,,,0,7,0,0,19078,0,0,0,1,0,0,0,28456,0,0
78642,Owynn Graddock,,,,0,7,0,0,54258,0,0,0,1,0,0,0,49437,2813,0
78649,General Purpose Stalker,,,,0,10,0,0,47399,16946,0,0,0,1,0,0,0,0,0
78651,Shattered Hand Bonechopper,,,,0,7,0,0,58207,58208,58209,58210,1,1,1,1,108433,0,0
78667,Ironmarch Legionnaire,,,,1,7,0,0,54639,0,0,0,1,0,0,0,109553,106112,0
78670,Ironmarch Warcaster,,,,1,7,0,0,54646,0,0,0,1,0,0,0,108969,0,0
78674,Ironmarch Scorcher,,,,1,7,0,0,54647,0,0,0,1,0,0,0,109583,106112,0
78696,Ironmarch Champion,,,,1,7,0,0,54659,0,0,0,1,0,0,0,106276,106112,0
78714,Kargath Bladefist,,Warlord of the Shattered Hand,,1,7,0,0,54674,0,0,0,1,0,0,0,0,0,0
78736,Warlord Zaela,,,,1,7,0,3,54688,53713,0,0,1,0,0,0,110590,0,0
78775,Ironmarch Commander Tharbek,,Iron Horde Warmaster,,1,7,0,3,53689,54712,0,0,1,0,0,0,110663,77403,0
78779,Auchenai Defender,,,,0,7,0,0,54462,0,0,0,1,0,0,0,106267,29637,0
78780,Auchenai Defender,,,,0,7,0,0,54460,0,0,0,1,0,0,0,106267,29637,0
78781,Auchenai Defender,,,,0,7,0,0,54461,0,0,0,1,0,0,0,106267,29637,0
78783,Injured Miner,,,,0,7,0,0,53808,53809,53810,53811,1,1,1,1,0,0,0
78784,Injured Miner,,,,0,7,0,0,53801,53802,53803,53804,1,1,1,1,0,0,0
78813,Archmage Khadgar,,Sons of Lothar,,1,7,0,0,56765,0,0,0,1,0,0,0,28067,0,0
78816,Gateway Charge,,,,0,10,0,3,53961,0,0,0,1,0,0,0,0,0,0
78818,Rog,,,,1,5,0,0,54724,0,0,0,1,0,0,0,0,0,0
78819,Iyu,,,,1,5,0,0,54725,0,0,0,1,0,0,0,118055,0,0
78833,Great Exarch's Elekk,,,,0,1,0,0,31368,0,0,0,1,1,1,1,0,0,0
78883,Iron Grunt,,,,0,7,0,0,59613,59614,59615,59616,1,1,1,1,110575,0,0
78889,Diaani,,,,0,7,0,0,54781,0,0,0,1,0,0,0,0,0,0
78890,Arekk,,,,0,7,0,0,54780,0,0,0,1,0,0,0,0,0,0
78891,Zuulo,,,,0,7,0,0,54783,0,0,0,1,0,0,0,0,0,0
78895,Lil' Leftovers,,,,0,12,0,0,54752,0,0,0,1,1,1,1,0,0,0
78905,Battered Frostwolf Prisoner,,,,0,7,0,0,54575,54576,54577,54578,1,1,1,1,0,0,0
78906,Battered Karabor Prisoner,,,,0,7,0,0,54758,54759,54760,54761,1,1,1,1,0,0,0
78913,Draenor Gronn,,,,1,5,0,0,54762,0,0,0,2,3,2,0,0,0,0
78914,Draenor Gronn,,,,1,5,0,0,54763,0,0,0,2,3,2,0,0,0,0
78915,Draenor Gronn,,,,1,5,0,0,54764,0,0,0,1,0,0,0,0,0,0
78916,Draenor Gronn,,,,1,5,0,0,54765,0,0,0,1,0,0,0,0,0,0
78950,Ariok,,,,0,7,0,0,36185,0,0,0,1,1,1,1,57012,0,0
78955,Farmer Esteela,,,,0,7,0,0,57304,0,0,0,1,0,0,0,0,0,0
78965,Ariok,,,,0,7,0,0,58662,0,0,0,1,1,1,1,0,0,0
78991,Goblin Trader,,,,0,7,0,0,54838,54840,54841,54842,1,1,1,1,0,0,0
78994,Yrel,,,,0,7,0,0,60214,0,0,0,1,0,0,0,107704,0,0
78996,Farseer Drek'Thar,,,,1,7,0,0,54814,0,0,0,1,0,0,0,48947,48947,0
78997,Portal Effect Bunny,,,,0,10,0,0,328,54815,0,0,0,1,0,0,0,0,0
79039,Crazy Carrot,,,,0,12,0,0,54848,0,0,0,1,1,1,1,0,0,0
79043,Prophet Velen,,,,1,7,0,0,52926,0,0,0,1,0,0,0,35714,0,0
79055,Hobart Grapplehammer,,,,0,7,0,0,54856,0,0,0,0,0,0,0,4994,76172,0
79056,Deathguard Darnell,,,,0,7,0,0,36497,0,0,0,0,0,0,0,49729,110730,0
79057,Pao'ka Swiftmountain,,,,1,7,0,0,56553,0,0,0,0,0,0,0,110315,0,0
79058,Shokia,,,,0,7,0,0,54861,0,0,0,1,0,0,0,0,0,61354
79059,"""Doc"" Cogspin",,,,0,7,0,0,54862,0,0,0,0,0,0,0,53055,0,0
79060,Joren Ironstock,,Mountaineer Captain,,0,7,0,0,54863,0,0,0,0,0,0,0,0,0,87837
79062,Arnold Croman,,,,0,7,0,0,56548,0,0,0,1,0,0,0,99942,21572,0
79063,Joanna Blueheart,,Marshtide Watch Commander,,1,7,0,0,54865,0,0,0,1,0,0,0,85736,0,0
79068,Iron Grunt,,,,0,7,0,0,54869,54870,54871,54872,1,1,1,1,0,0,0
79079,Frosty Pup,,,,0,1,1,0,54854,0,0,0,1,0,0,0,0,0,0
79097,Kargath Bladefist,,,,1,7,0,0,55867,0,0,0,1,0,0,0,0,0,0
79133,Foreman Eksos,,,,0,7,0,0,54887,0,0,0,1,0,0,0,0,0,0
79139,Arcanist Rinnila,,,,0,7,0,0,54890,0,0,0,1,0,0,0,0,0,0
79140,Sergeant Mollins,,,,0,7,0,0,54891,0,0,0,1,0,0,0,109637,111717,0
79150,Ironmarch War Banner,,,,0,11,0,0,54898,0,0,0,1,0,0,0,0,0,0
79169,Frostwolf Shaman,,,,1,7,0,0,52021,0,0,0,1,0,0,0,106822,106823,0
79176,Foreman Grobash,,,,0,7,0,0,54916,0,0,0,1,0,0,0,0,0,0
79179,Squirt,,Wandering Trainer,,0,12,0,0,344,0,0,0,1,1,1,1,0,0,0
79180,Deebs,,Lord of Terror,,0,12,0,0,10992,0,0,0,1,1,1,1,0,0,0
79181,Tyri,,,,0,12,0,3,25900,0,0,0,1,1,1,1,0,0,0
79182,Puzzle,,,,0,12,0,0,51994,0,0,0,1,0,0,0,0,0,0
79207,Orphan Spell Visual - Beam Actor Holder,,,,0,10,0,0,169,13069,0,0,0,1,1,1,0,0,0
79218,Vindicator Maraad,,,,1,7,0,0,58494,0,0,0,1,1,1,1,30802,0,0
79219,Yrel,,,,0,7,0,0,61129,0,0,0,1,0,0,0,107704,0,0
79230,Gronnstalker Rokash,,,,0,7,0,0,54968,0,0,0,1,0,0,0,0,0,67224
79233,Lokra,,,,0,7,0,0,53371,0,0,0,1,0,0,0,10612,10612,0
79248,Soulbinder Tuulani,,,,1,7,0,0,56192,0,0,0,1,0,0,0,94665,0,0
79252,Cordana Felsong,,Warden,,1,7,0,0,50650,0,0,0,1,0,0,0,32425,0,0
79257,High Priest Danaar,,,,0,7,0,0,49905,0,0,0,1,0,0,0,106123,0,0
79265,Mulverick,,,,0,7,0,0,54373,0,0,0,1,0,0,0,13625,0,11021
79270,Rangari Navra,,,,0,7,0,0,54991,0,0,0,1,0,0,0,0,0,34314
79272,Larva,,,,0,1,0,0,54990,15963,0,0,1,0,0,0,0,0,0
79301,Horde Peon,,,,0,7,0,0,59253,59254,59255,0,1,1,1,0,2901,0,0
79308,Rangari Sharpshooter,,,,0,7,0,0,52427,0,0,0,1,0,0,0,0,0,34314
79309,Rangari Sharpshooter,,,,0,7,0,0,52428,0,0,0,1,0,0,0,0,0,34314
79313,Palm Ancient,,,,0,4,0,0,54675,0,0,0,1,0,0,0,0,0,0
79315,Olin Umberhide,,,,0,7,0,0,55046,0,0,0,1,1,1,1,14084,0,0
79316,Qiana Moonshadow,,,,0,7,0,0,55047,0,0,0,1,1,1,1,28678,0,0
79324,Cart,,,,1,9,0,0,55051,0,0,0,0,0,0,0,0,0,0
79331,Beatface,,,,1,7,0,0,55054,0,0,0,1,1,1,0,107409,0,0
79357,Goblin Male,,,,0,7,0,0,54921,0,0,0,1,0,0,0,107713,0,0
79358,Draenei Female,,,,0,7,0,0,54581,0,0,0,1,0,0,0,109637,0,0
79359,Orc Female,,,,0,7,0,0,54396,0,0,0,1,0,0,0,106247,0,0
79360,Pandaren Male,,,,0,7,0,0,51465,0,0,0,1,0,0,0,110165,0,0
79361,Undead Male,,,,0,7,0,0,47835,0,0,0,1,0,0,0,37924,0,0
79362,Undead Female,,,,0,7,0,0,39296,0,0,0,1,0,0,0,102544,0,0
79363,Gnome Male,,,,0,7,0,0,48774,0,0,0,1,0,0,0,29440,0,0
79364,Gnome Female,,,,0,7,0,0,45230,0,0,0,1,0,0,0,42759,0,0
79365,Night Elf Male,,,,0,7,0,0,40553,0,0,0,1,0,0,0,30557,0,0
79366,Night Elf Female,,,,0,7,0,0,47075,0,0,0,1,0,0,0,110234,0,0
79367,Dwarf Female,,,,0,7,0,0,47880,0,0,0,1,0,0,0,110435,0,0
79368,Dwarf Male,,,,0,7,0,0,48200,0,0,0,1,0,0,0,107824,0,0
79369,Worgen Male,,,,0,7,0,0,39820,0,0,0,1,0,0,0,0,0,0
79370,Worgen Female,,,,0,7,0,0,37446,0,0,0,1,0,0,0,109674,0,0
79371,Tauren Male,,,,0,7,0,0,45379,0,0,0,1,0,0,0,65473,0,0
79372,Tauren Female,,,,0,7,0,0,49781,0,0,0,1,0,0,0,110689,0,0
79373,Troll Male,,,,0,7,0,0,48810,0,0,0,1,0,0,0,92890,0,0
79374,Troll Female,,,,0,7,0,0,47345,0,0,0,1,0,0,0,110058,0,0
79375,Blood Elf Male,,,,0,7,0,0,47519,0,0,0,1,0,0,0,32644,0,0
79376,Blood Elf Female,,,,0,7,0,0,47508,0,0,0,1,0,0,0,88488,0,0
79378,Ogre,,,,0,7,0,0,55064,0,0,0,1,0,0,0,107378,0,0
79379,Rylak,,,,0,7,0,0,53327,0,0,0,1,0,0,0,0,0,0
79380,Skeleton Man,,,,0,7,0,0,40707,0,0,0,1,0,0,0,0,0,0
79381,Abyssal,,,,0,7,0,0,51650,0,0,0,1,0,0,0,0,0,0
79382,Goren,,,,0,7,0,0,54308,0,0,0,1,0,0,0,0,0,0
79383,Void Guy,,,,0,7,0,0,17704,0,0,0,1,0,0,0,0,0,0
79384,Elekk,,,,0,1,300,0,54386,0,0,0,1,1,1,1,0,0,0
79385,Gronn,,,,0,7,0,0,54763,0,0,0,1,0,0,0,0,0,0
79386,Clefthoof,,,,0,7,43,0,52371,0,0,0,1,0,0,0,0,0,0
79387,High Arakkoa,,,,0,7,0,0,55986,0,0,0,1,0,0,0,0,0,0
79392,Magister Serena,,,,0,7,0,0,55068,0,0,0,1,0,0,0,0,0,0
79393,Magister Krelas,,,,0,7,0,0,55069,0,0,0,1,0,0,0,0,0,0
79398,Windroc,,,,0,1,26,3,59158,0,0,0,1,0,0,0,0,0,0
79410,Mechanical Axebeak,,,,0,12,0,3,59021,0,0,0,1,1,1,1,0,0,0
79412,Mechanical Scorpid,,,,0,12,0,3,5905,0,0,0,1,1,1,1,0,0,0
79416,Acidtooth Devourer,,,,0,7,0,0,55091,0,0,0,1,0,0,0,0,0,0
79437,Laughing Skull Orc,,,,0,7,0,0,52556,0,0,0,1,0,0,0,0,0,0
79439,Acidtooth Corroder,,,,0,7,0,0,55091,0,0,0,1,0,0,0,0,0,0
79449,Draenei Spirit,,,,0,7,0,0,55101,55102,55103,55104,1,1,1,1,0,0,0
79457,Vindicator Maraad,,,,1,7,0,0,58494,0,0,0,1,1,1,1,30802,0,0
79470,Vindicator Maraad,,,,1,7,0,0,58494,0,0,0,1,1,1,1,30802,0,0
79473,Dagg,,,,0,7,0,0,55124,0,0,0,1,0,0,0,0,0,0
79487,Karabor Defender,,,,0,7,0,0,52409,52410,52411,52412,1,1,1,1,106267,29637,0
79488,Dagg,,,,0,7,0,0,55124,0,0,0,1,0,0,0,0,0,0
79492,Dagg,,,,0,7,0,0,55124,0,0,0,1,0,0,0,0,0,0
79497,Ner'zhul,,,,1,7,0,0,55138,0,0,0,1,1,1,0,110990,0,0
79513,Dagg,,,,0,7,0,0,55124,0,0,0,1,0,0,0,0,0,0
79517,Dagg'um Ty'gor,,,,0,7,0,0,55124,0,0,0,1,0,0,0,0,0,0
79521,Yrel,,,,0,7,0,0,54119,0,0,0,1,0,0,0,28800,0,0
79522,Prophet Velen,,,,1,7,0,0,52926,0,0,0,1,0,0,0,35714,0,0
79532,Arakkoa Outcast,,,,0,7,0,0,59371,59446,59447,59453,1,1,1,1,0,0,0
79534,Iron Grunt,,,,0,7,0,0,54304,54310,0,0,1,1,0,0,106275,0,0
79537,Exarch Maladaar,,,,0,7,0,0,52435,0,0,0,1,0,0,0,107249,106108,0
79555,Draenei Prisoner,,,,0,7,0,0,54758,54759,54761,54761,1,1,1,1,0,0,0
79557,Iron Reinforcements,,,,0,7,0,0,51767,0,0,0,1,0,0,0,41980,0,0
79567,Yrel,,,,0,7,0,0,61129,0,0,0,1,0,0,0,107704,0,0
79576,Rangari D'kaan,,,,1,7,0,0,52536,0,0,0,1,0,0,0,108493,0,108491
79578,Warsong Outrider,,Warsong Clan,,0,7,0,0,55369,55371,55370,55372,2,1,2,1,107256,0,109244
79579,Warsong Wolf,,,,0,1,0,0,56174,0,0,0,1,0,0,0,0,0,0
79599,Olin Umberhide,,,,0,7,0,0,55046,0,0,0,1,0,0,0,14084,0,0
79601,Weaponsmith Na'Shra,,,,0,7,0,0,52397,0,0,0,1,0,0,0,14879,0,0
79602,Shadow Hunter Rala,,,,0,7,0,0,54367,0,0,0,1,0,0,0,29433,0,49158
79607,Dagg,,,,0,7,0,0,55124,0,0,0,1,0,0,0,107418,107418,0
79611,Qiana Moonshadow,,,,0,7,0,0,55047,0,0,0,1,0,0,0,28678,0,0
79617,Iron Fleet,,,,1,9,0,3,169,38795,0,0,0,1,0,0,0,0,0
79625,Karabor Paladin,,,,0,7,0,0,52409,52410,52411,52412,1,1,1,1,106267,29637,0
79631,Iron Shieldbearer,,,,0,7,0,0,59201,0,0,0,1,0,0,0,106275,106903,0
79632,Grom'kar Grunt,,,,0,7,0,0,59200,0,0,0,1,0,0,0,41980,0,0
79633,Iron Boltblaster,,,,0,7,0,0,51767,0,0,0,1,1,1,1,89364,0,89364
79639,Karabor Defender,,,,0,7,0,0,52409,52410,52411,52412,1,1,1,1,32332,0,0
79653,Karabor Defender,,,,0,7,0,0,59202,59203,59204,59206,1,1,1,1,106267,29637,0
79655,Vindicator Maraad,,,,1,7,0,0,58494,0,0,0,1,1,1,1,30802,0,0
79656,Yrel,,,,1,7,0,0,61129,0,0,0,1,1,1,1,107704,0,0
79657,Archmage Khadgar,,Sons of Lothar,,1,7,0,0,56765,0,0,0,1,1,1,1,28067,0,0
79659,Cordana Felsong,,Warden,,1,7,0,0,50650,0,0,0,1,1,1,1,32425,0,0
79674,Thaelin Darkanvil,,,,1,7,0,0,52540,0,0,0,1,0,0,0,1911,0,0
79675,Lady Liadrin,,Blood Knight Matriarch,,1,7,0,0,52434,0,0,0,1,1,1,1,163831,163832,0
79676,Thaelin's Copter,,,,0,9,0,0,22719,0,0,0,1,0,0,0,0,0,0
79683,Y'kish,,The Deceiver,,0,7,0,0,59476,0,0,0,1,0,0,0,0,0,0
79695,Borin Brewbelly,,,,0,7,0,0,57384,0,0,0,1,0,0,0,73449,43085,0
79704,Cordana Felsong,,Warden,,1,7,0,0,50650,0,0,0,1,0,0,0,32425,0,0
79706,Cordana Felsong,,Warden,,1,7,0,0,50650,0,0,0,1,0,0,0,32425,0,0
79730,River Calf,,,,0,14,0,0,55291,0,0,0,1,1,1,1,0,0,0
79731,Iron Grunt,,,,0,7,0,0,54304,54670,54313,54314,1,1,1,1,106275,0,0
79749,Snowpaw,,Urukag's Companion,,0,1,1,0,52598,0,0,0,1,0,0,0,0,0,0
79751,Eleanor,,Fashionably Undead,,0,14,129,0,56118,0,0,0,1,1,1,1,0,0,0
79769,Exarch Maladaar,,,,0,7,0,0,52435,0,0,0,1,0,0,0,107249,106108,0
79789,Eggtender Aloron,,,,0,7,0,0,55326,0,0,0,1,0,0,0,0,0,0
79791,Karabor Defender,,,,0,7,0,0,52409,52410,52411,52412,1,1,1,1,106267,29637,0
79792,Karabor Defender,,,,0,7,0,0,52409,52410,52411,52412,1,1,1,1,106267,29637,0
79794,Yrel,,,,0,7,0,0,60214,0,0,0,1,0,0,0,107704,0,0
79796,Draenei Refugee,,,,0,7,0,0,54758,54759,54761,54761,1,1,1,1,0,0,0
79799,Draenei Refugee,,,,0,7,0,0,54758,54759,0,0,1,1,0,0,0,0,0
79804,Purified,,,,1,9,0,3,169,38795,0,0,0,1,0,0,0,0,0
79838,Baros Alexston,,Garrison Architect,,0,7,0,0,1357,0,0,0,1,1,1,1,12742,0,0
79841,Rezlak,,Garrison Architect,,0,7,0,0,7129,0,0,0,1,0,0,0,1911,0,0
79846,Doug Test - Imp,,,,0,3,23,0,46293,46293,0,0,1,1,1,1,0,0,0
79847,Draenei Refugee,,,,0,7,0,0,54761,0,0,0,1,0,0,0,0,0,0
79853,Pleasure-Bot 8000,,,,0,9,0,0,57057,0,0,0,1,0,0,0,0,0,0
79870,Ziz Fizziks,,,,0,7,0,0,55353,0,0,0,1,0,0,0,1911,0,0
79896,Mokugg Lagerpounder,,,,0,7,0,0,57352,0,0,0,1,0,0,0,1117,0,0
79897,Bazwix,,Goblin Kid,,0,7,0,0,55377,0,0,0,0,0,0,0,0,0,0
79899,Bazwix,,Goblin Kid,,0,7,0,0,55377,0,0,0,0,0,0,0,0,0,0
79901,Torben Zapblast,,,,0,7,0,0,35012,0,0,0,1,0,0,0,1911,0,0
79903,Skog,,,,1,5,0,0,55756,0,0,0,1,1,1,1,0,0,0
79917,Ga'nar,,,,1,7,0,0,55736,0,0,0,1,0,0,0,0,0,0
79922,Force Commander Bal'Gor,,,,0,7,0,0,55406,0,0,0,1,0,0,0,109044,107298,0
79935,Headhunter,,,,0,7,0,0,57121,0,0,0,1,1,1,0,12802,0,0
79954,Hansel Heavyhands,,,,1,7,0,0,52528,0,0,0,1,0,0,0,3494,11506,0
79981,Bazwix,,Goblin Kid,,0,7,0,0,55377,0,0,0,0,0,0,0,0,0,0
79984,Broken Aeluun Defense Crystal,,,,1,10,0,0,55439,0,0,0,1,0,0,0,0,0,0
80017,Mechanical Training Dummy,,,,0,12,0,0,33559,0,0,0,1,1,1,1,0,0,0
80034,Icewing Rylak,,,,0,1,38,3,53327,0,0,0,1,1,1,1,0,0,0
80061,Blackrock Peon,,,,0,7,0,0,55492,0,0,0,1,0,0,0,107300,0,0
80101,Royal Peachick,,,,0,12,0,0,53878,0,0,0,1,0,0,0,0,0,0
80103,Displaced Razorleaf,,,,6,7,0,0,55521,0,0,0,1,1,1,0,111862,0,0
80140,Foreman Thazz'ril,,,,1,7,0,0,55530,0,0,0,1,0,0,0,1910,0,0
80142,Archmage Khadgar,,Sons of Lothar,,1,7,0,0,56765,0,0,0,1,0,0,0,28067,0,0
80146,Archmage Khadgar,,Sons of Lothar,,1,7,0,0,56765,0,0,0,1,0,0,0,28067,0,0
80156,Essence Font,,,,0,12,0,0,53878,0,0,0,1,0,0,0,0,0,0
80172,Bladespire Raider,,,,0,7,0,0,55547,0,0,0,1,0,0,0,107415,0,0
80173,Squiggy,,,,0,7,303,3,15404,0,0,0,1,0,0,0,0,0,0
80177,Kilrogg Deadeye,,,,1,7,0,0,55546,0,0,0,1,0,0,0,110405,0,0
80188,Fire Bunny,,,,0,10,0,0,20570,11686,0,0,0,1,0,0,0,0,0
80192,Icecave Bat,,,,6,1,24,3,55571,0,0,0,1,1,1,1,0,0,0
80209,Thrall,,,,1,7,0,0,53057,0,0,0,1,0,0,0,109674,0,0
80222,Mr. Pleeb,,Sena's Personal Assistant,,0,7,0,0,43247,0,0,0,1,0,0,0,1911,0,0
80223,Lady Sena,,Gazlowe's Assistant,,0,7,0,0,55589,0,0,0,1,0,0,0,1911,0,0
80225,Skaggit,,"Gazlowe's ""Assistant""",,0,7,0,0,55595,0,0,0,1,0,0,0,1911,0,0
80227,Icewing Drift-Hunter,,,,0,1,38,3,53532,0,0,0,1,1,1,1,0,0,0
80229,Morketh Bladehowl,,,,0,7,0,0,54952,0,0,0,100,0,0,0,110235,110235,0
80230,Shadowglade Kaliri,,,,0,1,26,3,58833,0,0,0,1,1,1,1,0,0,0
80259,Archer,,,,0,7,0,0,57118,0,0,0,1,0,0,0,0,0,111783
80290,Dying Prisoner,,,,0,7,0,0,54575,54758,54577,54760,1,1,1,1,0,0,0
80300,Raindash,,,,0,1,0,0,48714,0,0,0,0,0,0,0,0,0,0
80303,Grom'kar Peon,,,,0,7,0,0,55641,0,0,0,1,0,0,0,5956,0,0
80308,Iron Horde Shipment,,,,0,10,0,0,55658,0,0,0,1,0,0,0,0,0,0
80310,Frostwall Peon,,,,6,7,0,0,55217,0,0,0,1,0,0,0,0,0,0
80311,Gordunni Supplies,,,,0,10,0,0,55656,0,0,0,1,0,0,0,0,0,0
80313,Peon,,,,0,7,0,0,55641,0,0,0,1,0,0,0,0,0,0
80314,Asset Recovery Vehicle,,,,0,9,0,0,55660,0,0,0,1,0,0,0,0,0,0
80317,Asset Recovery Pilot,,,,0,9,0,0,55665,0,0,0,1,0,0,0,0,0,0
80322,Thaelin's Recovercopter,,,,0,9,0,0,55584,0,0,0,1,0,0,0,0,0,0
80329,Lifelike Mechanical Frostboar,,,,0,12,0,0,55679,0,0,0,1,0,0,0,0,0,0
80376,Volatile Flame Guardian,,,,0,4,0,0,61521,0,0,0,1,0,0,0,0,0,0
80378,Rangari Navra,,,,0,7,0,0,54991,0,0,0,1,0,0,0,0,0,34314
80380,Volatile Fire Spirit,,,,0,4,0,0,61522,0,0,0,1,0,0,0,0,0,0
80387,Hidden Rangari,,,,0,7,0,0,52425,52426,52427,52428,1,1,1,1,0,0,34314
80390,Magister Krelas,,,,0,7,0,0,55069,0,0,0,1,0,0,0,0,0,0
80396,Magister Krelas,,,,0,7,0,0,55069,0,0,0,1,0,0,0,0,0,0
80402,Blackrock Grunt,,,,0,7,0,0,51998,0,0,0,1,0,0,0,110235,110158,0
80414,Old Scratch,,,,0,12,0,0,9990,0,0,0,1,0,0,0,0,0,0
80415,Lady Liadrin,,Blood Knight Matriarch,,1,7,0,0,52434,0,0,0,1,1,1,1,163831,163832,0
80416,Okk,,The Breaker,,1,5,0,0,55929,0,0,0,1,0,0,0,0,0,0
80460,Bladespire Mauler,,,,0,7,0,0,52462,0,0,0,1,0,0,0,107402,107402,0
80462,Shadow Hunter J'wan,,,,0,7,0,0,55758,0,0,0,1,1,1,1,19916,0,0
80463,Shadow Hunter Spar'kuhl,,,,0,7,0,0,55759,0,0,0,1,1,1,1,29433,0,0
80464,Shadow Hunter Maloa,,,,0,7,0,0,55760,0,0,0,1,0,0,0,0,0,23051
80481,High Ravenspeaker Krikka,,,,0,7,0,0,59462,0,0,0,1,0,0,0,0,0,0
80482,Blackhand,,,,1,7,0,0,55793,0,0,0,1,0,0,0,0,0,0
80514,Yrel,,,,0,7,0,0,55210,0,0,0,1,0,0,0,118128,111738,0
80521,Thaelin Darkanvil,,Repairs,,0,7,0,0,52540,0,0,0,1,0,0,0,1911,0,0
80553,Magister Krelas,,,,0,7,0,0,55069,0,0,0,1,0,0,0,76364,0,0
80568,Yrel,,,,0,7,0,0,55210,0,0,0,1,0,0,0,118128,111738,0
80590,Aknor Steelbringer,,,,0,7,0,0,61553,0,0,0,1,0,0,0,14824,0,0
80592,Gordawg,,Fury of Earth,,0,5,0,0,60444,0,0,0,1,0,0,0,0,0,0
80604,Ravenspeaker Initiate,,,,0,7,0,0,61114,0,0,0,1,0,0,0,0,0,0
80607,Magister Serena,,,,0,7,0,0,55068,0,0,0,1,0,0,0,0,0,0
80608,Magister Serena,,,,0,7,0,0,55068,0,0,0,1,0,0,0,0,0,0
80611,Grommash Hellscream,,Warchief of the Iron Horde,,1,7,0,0,55869,0,0,0,0,0,0,0,128323,0,0
80624,Vindicator Mo'mor,,,,1,7,0,0,55315,0,0,0,1,0,0,0,0,0,0
80627,Miall,,Master Armourer,,0,7,0,0,54905,0,0,0,100,0,0,0,106268,0,0
80628,Miall,,Master Armourer,,0,7,0,0,54905,0,0,0,100,0,0,0,106268,0,0
80629,Miall,,Master Armourer,,0,7,0,0,54905,0,0,0,100,0,0,0,106268,0,0
80645,Cordana Felsong,,Warden,,1,7,0,0,50650,0,0,0,1,0,0,0,32425,0,0
80646,Fiery Siegemaker,,,,1,9,0,0,53869,0,0,0,1,0,0,0,0,0,0
80654,Reinforced Siegemaker,,,,1,9,0,0,53869,0,0,0,1,0,0,0,0,0,0
80659,Supercharged Siegemaker,,,,1,9,0,0,53869,0,0,0,1,0,0,0,0,0,0
80660,Explosive Siegemaker,,,,1,9,0,0,53869,0,0,0,1,0,0,0,0,0,0
80672,Magister Serena,,,,0,7,0,0,55068,0,0,0,1,0,0,0,76363,0,0
80692,Ariaana,,,,0,7,0,0,19091,0,0,0,1,0,0,0,0,0,0
80693,Frostfire Gronnling,,,,0,7,0,0,56633,0,0,0,1,0,0,0,0,0,0
80704,Elder Gronnling,,,,0,7,0,0,57482,0,0,0,1,0,0,0,0,0,0
80705,Icemaw Rylak,,,,0,1,38,0,53327,0,0,0,1,0,0,0,0,0,0
80732,Magister Krelas,,,,0,7,0,0,55069,0,0,0,1,0,0,0,76364,0,0
80733,Magister Serena,,,,0,7,0,0,55068,0,0,0,1,0,0,0,76363,0,0
80734,Veil of Shadows,,,,0,10,0,0,20570,16946,0,0,0,1,0,0,0,0,0
80737,Veil of Shadows,,,,0,10,0,0,20570,11686,0,0,0,1,0,0,0,0,0
80738,Veil of Shadows,,,,0,10,0,0,20570,18657,0,0,0,1,0,0,0,0,0
80741,Mark of Darkness,,,,0,10,0,0,20570,56271,0,0,0,1,0,0,0,0,0
80742,Mark of Shadow,,,,0,10,0,0,30969,56271,0,0,0,1,0,0,0,0,0
80743,Mark of Anguish,,,,0,10,0,0,30969,56271,0,0,0,1,0,0,0,0,0
80746,Vakora of the Flock,,Scribe of the High Ravenspeaker,,0,7,0,0,61117,0,0,0,1,0,0,0,0,0,0
80760,Ravenspeaker Acolyte,,,,0,7,0,0,61115,0,0,0,1,0,0,0,0,0,0
80769,Karabor Peacekeeper,,,,0,7,0,0,52409,52410,52411,52412,1,1,1,1,106267,29637,0
80772,Sawame Brightburn,,Reagents,,0,7,0,0,18941,0,0,0,1,0,0,0,0,0,0
80775,Ogron Warcrusher,,,,0,5,0,0,55983,56024,0,0,1,1,1,1,0,0,0
80779,Icespine Ravager,,,,6,1,31,0,61121,0,0,0,1,1,1,1,0,0,0
80783,Liberated Frostwolf Prisoner,,,,0,7,0,0,54575,54576,54577,54578,1,1,1,1,110235,0,0
80784,Liberated Karabor Prisoner,,,,0,7,0,0,54758,54759,54760,54761,1,1,1,1,110235,0,0
80798,Sira Moonwarden,,Warden,,1,7,0,0,38088,0,0,0,1,0,0,0,14884,0,0
80799,Drelanim Whisperwind,,Warden,,1,7,0,0,38088,0,0,0,1,0,0,0,14888,0,0
80800,Malace Shade,,Warden,,1,7,0,0,38088,0,0,0,1,0,0,0,14889,0,0
80801,Mirana Starlight,,Warden,,1,7,0,0,38088,0,0,0,1,0,0,0,14889,0,0
80803,Liberated Frostwolf Prisoner,,,,0,7,0,0,54575,54576,54577,54578,1,1,1,1,0,0,0
80804,Liberated Karabor Prisoner,,,,0,7,0,0,54758,54759,54760,54761,1,1,1,1,0,0,0
80831,Achievement Stalker,,,,1,9,0,3,169,38795,0,0,0,1,0,0,0,0,0
80838,Icewing Matriarch,,,,0,1,38,0,53532,0,0,0,1,1,1,1,0,0,0
80853,Rangari Scout,,,,0,7,0,0,52425,52426,52427,52428,1,1,1,1,111580,111580,107287
80856,Rexxar,,,,1,7,0,0,60766,0,0,0,100,0,0,0,10612,10612,0
80859,Rangari Duula,,,,0,7,0,0,52425,0,0,0,1,0,0,0,107287,107287,107287
80860,High Ravenspeaker Krikka,,,,0,7,0,0,59462,0,0,0,1,0,0,0,0,0,0
80861,Rangari Guard,,,,0,7,0,0,52425,52426,52427,52428,1,1,1,1,111580,111580,107287
80863,Vakora of the Flock,,Scribe of the High Ravenspeaker,,0,7,0,0,61117,0,0,0,1,0,0,0,0,0,0
80869,High Ravenspeaker Krikka,,,,0,7,0,0,59462,0,0,0,1,0,0,0,0,0,0
80870,Iyun Thornbearer,,,,0,7,0,0,54346,0,0,0,1,0,0,0,92357,0,0
80871,Vakora of the Flock,,Scribe of the High Ravenspeaker,,0,7,0,0,61117,0,0,0,1,0,0,0,0,0,0
80874,Thaelin Darkanvil,,,,0,7,0,0,52540,0,0,0,1,0,0,0,1911,0,0
80885,Alpine Hare,,,,0,8,0,0,36342,0,0,0,1,1,1,1,0,0,0
80891,Calico Cat,,,,0,8,0,0,11709,0,0,0,1,1,1,1,0,0,0
80915,Malchompa,,Rangari Kaalya's Companion,,1,1,68,0,56108,0,0,0,1,0,0,0,0,0,0
80918,Grimrail Siege Gun,,,,1,9,0,0,61545,0,0,0,1,0,0,0,0,0,0
80919,Thaelin Darkanvil,,,,0,7,0,0,52540,0,0,0,1,0,0,0,1911,0,0
80921,Rangari D'kaan,,,,0,7,0,0,52536,0,0,0,1,0,0,0,108493,0,108491
80922,Rangari Kaalya,,,,0,7,0,0,54263,0,0,0,0,0,0,0,108717,0,109234
80924,Rangari D'kaan,,,,0,7,0,0,52536,0,0,0,1,0,0,0,108493,0,108491
80925,Rangari Kaalya,,,,0,7,0,0,54263,0,0,0,0,0,0,0,108717,0,109234
80927,Cordana Felsong,,Warden,,1,7,0,0,50650,0,0,0,1,0,0,0,32425,0,0
80928,Cordana Felsong,,Warden,,1,7,0,0,50650,0,0,0,1,0,0,0,32425,0,0
80944,Rangari Lookout,,,,0,7,0,0,0,0,52427,52428,1,1,1,1,0,0,34314
80950,Mark of Anguish,,,,0,10,0,0,30969,56272,0,0,0,1,0,0,0,0,0
80965,Magister Krelas,,,,0,7,0,0,55069,0,0,0,1,0,0,0,76364,0,0
80966,Magister Serena,,,,0,7,0,0,55068,0,0,0,1,0,0,0,76363,0,0
80967,Rangari,,,,0,7,0,3,52425,52426,52427,52428,1,1,1,1,111580,111580,107287
80978,Yrel,,,,0,7,0,0,55210,0,0,0,1,0,0,0,118128,111738,0
80983,Rangari,,,,0,7,0,3,52425,52426,52427,52428,1,1,1,1,107287,107287,107287
80984,Rangari,,,,0,7,0,0,52425,52426,52427,52428,1,1,1,1,107287,107287,107287
80987,Rangari Kaalya,,,,0,7,0,0,54263,0,0,0,0,0,0,0,108717,0,109234
80988,Grommash Hellscream,,Warchief of the Iron Horde,,1,7,0,0,25204,0,0,0,0,0,0,0,0,0,0
80996,Elodor Earthworker,,,,0,7,0,0,56094,56096,56097,56094,1,0,0,0,0,0,33604
81000,Garn Nighthowl,,,,1,1,1,0,61675,0,0,0,1,0,0,0,0,0,0
81002,Elodor Crystalsmith,,,,0,7,0,0,56153,56157,56155,56158,1,1,1,1,34348,0,34348
81006,Draenei Child,,,,0,7,0,0,19091,0,0,0,1,0,0,0,0,0,0
81007,Draenei Child,,,,0,7,0,0,19092,0,0,0,1,0,0,0,0,0,0
81008,Draenei Child,,,,0,7,0,0,19092,0,0,0,1,0,0,0,0,0,0
81013,Rangari Rajess,,,,0,7,0,0,56162,0,0,0,0,0,0,0,108717,0,109234
81014,Iron Grunt,,,,0,7,0,0,56413,56414,56415,56416,1,1,1,1,110575,0,0
81016,Liberated Frostwolf Prisoner,,,,0,7,0,0,58666,58667,58668,58669,1,1,1,1,110235,0,0
81017,Liberated Karabor Prisoner,,,,0,7,0,0,58670,58671,58672,58673,1,1,1,1,110235,0,0
81018,Rangari Kolaan,,,,0,7,0,0,56167,0,0,0,0,0,0,0,108717,0,109234
81020,Rangari Jonaa,,,,0,7,0,0,56168,0,0,0,0,0,0,0,108717,0,109234
81039,Vindicator Yrel,,,,1,7,0,0,52921,0,0,0,1,0,0,0,111523,0,0
81042,Croman,,Barbarian,,0,7,0,0,61582,0,0,0,1,0,0,0,3417,0,0
81045,Embaari Rancher,,,,0,7,0,0,56179,56181,56183,56184,1,1,1,1,0,0,0
81070,Miall,,Master Armourer,,0,7,0,0,54905,0,0,0,1,0,0,0,0,0,0
81073,Morketh Bladehowl,,,,0,7,0,0,54952,0,0,0,1,0,0,0,110235,110235,0
81075,Rangari Kolaan,,Stable Master,,0,7,0,0,56167,0,0,0,0,1,1,1,108717,0,109234
81076,Rangari Jonaa,,Arena Master,,0,7,0,0,56168,0,0,0,1,0,0,0,108717,0,109234
81091,Shadowmoon Voidaxe,,,,0,7,0,0,54894,54895,54896,54897,1,1,1,1,107704,108475,0
81125,Vizzik Sparkknuckle,,Shop Mechanic,,0,7,0,0,56221,0,0,0,1,0,0,0,0,0,0
81128,Engineer Gazwitz,,,,0,7,0,0,56224,0,0,0,1,0,0,0,0,0,0
81130,Archmage Khadgar,,Sons of Lothar,,1,7,0,0,56765,0,0,0,1,0,0,0,28067,0,0
81131,Injured Crewman,,,,0,7,0,0,56225,0,0,0,1,0,0,0,0,0,0
81132,Cordana Felsong,,Warden,,1,7,0,0,50650,0,0,0,1,0,0,0,32425,0,0
81165,Garrosh Hellscream,,Warchief,,1,7,0,0,56248,0,0,0,1,0,0,0,0,0,0
81186,Durotan,,Warchief of the Frostwolf Clan,,1,7,0,0,51837,0,0,0,1,0,0,0,94647,0,0
81191,Archmage Khadgar,,Sons of Lothar,,1,7,0,0,56765,0,0,0,1,0,0,0,28067,0,0
81192,Cordana Felsong,,Warden,,1,7,0,0,50650,0,0,0,1,0,0,0,32425,0,0
81202,Bony Xuk,,,,1,7,0,0,56278,0,0,0,100,0,0,0,1958,1958,0
81213,Corporal Thukmar,,,,0,7,0,0,57984,0,0,0,1,0,0,0,0,0,0
81222,Labor Golem,,Thaelin's Companion,,0,4,0,0,40599,0,0,0,1,0,0,0,0,0,0
81240,Ogron Spinecrusher,,,,0,5,0,0,55805,0,0,0,1,0,0,0,0,0,0
81251,Gro the Uncreator,,,,1,5,0,0,55836,0,0,0,1,0,0,0,0,0,0
81252,Drov the Ruiner,,,,1,5,0,0,58260,0,0,0,1,1,1,1,0,0,0
81254,Captain Brak,,,,0,7,0,0,56314,0,0,0,1,0,0,0,113544,0,0
81262,Warmouth,,,,1,1,150,0,52418,23730,0,0,1,0,0,0,0,0,0
81264,Beatface,,,,1,7,0,0,55054,0,0,0,1,1,1,0,107409,0,0
81265,Pitfighter Vaandaam,,,,0,7,0,0,55056,0,0,0,1,0,0,0,111422,111419,0
81276,Snow Worm,,,,6,1,42,0,54128,0,0,0,1,0,0,0,0,0,0
81277,Rock Worm,,,,6,1,42,0,56333,0,0,0,1,0,0,0,0,0,0
81278,Elodor Farmtender,,,,0,7,0,0,56334,56335,56337,56336,1,1,1,1,0,0,0
81281,Skettis Bone-Reader,,,,0,7,0,0,59459,0,0,0,1,0,0,0,3350,12861,0
81290,Marsh Fly,,,,0,14,0,3,55318,0,0,0,1,0,0,0,0,0,0
81294,Ogron Warcrusher,,,,0,5,0,0,55983,56024,0,0,1,1,0,0,0,0,0
81295,Kimzee's Hotrod,,,,0,9,0,0,31988,0,0,0,1,1,1,1,0,0,0
81308,Pale Skulker,,,,0,7,0,0,57847,0,0,0,1,0,0,0,0,0,0
81312,Burrow Biter,,,,0,7,0,0,55091,0,0,0,1,0,0,0,0,0,0
81334,Human Female,,,,0,7,0,0,1474,0,0,0,1,0,0,0,107254,0,0
81337,Ogre Caster,,,,0,7,0,0,56362,0,0,0,1,0,0,0,107378,0,0
81338,Low Arakkoa,,,,0,7,0,0,59453,0,0,0,1,0,0,0,0,0,0
81339,Eredar,,,,0,7,0,0,18286,0,0,0,1,0,0,0,0,0,0
81340,Fire Fury,,,,0,7,0,0,35681,0,0,0,1,0,0,0,0,0,0
81341,Ice Fury,,,,0,7,0,0,5561,0,0,0,1,1,1,1,0,0,0
81342,Fara,,,,0,7,0,0,35828,0,0,0,1,0,0,0,0,0,0
81343,Genusaur,,,,0,7,0,0,24859,0,0,0,1,0,0,0,0,0,0
81372,Bruto,,,,0,7,0,0,52202,0,0,0,1,0,0,0,111428,111425,0
81377,Wind Spirit,,,,0,4,0,0,61110,0,0,0,1,0,0,0,0,0,0
81378,Fire Spirit,,,,0,4,0,0,1204,0,0,0,1,0,0,0,0,0,0
81397,Warsong Wolf,Bigger Warsong Wolf,,,0,1,0,0,55947,0,0,0,1,0,0,0,0,0,0
81404,Vindicator Yrel,,,,1,7,0,0,52921,0,0,0,1,0,0,0,111523,0,0
81405,Rangari D'kaan,,,,1,7,0,0,52536,0,0,0,1,0,0,0,108493,0,108491
81409,Enslaved Earth Spirit,,,,0,4,0,0,57855,0,0,0,1,0,0,0,0,0,0
81410,Enslaved Water Spirit,,,,0,4,0,0,110,0,0,0,1,0,0,0,0,0,0
81412,Vindicator Yrel,,,,1,7,0,0,52921,0,0,0,1,0,0,0,111523,0,0
81413,Unlucky Fish,,,,0,8,0,0,47955,0,0,0,1,0,0,0,0,0,0
81414,Durotan,,Warchief of the Frostwolf Clan,,1,7,0,0,51837,0,0,0,1,0,0,0,94647,0,0
81415,Durotan,,Warchief of the Frostwolf Clan,,1,7,0,0,51837,0,0,0,1,0,0,0,94647,0,0
81418,Y'kish,,The Deceiver,,1,7,0,0,59476,0,0,0,1,1,1,0,0,0,0
81420,Archmage Khadgar,,Sons of Lothar,,1,7,0,0,56765,0,0,0,1,0,0,0,28067,0,0
81421,Cordana Felsong,,Warden,,1,7,0,0,50650,0,0,0,1,0,0,0,32425,0,0
81425,Rangari D'kaan,,,,1,7,0,0,52536,0,0,0,1,0,0,0,108493,0,108491
81427,Obliterator,,,,0,7,0,0,56132,0,0,0,1,0,0,0,0,0,0
81428,Fort Wrynn Footman,,,,0,7,0,0,53840,53909,0,0,1,1,0,0,1899,143,0
81429,Fort Wrynn Rifleman,,,,0,7,0,0,53107,53108,55344,55345,1,1,1,1,110314,0,110314
81430,Fort Wrynn Magus,,,,0,7,0,0,61280,0,0,0,1,0,0,0,0,0,0
81431,Teroclaw Hatchling,,,,0,12,0,0,58722,0,0,0,1,0,0,0,0,0,0
81437,Fort Wrynn Magus,,,,0,7,0,0,56185,56186,0,0,1,1,0,0,0,0,0
81438,Fort Wrynn Magus,,,,0,7,0,0,56185,56186,0,0,1,1,0,0,0,0,0
81442,Eleran Valerias,,,,0,7,0,0,56417,0,0,0,1,0,0,0,41370,0,0
81443,Krixel Pinchwhistle,,,,0,7,0,0,56410,0,0,0,1,0,0,0,31824,2028,42486
81444,Klixi Malign,,,,0,7,0,0,56479,0,0,0,1,0,0,0,51858,51858,0
81445,Drak'thiz,,,,0,7,0,0,56481,0,0,0,1,0,0,0,50798,0,0
81446,Beran Grovetender,,,,0,7,0,0,56482,0,0,0,1,0,0,0,101627,0,0
81447,Ta'za the Claw,,,,0,7,0,0,56483,0,0,0,1,0,0,0,24155,0,0
81448,Mora Furhoof,,,,0,7,0,0,56484,0,0,0,1,0,0,0,30021,0,0
81449,Li'za Leafminder,,,,0,7,0,0,56488,0,0,0,1,0,0,0,1155,0,0
81450,Baron Deathshot,,,,0,7,0,0,56513,0,0,0,1,0,0,0,0,0,39818
81451,Vala Kaliraan,,,,0,7,0,0,56514,0,0,0,1,0,0,0,0,0,67224
81452,Bozzle Blastrap,,,,0,7,0,0,56516,0,0,0,1,0,0,0,0,0,58173
81453,Karka,,,,0,7,0,0,57200,0,0,0,1,0,0,0,0,0,0
81454,Adelaide Kane,,,,0,7,0,0,37647,0,0,0,1,0,0,0,0,0,0
81455,Eryn Frostweaver,,,,0,7,0,0,23182,0,0,0,1,0,0,0,0,0,0
81456,Liu-So,,,,0,7,0,0,45692,0,0,0,1,0,0,0,0,0,0
81457,REUSE,,,,0,7,0,0,44081,0,0,0,1,0,0,0,0,0,0
81459,Ju-Shan,,,,0,7,0,0,44315,0,0,0,1,0,0,0,0,0,0
81460,Selen Brightblade,,,,0,7,0,0,28189,0,0,0,1,0,0,0,0,0,0
81461,Bo Farplain,,,,0,7,0,0,46389,0,0,0,1,0,0,0,0,0,0
81463,Sunwalker Dara,,,,0,7,0,0,46390,0,0,0,1,0,0,0,0,0,0
81464,Edda Klein,,,,0,7,0,0,57272,0,0,0,1,0,0,0,25119,65716,0
81465,Sul'aka,,,,0,7,0,0,57156,0,0,0,1,0,0,0,11932,0,0
81466,Drekta,,,,0,7,0,0,43932,0,0,0,1,0,0,0,2077,0,0
81467,Fort Wrynn Rifleman,,,,0,7,0,0,53107,53108,55344,55345,1,1,1,1,110314,0,110314
81468,Fort Wrynn Footman,,,,0,7,0,0,53840,53909,53835,53910,1,1,1,1,1899,143,0
81470,Fort Wrynn Footman,,,,0,7,0,0,53840,53909,53835,53910,1,1,1,1,1899,143,0
81471,Fort Wrynn Footman,,,,0,7,0,0,53840,53909,53835,53910,1,1,1,1,1899,143,0
81475,Matthew Younglove,,,,0,7,0,0,57077,0,0,0,1,0,0,0,70203,70203,0
81476,Pixi Noggenfogger,,,,0,7,0,0,46398,0,0,0,1,0,0,0,0,0,0
81477,Kablouie One-Eye,,,,0,7,0,0,57102,0,0,0,1,0,0,0,78878,78878,0
81478,Garag Earthtongue,,,,0,7,0,0,57286,0,0,0,1,0,0,0,70185,61360,0
81479,Yarna,,,,0,7,0,0,36916,0,0,0,1,0,0,0,0,0,0
81480,Da'kaz,,,,0,7,0,0,54367,0,0,0,1,0,0,0,0,0,0
81482,Vera Voidheart,,,,0,7,0,0,57342,0,0,0,1,0,0,0,45214,49490,0
81483,Uruk the Black,,,,0,7,0,0,30008,0,0,0,1,0,0,0,0,0,0
81484,Calla Ebonlight,,,,0,7,0,0,18159,0,0,0,1,0,0,0,0,0,0
81485,Usha Plainstrider,,,,0,7,0,0,19022,0,0,0,1,0,0,0,36541,0,0
81486,Tricky Nix,,,,0,7,0,0,45093,0,0,0,1,0,0,0,64604,12250,0
81487,Nozya,,,,0,7,0,0,32994,0,0,0,1,0,0,0,6622,59788,0
81494,Ka'la,,,,0,7,0,0,56419,0,0,0,1,0,0,0,0,0,5258
81527,Widowling DoT,,,,0,12,0,0,40337,0,0,0,1,1,1,1,0,0,0
81535,Tarlna the Ageless,,,,1,5,0,0,57232,0,0,0,1,1,1,1,118056,0,0
81538,Icespine Ravager,,,,0,1,31,0,55974,0,0,0,1,0,0,0,0,0,0
81556,K'ure,,,,1,10,0,0,56625,0,0,0,0,0,0,0,0,0,0
81562,Thunderlord Crag-Leaper,,,,0,7,0,0,49100,49101,0,0,1,1,0,0,109610,0,0
81565,Thunderlord Windreader,,,,0,7,0,0,54276,0,0,0,1,1,0,0,111465,2900,0
81568,Cursed Wolf,,,,0,1,0,0,52600,0,0,0,1,0,0,0,0,0,0
81569,Daleera Moonfang,,,,1,7,0,0,56438,0,0,0,1,0,0,0,61526,0,0
81574,Kimzee Pinchwhistle,,,,0,7,0,0,56213,0,0,0,1,0,0,0,0,0,0
81578,Pale Subjugator,,,,0,7,0,0,54610,0,0,0,1,0,0,0,0,0,0
81580,Grimfrost Drudge,,,,0,7,0,0,53503,0,0,0,1,0,0,0,2256,0,0
81583,Frostbeak Scavenger,,,,0,1,7,2,1192,0,0,0,1,0,0,0,0,0,0
81587,Bladespire Raider,,,,0,7,0,0,55621,0,0,0,1,0,0,0,107415,0,0
81588,Thaelin Darkanvil,,,,0,7,0,0,52540,0,0,0,1,0,0,0,1911,0,0
81589,Rangari Kaalya,,,,0,7,0,0,54263,0,0,0,0,0,0,0,108717,0,109234
81590,Yrel,,,,0,7,0,0,55210,0,0,0,1,0,0,0,118128,111738,0
81594,Evil Widowling,,,,0,12,0,0,1088,0,0,0,1,1,1,1,0,0,0
81617,Infested Orc,,,,0,7,0,0,59560,59564,59556,0,2,1,3,0,0,0,0
81635,Eye of Kilrogg,,,,0,3,0,0,56487,0,0,0,1,1,1,1,0,0,0
81636,Karabor Peacekeeper,,,,0,7,0,0,52409,52410,52411,52412,1,1,1,1,106267,29637,0
81671,Shadowglen Spitter,,,,0,10,0,0,20570,11686,0,0,0,1,0,0,0,0,0
81672,Qiana Moonshadow,,,,0,7,0,0,55047,0,0,0,1,1,1,1,107287,107287,107287
81679,Roltall,,,,1,4,0,0,56512,0,0,0,1,0,0,0,0,0,0
81695,Cho'gall,,Shadow Council,,1,7,0,3,59707,0,0,0,1,0,0,0,0,0,0
81696,Teron'gor,,Shadow Council,,1,7,0,3,53438,0,0,0,1,0,0,0,0,0,0
81699,Orgrim Doomhammer,,,,1,7,0,0,52910,0,0,0,1,0,0,0,12183,0,0
81709,Karabor Peacekeeper,,,,0,7,0,0,52409,0,0,0,1,0,0,0,106267,29637,0
81714,Talakuu,,,,0,7,0,0,52410,0,0,0,1,0,0,0,106267,29637,0
81750,Bloodmaul Ogron,,,,1,7,0,0,55865,0,0,0,1,0,0,0,0,0,0
81758,Pleasure-Bot 8000,,,,0,9,0,0,57057,0,0,0,1,0,0,0,3351,0,0
81765,Vivianne,,,,0,7,0,0,56610,0,0,0,1,0,0,0,52523,0,0
81767,Bloodmaul Flamespeaker,,,,1,7,0,0,56612,0,0,0,1,0,0,0,111047,0,0
81773,Kimzee Pinchwhistle,,,,0,7,0,0,56213,0,0,0,1,0,0,0,0,0,0
81779,Ogron Mauler,,,,1,7,0,0,55821,0,0,0,1,0,0,0,0,0,0
81792,Lantresor of the Blade,,,,0,7,0,0,56659,0,0,0,1,0,0,0,111935,0,0
81806,Gorian Royal Guardsman,,King's Guard,,1,7,0,0,56643,0,0,0,1,0,0,0,0,0,0
81822,Cho'gall,,Shadow Council,,1,7,0,0,59707,0,0,0,1,0,0,0,0,0,0
81831,Karabor Peacekeeper,,,,0,7,0,0,52409,52410,52411,52412,1,1,1,1,106267,29637,0
81850,Vindicator Maraad,,,,1,7,0,0,58494,0,0,0,1,1,1,1,30802,0,0
81857,Kaz the Shrieker,,,,0,7,0,0,52195,0,0,0,1,0,0,0,107839,0,0
81873,Enslaved Outcast,,,,0,7,0,0,59371,18635,18633,18632,1,0,0,0,1910,0,0
81895,Bleeding Hollow Bloodchosen,,,,0,7,0,0,56720,0,0,0,1,0,0,0,85768,0,0
81901,Bleeding Hollow Savage,,,,0,7,0,0,56742,56743,56744,0,1,1,1,0,85768,0,0
81907,Lunarfall Owl,,,,0,8,0,3,59602,0,0,0,1,0,0,0,0,0,0
81923,Iron Grunt,,,,0,7,0,0,56731,0,0,0,1,0,0,0,41980,0,0
81926,Kilrogg Deadeye,,,,0,10,0,3,47950,21342,0,0,0,1,0,0,0,0,0
81928,Kimzee's Hotrod,,,,0,9,0,0,31988,0,0,0,1,1,1,1,0,0,0
81930,Enchanted Feywing,,,,0,2,0,0,59592,0,0,0,0,0,0,0,0,0,0
81936,Emergency Balloon,,,,0,9,0,0,32999,0,0,0,1,1,1,1,0,0,0
81970,Void Wind,,,,0,10,0,0,56759,0,0,0,1,0,0,0,0,0,0
81977,Enslaved Outcast,,,,0,7,0,0,59371,0,0,0,1,0,0,0,1910,0,0
81990,Moriccalas,,Alliance Vanguard,,0,7,0,0,56772,0,0,0,1,0,0,0,35015,0,0
81993,Starcaller Astrylian,,Alliance Vanguard,,0,7,0,0,56774,0,0,0,1,0,0,0,0,0,0
81994,Corselle,,Alliance Vanguard,,0,7,0,0,56779,0,0,0,1,0,0,0,73477,0,0
81995,Maelgwyn,,Alliance Vanguard,,0,7,0,0,56780,0,0,0,1,0,0,0,105408,0,0
81996,Turkina,,Alliance Vanguard,,0,7,0,0,56782,0,0,0,1,1,1,1,105925,0,0
81997,Roague,,Alliance Vanguard,,0,7,0,0,56785,0,0,0,1,0,0,0,2632,2632,0
81998,Anruin,,Alliance Vanguard,,0,7,0,0,56787,0,0,0,1,0,0,0,65496,0,0
81999,Nevo,,Alliance Vanguard,,0,7,0,0,56789,0,0,0,1,1,1,1,61403,0,0
82000,Elaynea Welton the Wind and Sea,,Alliance Vanguard,,0,7,0,0,56794,0,0,0,1,0,0,0,28773,0,0
82001,Monishot,,Alliance Vanguard,,0,7,0,0,56796,0,0,0,1,0,0,0,0,0,102597
82002,Alya,,Alliance Vanguard,,0,7,0,0,56802,0,0,0,1,0,0,0,78477,0,0
82003,Ed,,Alliance Vanguard,,0,7,0,0,56801,0,0,0,1,0,0,0,99805,0,99805
82004,Salty Futz,,Alliance Vanguard,,0,7,0,0,56881,0,0,0,1,0,0,0,70165,0,0
82005,Challe Tebrilinde,,Horde Vanguard,,0,7,0,0,56771,0,0,0,1,1,1,1,105301,105356,0
82006,Pazo Stonehoof,,Horde Vanguard,,0,7,0,0,56773,0,0,0,1,1,1,1,113093,95686,0
82007,Tore,,Horde Vanguard,,0,7,0,0,56777,0,0,0,1,1,1,1,9475,0,0
82008,Malothas,,Horde Vanguard,,0,7,0,0,56778,0,0,0,1,1,1,1,90462,0,0
82009,Barbery the Crazy Cat Lady,,Horde Vanguard,,0,7,0,0,56781,0,0,0,1,1,1,1,46033,0,0
82010,Bonesaw,,Horde Vanguard,,0,7,0,0,56783,0,0,0,1,1,1,1,95809,0,0
82011,Northpaul,,Horde Vanguard,,0,7,0,0,56784,0,0,0,1,1,1,1,18082,0,0
82012,Kengtus Pranch the Patient,,Horde Vanguard,,0,7,0,0,56791,0,0,0,1,1,1,1,59778,0,0
82013,Plainsmender Darragh,,Horde Vanguard,,0,7,0,0,56792,0,0,0,1,1,1,1,40280,0,0
82014,Archon,,Horde Vanguard,,0,7,0,0,56793,0,0,0,1,1,1,1,103875,0,0
82015,Moonalli,,Horde Vanguard,,0,7,0,0,56798,0,0,0,1,1,1,1,103875,0,0
82016,Durphorn the Bullheaded,,Horde Vanguard,,0,7,0,0,56799,0,0,0,1,0,0,0,65974,34011,0
82017,Miserain Starsorrow,,Horde Vanguard,,0,7,0,0,56800,0,0,0,1,1,1,1,104503,0,0
82018,Ang'kra,,,,0,7,0,0,56301,0,0,0,1,0,0,0,113056,0,0
82020,Abatha,,,,0,7,0,0,56651,0,0,0,1,0,0,0,0,0,0
82025,Yoori,,Alliance Vanguard,,0,7,0,0,56776,0,0,0,1,0,0,0,106833,0,0
82042,Elodor Villager,,,,0,7,0,0,56241,56242,0,0,1,1,1,1,0,0,0
82043,Draenei Child,,,,0,7,0,0,19091,0,0,0,1,0,0,0,0,0,0
82045,Moonshell Crab,,,,0,14,0,0,56803,0,0,0,1,1,1,1,0,0,0
82057,Shattered Hand Brawler,,,,0,7,0,0,58207,58208,58209,58210,1,1,1,1,108433,0,0
82070,Farseer Drek'Thar,,,,1,7,0,0,53609,0,0,0,1,0,0,0,0,0,0
82075,Ryii the Shameless,,Horde Vanguard,,0,7,0,0,56826,0,0,0,1,1,1,1,13036,13036,0
82082,Racy,,Horde Vanguard,,0,7,0,0,56833,0,0,0,1,1,1,1,105318,103827,0
82104,Frostfire Gronn,,,,1,5,0,0,55754,0,0,0,2,3,2,0,0,0,0
82106,Dominated Gronn,,,,0,5,0,0,58197,0,0,0,1,0,0,0,0,0,0
82109,Dominated Gronnling,,,,0,7,0,0,58198,0,0,0,1,1,1,1,0,0,0
82122,Ziri'ak,,Apexis Guardian,,0,9,0,0,58876,0,0,0,1,0,0,0,0,0,0
82157,Gor,,,,1,5,0,0,55835,0,0,0,1,0,0,0,0,0,0
82158,Vrok,,,,1,5,0,0,55835,0,0,0,1,0,0,0,0,0,0
82159,Org,,,,1,5,0,0,55835,0,0,0,1,0,0,0,0,0,0
82160,Shog,,,,1,5,0,0,51860,0,0,0,1,0,0,0,0,0,0
82164,Archmage Khadgar,,Sons of Lothar,,0,8,0,3,32546,0,0,0,1,0,0,0,0,0,0
82187,Etubrute,,Horde Vanguard,,0,7,0,0,56879,0,0,0,1,1,1,1,33688,0,0
82188,Mumper,,Horde Vanguard,,0,7,0,0,56880,0,0,0,1,1,1,1,49299,0,0
82189,Lupas,,Alliance Vanguard,,0,7,0,0,56882,0,0,0,1,0,0,0,95666,94587,0
82191,High Warlord Shoju,,Horde Vanguard,,0,7,0,0,56883,0,0,0,1,1,1,1,103827,103775,0
82233,Draka,,,,1,7,0,0,49286,0,0,0,1,0,0,0,10612,10612,0
82259,Thrend,,Horde Vanguard,,0,7,0,0,56925,0,0,0,1,1,1,1,105001,0,0
82260,Rainiara the Kingslayer,,Horde Vanguard,,0,7,0,0,56926,0,0,0,1,1,1,1,0,0,100816
82263,Agios Lumen,,Alliance Vanguard,,0,7,0,0,56928,0,0,0,1,0,0,0,69609,86778,0
82264,Johnny Oshimo,,Alliance Vanguard,,0,7,0,0,56929,0,0,0,1,0,0,0,113125,113125,0
82270,Vindicator Maraad,,,,1,7,0,0,58494,0,0,0,1,1,1,1,30802,0,0
82296,Beatface,,,,1,7,0,0,55054,0,0,0,1,1,1,0,107409,0,0
82337,Draka,,,,1,7,0,0,49286,0,0,0,1,0,0,0,10612,10612,0
82348,Vindicator Maraad,,,,1,7,0,0,58494,0,0,0,1,1,1,1,30802,0,0
82363,Vindicator Maraad,,,,1,7,0,0,58494,0,0,0,1,1,1,1,30802,0,0
82364,Ritual Stalker,,,,0,10,0,0,47399,11686,0,0,0,1,0,0,0,0,0
82405,Pale Devourer,,,,0,7,0,0,54700,0,0,0,1,0,0,0,0,0,0
82406,Bitey,,,,0,14,0,0,47731,0,0,0,1,1,1,1,0,0,0
82407,"Gyrexle, the Eternal Mechanic",,,,0,12,0,0,36211,0,0,0,1,0,0,0,0,0,0
82408,Wombie,,,,0,14,0,0,42737,0,0,0,1,1,1,1,0,0,0
82409,Lunarfall Raven,,,,0,1,26,0,59726,0,0,0,1,0,0,0,0,0,0
82410,Corrupted Toad,,,,0,1,0,0,53782,0,0,0,1,1,1,1,0,0,0
82412,Flames,,,,0,10,0,0,60775,21072,0,0,1,0,0,0,0,0,0
82413,Shadowmoon Reaver,,,,0,7,0,0,54296,54298,54352,54351,1,1,0,0,107701,107701,0
82414,Shadowmoon Darkcaster,,,,0,7,0,0,54250,54344,0,0,1,1,0,0,108652,0,0
82417,Iron Horde War Machine,,,,0,10,0,0,56977,0,0,0,0,0,0,0,0,0,0
82419,Darkun,,,,0,7,0,0,57377,0,0,0,1,0,0,0,111539,111539,0
82420,Shredmaster 5000,,,,1,9,0,0,56590,0,0,0,1,1,1,0,0,0,0
82453,Goldmane the Skinner,,,,0,7,0,0,55515,0,0,0,1,0,0,0,0,0,0
82457,Ner'zhul,,Warlord of the Shadowmoon Clan,,1,7,0,0,56249,0,0,0,0,0,0,0,110990,0,0
82460,Vindicator Maraad,,,,1,7,0,0,58494,0,0,0,1,1,1,1,30802,0,0
82464,Elekk Plushie,,,,0,12,0,0,58170,0,0,0,1,1,1,1,0,0,0
82479,Artificer Romuul,,,,0,7,0,0,52508,0,0,0,0,0,0,0,12776,0,0
82481,Fiona,,,,0,7,0,0,34450,0,0,0,0,0,0,0,3184,0,6696
82482,Gidwin Goldbraids,,,,0,7,0,0,34644,0,0,0,0,0,0,0,13312,58938,0
82483,Tarenar Sunstrike,,,,0,7,0,0,34643,0,0,0,0,0,0,0,57038,0,0
82485,Roona,,,,0,7,0,0,54782,0,0,0,0,0,0,0,113134,0,0
82487,Shelly Hamby,,,,0,7,0,0,60121,0,0,0,0,0,0,0,120288,0,0
82489,Apprentice Artificer Andren,,,,0,7,0,0,56236,0,0,0,0,0,0,0,110046,0,0
82490,Matthew Younglove,,,,0,7,0,0,57037,0,0,0,1,0,0,0,70203,70203,0
82491,Rangari Chel,,,,0,7,0,0,57053,0,0,0,0,0,0,0,30405,30405,107287
82492,Vindicator Onaala,,,,0,7,0,0,57717,0,0,0,0,0,0,0,106268,111464,0
82495,Rulkan,,,,0,7,0,0,53097,0,0,0,1,0,0,0,34816,34816,0
82503,Throm'var Hunter,,,,1,7,0,0,54120,54122,54121,54123,1,1,1,1,107112,107112,108478
82506,Starfall Sentinel,,,,1,7,0,0,23850,23851,23852,23853,1,1,1,1,3432,3432,14105
82571,Atheeru Palestar,,Constructs,,0,7,0,0,17191,0,0,0,1,0,0,0,0,0,0
82577,Nihil Tel'alara,,,,0,7,0,0,57119,0,0,0,1,0,0,0,78878,78878,0
82595,Azereki Ashenblade,,,,0,7,0,0,57134,0,0,0,1,0,0,0,51010,51010,0
82624,Grommash Hellscream,,Warchief of the Iron Horde,,1,7,0,0,25204,0,0,0,0,0,0,0,0,0,0
82630,Sylalleas Frostwind,,,,0,7,0,0,57155,0,0,0,1,0,0,0,51010,51010,0
82633,Theo'drosh Blindseyed,,,,0,7,0,0,57158,0,0,0,1,0,0,0,72808,0,0
82634,Delaras Moonshadow,,,,0,7,0,0,57157,0,0,0,1,0,0,0,11932,0,0
82637,Hayli Hallowsend,,,,0,7,0,0,57301,0,0,0,1,0,0,0,25119,65716,0
82639,Imme Ironheart,,,,0,7,0,0,57160,0,0,0,1,0,0,0,25119,65716,0
82641,Olren Sternbeard,,,,0,7,0,0,57161,0,0,0,1,0,0,0,72808,0,0
82642,Grinfel Frostfinger,,,,0,7,0,0,57162,0,0,0,1,0,0,0,55044,15975,0
82652,Alessia D'Nara,,,,0,7,0,0,57170,0,0,0,1,0,0,0,55044,15975,0
82653,Artemisia Azuregaze,,,,0,7,0,0,57172,0,0,0,1,0,0,0,70178,0,0
82656,Tormmok,,,,0,7,0,0,57173,0,0,0,1,0,0,0,107420,0,0
82657,Vyse Jin'kala,,,,0,7,0,0,57174,0,0,0,1,0,0,0,2077,0,0
82659,Sylva Darkhowl,,,,0,7,0,0,57175,0,0,0,1,0,0,0,2077,0,0
82661,Va'zik,,,,0,7,0,0,57176,0,0,0,1,0,0,0,24155,0,0
82663,Renthal Bloodfang,,,,0,7,0,0,57178,0,0,0,1,0,0,0,24155,0,0
82665,Sa'vi,,,,0,7,0,0,57179,0,0,0,1,0,0,0,1155,0,0
82666,Rin Starsong,,,,0,7,0,0,57180,0,0,0,1,0,0,0,1155,0,0
82672,Genah Brawnhoof,,,,0,7,0,0,57185,0,0,0,1,0,0,0,30021,0,0
82674,Nuria Thornstorm,,,,0,7,0,0,57186,0,0,0,1,0,0,0,30021,0,0
82678,Lucia Nightbane,,,,0,7,0,0,57189,0,0,0,1,0,0,0,70178,0,0
82679,Magrum Mistrunner,,,,0,7,0,0,57191,0,0,0,1,0,0,0,25302,16887,0
82681,Shield Stalker,,,,0,10,0,0,57192,0,0,0,1,0,0,0,0,0,0
82687,NELF,,,,0,7,0,0,57191,0,0,0,1,0,0,0,101627,0,0
82689,Vulric Fangborne,,,,0,7,0,0,57197,0,0,0,1,0,0,0,25302,16887,0
82693,Rizei Stormhoof,,,,0,7,0,0,57195,0,0,0,1,0,0,0,71454,71454,0
82694,Night-Twisted Pale,,,,1,10,0,0,57225,58741,0,0,1,1,0,0,0,0,0
82696,Vella A'nar,,,,0,7,0,0,57199,0,0,0,1,0,0,0,15275,0,0
82703,Shoka,,,,0,7,0,0,57202,0,0,0,1,0,0,0,30012,0,0
82710,Araspeth,,,,0,7,0,0,57207,0,0,0,1,0,0,0,30012,0,0
82715,Frostfur Rat,,,,0,14,0,0,4960,2176,0,0,1,1,1,1,0,0,0
82717,Soulare of Andorhal,,,,0,7,0,0,57211,0,0,0,1,0,0,0,2520,49933,0
82724,Tog the Earthrender,,,,1,5,0,0,55937,0,0,0,1,0,0,0,0,0,0
82734,Cho'gall,,Shadow Council,,1,7,0,0,59276,0,0,0,1,0,0,0,0,0,0
82736,Myra Hackenslash,,,,0,7,0,0,57246,0,0,0,1,0,0,0,64604,12250,0
82737,Flurga,,,,0,7,0,0,57228,0,0,0,1,0,0,0,64604,12250,0
82738,Gazra,,,,0,7,0,0,57229,0,0,0,1,0,0,0,6622,59788,0
82739,Ashlen Swordbreaker,,,,0,7,0,0,57230,0,0,0,1,0,0,0,6622,59788,0
82743,Scrapsy Fibblepop,,,,0,7,0,0,57236,0,0,0,1,0,0,0,15275,0,0
82747,Seleria Dawncaller,,,,0,7,0,0,57238,0,0,0,1,0,0,0,18048,25073,0
82751,Bemora,,,,0,7,0,0,57242,0,0,0,1,0,0,0,18048,25073,0
82752,Joachim Demonsbane,,,,0,7,0,0,57243,0,0,0,1,0,0,0,47508,42508,0
82756,Leeroy Jenkins,,Pals for Life,,0,7,0,0,57227,0,0,0,1,0,0,0,12583,0,0
82760,Len-Shu,,,,0,7,0,0,57249,0,0,0,1,0,0,0,31334,0,0
82761,Zance Silverfury,,,,0,7,0,0,57250,0,0,0,1,0,0,0,47508,42508,0
82762,Enchanted Feywing,,,,0,2,0,0,59592,0,0,0,0,0,0,0,0,0,0
82763,Lazrek,,,,0,7,0,0,57252,0,0,0,1,0,0,0,32348,0,0
82765,Su-Lai Snowpetal,,,,0,7,0,0,57255,0,0,0,1,0,0,0,27877,0,0
82772,Ginnwin Grindspinner,,,,0,7,0,0,57260,0,0,0,1,0,0,0,32348,0,0
82773,Gwinolen Stormgrip,,,,0,7,0,0,57261,0,0,0,1,0,0,0,71454,71454,0
82781,Haomi,,,,0,7,0,0,57267,0,0,0,1,0,0,0,52492,52492,0
82782,Iron Horde Grunt,,,,0,7,0,0,46033,0,0,0,1,1,1,1,0,0,0
82784,Morticia Crowley,,,,0,7,0,0,57269,0,0,0,1,0,0,0,50761,0,0
82787,Mirran Lichbane,,,,0,7,0,0,57271,0,0,0,1,0,0,0,50761,0,0
82793,Zaelatha,,,,0,7,0,0,57274,0,0,0,1,0,0,0,33754,33754,0
82794,Fink Fastneedle,,,,0,7,0,0,57276,0,0,0,1,0,0,0,33754,33754,0
82796,Arachni Bloodseeker,,,,0,7,0,0,57277,0,0,0,1,0,0,0,47520,0,0
82806,Adherent Radiant Blade,,,,0,7,0,0,58083,0,0,0,1,0,0,0,113116,113118,0
82807,Beezle Boomsticks,,,,0,7,0,0,57283,0,0,0,1,0,0,0,0,0,73000
82808,Dramnur Doombrow,,,,0,7,0,0,57284,0,0,0,1,0,0,0,47520,0,0
82810,Grum Boarsbane,,,,0,7,0,0,57285,0,0,0,1,0,0,0,0,0,73000
82817,Adherent Wind-Thrasher,,,,0,7,0,0,57858,0,0,0,1,0,0,0,113113,0,0
82824,Denalea Meadowglaive,,,,0,7,0,0,57294,0,0,0,1,1,1,1,0,0,67224
82830,Nudan,,,,0,7,0,0,57298,0,0,0,1,0,0,0,70185,61360,0
82832,Rexxar,,,,1,7,0,0,60766,0,0,0,100,0,0,0,10612,10612,0
82835,Shade Plagueheart,,,,0,7,0,0,57305,0,0,0,1,0,0,0,30910,48032,0
82851,Thrall,,,,1,7,0,0,61727,0,0,0,1,1,1,1,109674,0,0
82853,Marguun,,,,0,7,0,0,57329,0,0,0,1,0,0,0,0,0,39818
82855,Lucretia Ainsworth,,,,0,7,0,0,57328,0,0,0,1,0,0,0,30910,48032,0
82859,Lamontague Ford,,,,0,7,0,0,57335,0,0,0,1,0,0,0,51456,0,0
82860,Muthala Greyhoof,,,,0,7,0,0,57336,0,0,0,0,0,0,0,0,0,109234
82861,Gemana Burhoof,,,,0,7,0,0,57337,0,0,0,1,0,0,0,28678,0,0
82862,Ulna Thresher,,,,0,7,0,0,57339,0,0,0,1,0,0,0,61526,0,0
82863,Lamontague Ford,,,,0,7,0,0,57338,0,0,0,1,0,0,0,51456,0,0
82865,Bruma Swiftstone,,,,0,7,0,0,57340,0,0,0,1,0,0,0,5742,5742,0
82867,Altess Naldara,,,,0,7,0,0,57343,0,0,0,1,0,0,0,29692,0,0
82868,Wolfgrimm Blackmantle,,,,0,7,0,0,57344,0,0,0,1,0,0,0,45214,49490,0
82869,Illenya,,,,0,7,0,0,57345,0,0,0,1,0,0,0,14879,0,0
82871,Karabor Slave,,,,0,7,0,0,54758,54759,54760,54761,1,1,1,1,0,0,0
82872,Rundalf Moonstalker,,,,0,7,0,0,57347,0,0,0,1,0,0,0,0,0,67224
82873,Araneth,,,,0,7,0,0,57349,0,0,0,1,0,0,0,0,0,11021
82891,Velhaomat,,,,0,7,0,0,57360,0,0,0,1,0,0,0,1117,18425,0
82892,Eldna Stormborne,,,,0,7,0,0,57361,0,0,0,1,0,0,0,107839,0,0
82898,Galar Denaan,,,,0,7,0,0,57364,0,0,0,1,0,0,0,0,0,25243
82907,Drammand Darkbrow,,,,0,7,0,0,57378,0,0,0,1,0,0,0,111539,111539,0
82915,Voura Nalae,,,,0,7,0,0,57387,0,0,0,1,0,0,0,52523,0,0
82919,Thrall,,,,1,7,0,0,61727,0,0,0,1,1,1,1,109674,0,0
82955,Kilga Mourningsong,,,,0,7,0,0,57417,0,0,0,1,0,0,0,67243,0,0
82956,Raevyn Sorrowblade,,,,0,7,0,0,57418,0,0,0,1,0,0,0,67243,0,0
82961,Olaf Blightbearer,,,,0,7,0,0,57421,0,0,0,1,0,0,0,27986,0,0
82965,Peter Toulios,,,,0,7,0,0,57424,0,0,0,1,0,0,0,27986,0,0
82970,Zen'tenbi,,,,0,7,0,0,57427,0,0,0,1,0,0,0,55414,0,0
82973,Vindicator Maraad,,,,1,7,0,0,58494,0,0,0,1,1,1,1,30802,0,0
82977,Sarah Schnau,,,,0,7,0,0,57429,0,0,0,1,0,0,0,55414,0,0
82978,Karn Steelhoof,,,,0,7,0,0,57430,0,0,0,1,0,0,0,50047,59444,0
82979,Salanar Mourningsun,,,,0,7,0,0,57431,0,0,0,1,0,0,0,30832,34675,0
82980,Galadran Gath,,,,0,7,0,0,57432,0,0,0,1,0,0,0,30832,34675,0
82984,Zen'tiki,,,,0,7,0,0,57437,0,0,0,1,0,0,0,47911,0,0
82985,Bells Boldvalor,,,,0,7,0,0,56187,0,0,0,1,0,0,0,41824,28754,0
82986,Illu'mina,,,,0,7,0,0,57438,0,0,0,1,0,0,0,41824,28754,0
82987,Verroak Greenheart,,,,0,7,0,0,57439,0,0,0,1,0,0,0,47911,0,0
83007,Zen'tika,,,,0,7,0,0,57458,0,0,0,1,0,0,0,1155,0,0
83009,Ilaniel Pine,,,,0,7,0,0,57460,0,0,0,1,0,0,0,1155,0,0
83010,Cadi Grasshoof,,,,0,7,0,0,59264,0,0,0,1,0,0,0,47509,40699,0
83012,Celadina,,,,0,7,0,0,59263,0,0,0,1,0,0,0,47509,40699,0
83024,Grisly Ironmarch Banner,,,,0,11,0,0,54898,0,0,0,1,0,0,0,0,0,0
83034,Gronnling (Black),,,,0,7,0,0,57502,0,0,0,1,0,0,0,0,0,0
83035,Gronnling (Brown),,,,0,7,0,0,57501,0,0,0,1,0,0,0,0,0,0
83036,Gronn (Black),,,,0,1,0,0,54762,0,0,0,1,0,0,0,0,0,0
83037,Gronn (Brown),,,,0,1,0,0,54765,0,0,0,1,0,0,0,0,0,0
83038,Rylak (Red),,,,0,1,0,0,53328,0,0,0,1,0,0,0,0,0,0
83039,Rylak (Pale),,,,0,1,0,0,53327,0,0,0,1,0,0,0,0,0,0
83040,Ogre (Grey) - Shaman 2,,,,0,1,0,0,57541,0,0,0,1,0,0,0,0,0,0
83041,Ogre (Red) - Warlord 3,,,,0,1,0,0,57539,0,0,0,1,0,0,0,0,0,0
83042,Ogre (Red) - Warlord 2,,,,0,1,0,0,57538,0,0,0,1,0,0,0,0,0,0
83043,Ogre (Red) - Warlord 1,,,,0,1,0,0,57537,0,0,0,1,0,0,0,0,0,0
83044,Ogre (Grey) - Shaman 3,,,,0,1,0,0,57542,0,0,0,1,0,0,0,0,0,0
83045,Ogre (Grey) - Shaman 1,,,,0,1,0,0,57540,0,0,0,1,0,0,0,0,0,0
83046,Ogron (Grey),,,,0,1,0,0,55821,0,0,0,1,0,0,0,0,0,0
83047,Ogron (Red),,,,0,1,0,0,56178,0,0,0,1,0,0,0,0,0,0
83048,Savage Warwolf,,,,0,1,1,0,54130,54563,0,0,1,1,0,0,0,0,0
83055,Saberon (White) - Brute 3,,,,0,1,0,0,57632,0,0,0,1,0,0,0,0,0,0
83056,Gronnling (Red),,,,0,7,0,0,57482,0,0,0,1,0,0,0,0,0,0
83057,Gronnling (Yellow),,,,0,7,0,0,57500,0,0,0,1,0,0,0,0,0,0
83058,Gronn (Red),,,,0,1,0,0,54763,0,0,0,1,0,0,0,0,0,0
83059,Gronn (Yellow),,,,0,1,0,0,54764,0,0,0,1,0,0,0,0,0,0
83060,Rylak (Green),,,,0,1,0,0,53326,0,0,0,1,0,0,0,0,0,0
83061,Rylak (Brown),,,,0,1,0,0,52403,0,0,0,1,0,0,0,0,0,0
83062,Ogre (Tan) - Melee 3,,,,0,1,0,0,57536,0,0,0,1,0,0,0,0,0,0
83063,Ogre (Tan) - Melee 2,,,,0,1,0,0,57535,0,0,0,1,0,0,0,0,0,0
83064,Ogre (Tan) - Melee 1,,,,0,1,0,0,57534,0,0,0,1,0,0,0,0,0,0
83065,Ogre (Yellow) - High Ogre Caster 3,,,,0,1,0,0,57528,0,0,0,1,0,0,0,0,0,0
83066,Ogre (Yellow) - High Ogre Caster 2,,,,0,1,0,0,57530,0,0,0,1,0,0,0,0,0,0
83067,Ogre (Yellow) - High Ogre Caster 1,,,,0,1,0,0,57529,0,0,0,1,0,0,0,0,0,0
83068,Ogre (Blue) - Caster 3,,,,0,1,0,0,57533,0,0,0,1,0,0,0,0,0,0
83069,Ogre (Blue) - Caster 2,,,,0,1,0,0,57532,0,0,0,1,0,0,0,0,0,0
83070,Ogre (Blue) - Caster 1,,,,0,1,0,0,57531,0,0,0,1,0,0,0,0,0,0
83071,Ogre (Black) - High Ogre Warrior 1,,,,0,1,0,0,57524,0,0,0,1,0,0,0,0,0,0
83072,Ogre (Black) - High Ogre Warrior 2,,,,0,1,0,0,57525,0,0,0,1,0,0,0,0,0,0
83073,Ogre (Black) - High Ogre Warrior 3,,,,0,1,0,0,57527,0,0,0,1,0,0,0,0,0,0
83074,Saberon (Lion) - Warrior 1,,,,0,1,0,0,57615,0,0,0,1,0,0,0,0,0,0
83075,Saberon (Tiger) - Caster 3,,,,0,1,0,0,57621,0,0,0,1,0,0,0,0,0,0
83076,Saberon (Black) - Rogue 1,,,,0,1,0,0,57582,0,0,0,1,0,0,0,0,0,0
83077,Saberon (Black) - Rogue 2,,,,0,1,0,0,57586,0,0,0,1,0,0,0,0,0,0
83078,Ogron (Black),,,,0,1,0,0,57543,0,0,0,1,0,0,0,0,0,0
83079,Ogron (Yellow),,,,0,1,0,0,56971,0,0,0,1,0,0,0,0,0,0
83080,Saberon (Black) - Rogue 3,,,,0,1,0,0,57578,0,0,0,1,0,0,0,0,0,0
83081,Saberon (Lion) - Warrior 2,,,,0,1,0,0,57597,0,0,0,1,0,0,0,0,0,0
83082,Saberon (Lion) - Warrior 3,,,,0,1,0,0,57606,0,0,0,1,0,0,0,0,0,0
83083,Saberon (Tiger) - Caster 2,,,,0,1,0,0,57620,0,0,0,1,0,0,0,0,0,0
83084,Saberon (Tiger) - Caster 1,,,,0,1,0,0,57601,0,0,0,1,0,0,0,0,0,0
83085,Saberon (White) - Brute 2,,,,0,1,0,0,57647,0,0,0,1,0,0,0,0,0,0
83086,Saberon (White) - Brute 1,,,,0,1,0,0,57637,0,0,0,1,0,0,0,0,0,0
83087,Wolf (White),,,,0,1,0,0,52598,0,0,0,1,0,0,0,0,0,0
83088,Wolf (Grey),,,,0,1,0,0,52601,0,0,0,1,0,0,0,0,0,0
83089,Wolf (Black),,,,0,1,0,0,52602,0,0,0,1,0,0,0,0,0,0
83090,Wolf (Brown),,,,0,1,0,0,52600,0,0,0,1,0,0,0,0,0,0
83091,Wolf (Void),,,,0,1,0,0,56965,0,0,0,1,0,0,0,0,0,0
83092,Boar (Frost),,,,0,1,0,0,52695,0,0,0,1,0,0,0,0,0,0
83093,Boar (Black),,,,0,1,0,0,55680,0,0,0,1,0,0,0,0,0,0
83094,Boar (Brown),,,,0,1,0,0,52694,0,0,0,1,0,0,0,0,0,0
83095,Boar (White),,,,0,1,0,0,52697,0,0,0,1,0,0,0,0,0,0
83096,Boar (Grey),,,,0,1,0,0,52696,0,0,0,1,0,0,0,0,0,0
83097,Magnaron (Red),,,,0,1,0,0,57519,0,0,0,1,0,0,0,0,0,0
83098,Magnaron (Blue),,,,0,1,0,0,57518,0,0,0,1,0,0,0,0,0,0
83099,Magnaron (Yellow),,,,0,1,0,0,57520,0,0,0,1,0,0,0,0,0,0
83100,Magnaron (Black),,,,0,1,0,0,55842,0,0,0,1,0,0,0,0,0,0
83101,Ravager (Frost),,,,0,1,0,0,55974,0,0,0,1,0,0,0,0,0,0
83102,Ravager (Blue),,,,0,1,0,0,55973,0,0,0,1,0,0,0,0,0,0
83103,Ravager (Red),,,,0,1,0,0,55976,0,0,0,1,0,0,0,0,0,0
83104,Ravager (Green),,,,0,1,0,0,55975,0,0,0,1,0,0,0,0,0,0
83105,Ravager (Yellow),,,,0,1,0,0,57482,0,0,0,1,0,0,0,0,0,0
83106,Ravager (Tan),,,,0,1,0,0,55977,0,0,0,1,0,0,0,0,0,0
83107,Ravager (Black),,,,0,1,0,0,55972,0,0,0,1,0,0,0,0,0,0
83108,Ravager Wasp (Black),,,,0,1,0,0,56046,0,0,0,1,0,0,0,0,0,0
83109,Ravager Wasp (Blue),,,,0,1,0,0,56042,0,0,0,1,0,0,0,0,0,0
83110,Ravager Wasp (Green),,,,0,1,0,0,56044,0,0,0,1,0,0,0,0,0,0
83111,Ravager Wasp (Red),,,,0,1,0,0,57451,0,0,0,1,0,0,0,0,0,0
83112,Ravager Wasp (Tan),,,,0,1,0,0,56043,0,0,0,1,0,0,0,0,0,0
83113,Pale (Blue),,,,0,1,0,0,54700,0,0,0,1,0,0,0,0,0,0
83114,Pale (Red),,,,0,1,0,0,54731,0,0,0,1,0,0,0,0,0,0
83115,Pale (Green),,,,0,1,0,0,56358,0,0,0,1,0,0,0,0,0,0
83116,Pale (Teal),,,,0,1,0,0,54732,0,0,0,1,0,0,0,0,0,0
83117,Orc (Thunderlord) - Archer 2,,,,0,1,0,0,54721,0,0,0,1,0,0,0,0,0,0
83118,Orc (Thunderlord) - Archer 1,,,,0,1,0,0,54267,0,0,0,1,0,0,0,0,0,0
83119,Orc (Thunderlord) - Shaman 2,,,,0,1,0,0,54376,0,0,0,1,0,0,0,0,0,0
83120,Orc (Thunderlord) - Shaman 1,,,,0,1,0,0,54276,0,0,0,1,0,0,0,0,0,0
83121,Orc (Thunderlord) - Scout 2,,,,0,1,0,0,54262,0,0,0,1,0,0,0,0,0,0
83122,Orc (Thunderlord) - Scout 1,,,,0,1,0,0,54260,0,0,0,1,0,0,0,0,0,0
83123,Orc (Blackrock) - Warrior 1,,,,0,1,0,0,56121,0,0,0,1,0,0,0,0,0,0
83124,Orc (Blackrock) - Ranged 1,,,,0,1,0,0,54480,0,0,0,1,0,0,0,0,0,0
83125,Orc (Blackrock) - Ranged 2,,,,0,1,0,0,54116,0,0,0,1,0,0,0,0,0,0
83126,Orc (Blackrock) - Caster 2,,,,0,1,0,0,53659,0,0,0,1,0,0,0,0,0,0
83127,Orc (Blackrock) - Warrior 2,,,,0,1,0,0,59200,0,0,0,1,0,0,0,0,0,0
83128,Orc (Blackrock) - Caster 1,,,,0,1,0,0,55647,0,0,0,1,0,0,0,0,0,0
83129,Orc (Shadowmoon) - Shaman 2,,,,0,1,0,0,55982,0,0,0,1,0,0,0,0,0,0
83130,Orc (Shadowmoon) - Shaman 1,,,,0,1,0,0,55493,0,0,0,1,0,0,0,0,0,0
83131,Orc (Shadowmoon) - Caster 2,,,,0,1,0,0,54353,0,0,0,1,0,0,0,0,0,0
83132,Orc (Shadowmoon) - Caster 1,,,,0,1,0,0,54235,0,0,0,1,0,0,0,0,0,0
83133,Orc (Shadowmoon) - Warrior 2,,,,0,1,0,0,54352,0,0,0,1,0,0,0,0,0,0
83134,Orc (Shadowmoon) - Warrior 1,,,,0,1,0,0,54895,0,0,0,1,0,0,0,0,0,0
83135,Orc (Warsong) - Raider,,,,0,1,0,0,57422,0,0,0,1,0,0,0,0,0,0
83136,Orc (Warsong) - Warrior 2,,,,0,1,0,0,56195,0,0,0,1,0,0,0,0,0,0
83137,Orc (Warsong) - Warrior 3,,,,0,1,0,0,57221,0,0,0,1,0,0,0,0,0,0
83138,Orc (Warsong) - Caster,,,,0,1,0,0,56166,0,0,0,1,0,0,0,0,0,0
83139,Orc (Warsong) - Warrior 1,,,,0,1,0,0,56470,0,0,0,1,0,0,0,0,0,0
83140,Orc (Warsong) - Shaman,,,,0,1,0,0,56189,0,0,0,1,0,0,0,0,0,0
83141,Orc (Shaddered Hand) 1,,,,0,1,0,0,52111,0,0,0,1,0,0,0,0,0,0
83142,Orc (Shaddered Hand) 2,,,,0,1,0,0,52106,0,0,0,1,0,0,0,0,0,0
83143,Orc (Shaddered Hand) 3,,,,0,1,0,0,52104,0,0,0,1,0,0,0,0,0,0
83144,Orc (Shaddered Hand) 4,,,,0,1,0,0,52103,0,0,0,1,0,0,0,0,0,0
83145,Orc (Shaddered Hand) 5,,,,0,1,0,0,52100,0,0,0,1,0,0,0,0,0,0
83146,Orc (Shaddered Hand) 6,,,,0,1,0,0,52099,0,0,0,1,0,0,0,0,0,0
83147,Fire Fury 1,,,,0,1,0,0,37986,0,0,0,1,0,0,0,0,0,0
83148,Fire Fury 2,,,,0,1,0,0,35371,0,0,0,1,0,0,0,0,0,0
83149,Fire Fury 3,,,,0,1,0,0,35681,0,0,0,1,0,0,0,0,0,0
83150,Fire Fury 4,,,,0,1,0,0,37757,0,0,0,1,0,0,0,0,0,0
83151,Frost Fury 1,,,,0,1,0,0,34782,0,0,0,1,0,0,0,0,0,0
83152,Frost Fury 2,,,,0,1,0,0,42585,0,0,0,1,0,0,0,0,0,0
83153,Frost Fury 3,,,,0,1,0,0,39769,0,0,0,1,0,0,0,0,0,0
83154,Frost Fury 4,,,,0,1,0,0,35044,0,0,0,1,0,0,0,0,0,0
83155,Earth Fury (Green),,,,0,1,0,0,57492,0,0,0,1,0,0,0,0,0,0
83156,Earth Fury (Orange),,,,0,1,0,0,57493,0,0,0,1,0,0,0,0,0,0
83157,Earth Fury (Purple),,,,0,1,0,0,57494,0,0,0,1,0,0,0,0,0,0
83158,Earth Fury (Red),,,,0,1,0,0,64386,0,0,0,1,0,0,0,0,0,0
83159,Wind Fury 1,,,,0,1,0,0,57563,0,0,0,1,0,0,0,0,0,0
83160,Wind Fury 2,,,,0,1,0,0,57562,0,0,0,1,0,0,0,0,0,0
83161,Wind Fury 3,,,,0,1,0,0,35043,0,0,0,1,0,0,0,0,0,0
83162,Wind Fury 4,,,,0,1,0,0,36060,0,0,0,1,0,0,0,0,0,0
83163,Bat (Black),,,,0,1,0,0,57486,0,0,0,1,0,0,0,0,0,0
83164,Bat (Grey),,,,0,1,0,0,53767,0,0,0,1,0,0,0,0,0,0
83165,Bat (White),,,,0,1,0,0,57484,0,0,0,1,0,0,0,0,0,0
83166,Frostwing Screecher,,,,0,1,0,0,57485,0,0,0,1,0,0,0,0,0,0
83167,Imp 1,,,,0,1,0,0,16891,0,0,0,1,0,0,0,0,0,0
83168,Imp 2,,,,0,1,0,0,16889,0,0,0,1,0,0,0,0,0,0
83169,Felhound,,,,0,1,0,0,1913,0,0,0,1,0,0,0,0,0,0
83170,Infernal,,,,0,1,0,0,18783,0,0,0,1,0,0,0,0,0,0
83171,Abyssal 1,,,,0,1,0,0,57491,0,0,0,1,0,0,0,0,0,0
83172,Wrathguard 1,,,,0,1,0,0,19597,0,0,0,1,0,0,0,0,0,0
83173,Shivan 1,,,,0,1,0,0,19587,0,0,0,1,0,0,0,0,0,0
83174,Felguard 1,,,,0,1,0,0,57490,0,0,0,1,0,0,0,0,0,0
83177,Shadow Council - Caster 2,,,,0,1,0,0,55023,0,0,0,1,0,0,0,0,0,0
83178,Shadow Council - Caster 3,,,,0,1,0,0,55026,0,0,0,1,0,0,0,0,0,0
83179,Shadow Council - Melee 1,,,,0,1,0,0,54982,0,0,0,1,0,0,0,0,0,0
83180,Shadow Council - Melee 2,,,,0,1,0,0,54993,0,0,0,1,0,0,0,0,0,0
83181,Shadow Council - Melee 3,,,,0,1,0,0,55003,0,0,0,1,0,0,0,0,0,0
83182,Shadow Council - Caster 1,,,,0,1,0,0,55016,0,0,0,1,0,0,0,0,0,0
83183,Slime (Fire),,,,0,1,0,0,38548,0,0,0,1,0,0,0,0,0,0
83184,Slime (Black),,,,0,1,0,0,57553,0,0,0,1,0,0,0,0,0,0
83185,Slime (Yellow),,,,0,1,0,0,57554,0,0,0,1,0,0,0,0,0,0
83186,Slime (Corrupted),,,,0,1,0,0,49069,0,0,0,1,0,0,0,0,0,0
83187,Spider (Ice),,,,0,1,0,0,16050,0,0,0,1,0,0,0,0,0,0
83188,Spider (Fire),,,,0,1,0,0,57555,0,0,0,1,0,0,0,0,0,0
83189,Spider (Green Fire),,,,0,1,0,0,52596,0,0,0,1,0,0,0,0,0,0
83190,Spider (Green Fire Boss),,,,0,1,0,0,38479,0,0,0,1,0,0,0,0,0,0
83191,Spider (Bone),,,,0,1,0,0,26774,0,0,0,1,0,0,0,0,0,0
83192,Goren (Frost),,,,0,1,0,0,54306,0,0,0,1,0,0,0,0,0,0
83193,Goren (Red),,,,0,1,0,0,54308,0,0,0,1,0,0,0,0,0,0
83194,Goren (Brown),,,,0,1,0,0,54309,0,0,0,1,0,0,0,0,0,0
83195,Goren (Yellow),,,,0,1,0,0,54307,0,0,0,1,0,0,0,0,0,0
83198,Rockworm 1,,,,0,1,0,0,45021,0,0,0,1,0,0,0,0,0,0
83199,Rockworm 2,,,,0,1,0,0,57548,0,0,0,1,0,0,0,0,0,0
83200,Rockworm 3,,,,0,1,0,0,57547,0,0,0,1,0,0,0,0,0,0
83201,Rockworm 4,,,,0,1,0,0,37551,0,0,0,1,0,0,0,0,0,0
83202,Sand Reaver (Red),,,,0,1,0,0,57552,0,0,0,1,0,0,0,0,0,0
83203,Sand Reaver (Blue),,,,0,1,0,0,25089,0,0,0,1,0,0,0,0,0,0
83204,Sand Reaver (Yellow),,,,0,1,0,0,57549,0,0,0,1,0,0,0,0,0,0
83205,Sand Reaver (Orange),,,,0,1,0,0,57550,0,0,0,1,0,0,0,0,0,0
83206,Vulture (White),,,,0,1,0,0,23483,0,0,0,1,0,0,0,0,0,0
83207,Vulture (Blue),,,,0,1,0,0,23481,0,0,0,1,0,0,0,0,0,0
83208,Vulture (Gold),,,,0,1,0,0,23482,0,0,0,1,0,0,0,0,0,0
83209,Rock Flayer (BlueWhite),,,,0,1,0,0,20414,0,0,0,1,0,0,0,0,0,0
83210,Rock Flayer (BlueBrown),,,,0,1,0,0,20403,0,0,0,1,0,0,0,0,0,0
83211,Rock Flayer (BrownRed),,,,0,1,0,0,20281,0,0,0,1,0,0,0,0,0,0
83212,Rock Flayer (GreyGrey),,,,0,1,0,0,20410,0,0,0,1,0,0,0,0,0,0
83213,Basilisk (Red),,,,0,1,0,0,16877,0,0,0,1,0,0,0,0,0,0
83214,Basilisk (Purple),,,,0,1,0,0,16878,0,0,0,1,0,0,0,0,0,0
83215,Basilisk (Green),,,,0,1,0,0,16876,0,0,0,1,0,0,0,0,0,0
83216,Basilisk (Yellow),,,,0,1,0,0,16879,0,0,0,1,0,0,0,0,0,0
83217,Botani (Purple),,,,0,7,0,0,57075,0,0,0,1,0,0,0,0,0,0
83218,Botani (Blue),,,,0,7,0,0,57489,0,0,0,1,0,0,0,0,0,0
83219,Botani (Brown),,,,0,7,0,0,57488,0,0,0,1,0,0,0,0,0,0
83220,Botani (Red),,,,0,7,0,0,57487,0,0,0,1,0,0,0,0,0,0
83221,Firefly (Dark Blue),,,,0,1,0,0,59732,0,0,0,1,0,0,0,0,0,0
83222,Firefly (Aqua),,,,0,1,0,0,59731,0,0,0,1,0,0,0,0,0,0
83223,Firefly (Magenta),,,,0,1,0,0,59733,0,0,0,1,0,0,0,0,0,0
83224,Firefly (Orange),,,,0,1,0,0,59734,0,0,0,1,0,0,0,0,0,0
83225,Ancient (Shadowmoon),,,,0,4,0,0,54680,0,0,0,1,0,0,0,0,0,0
83226,Ancient (Willow),,,,0,4,0,0,54681,0,0,0,1,0,0,0,0,0,0
83227,Ancient (Spires),,,,0,4,0,0,54677,0,0,0,1,0,0,0,0,0,0
83228,Ancient (Gorgrond),,,,0,4,0,0,54679,0,0,0,1,0,0,0,0,0,0
83229,Ancient (Shadowmoon),,,,0,4,0,0,54660,0,0,0,1,0,0,0,0,0,0
83230,Ancient (Spires) 2,,,,0,4,0,0,54661,0,0,0,1,0,0,0,0,0,0
83231,Ancient (Willow) 2,,,,0,4,0,0,54676,0,0,0,1,0,0,0,0,0,0
83232,Ancient (Gorgrond) 2,,,,0,4,0,0,54675,0,0,0,1,0,0,0,0,0,0
83233,Genusaur (Black),,,,0,5,0,0,57499,0,0,0,1,0,0,0,118058,0,0
83234,Genusaur (Green),,,,0,5,0,0,57497,0,0,0,1,0,0,0,118055,0,0
83235,Genusaur (Orange),,,,0,5,0,0,57496,0,0,0,1,0,0,0,118057,0,0
83236,Genusaur (Brown),,,,0,5,0,0,57498,0,0,0,1,0,0,0,118056,0,0
83237,Hydra (Black),,,,0,1,0,0,57516,0,0,0,1,0,0,0,0,0,0
83238,Hydra (Red),,,,0,1,0,0,57515,0,0,0,1,0,0,0,0,0,0
83239,Hydra (Blue),,,,0,1,0,0,55413,0,0,0,1,0,0,0,0,0,0
83240,Hydra (Green),,,,0,1,0,0,55461,0,0,0,1,0,0,0,0,0,0
83241,Draenei (Sargeri) 1,,,,0,1,0,0,56442,0,0,0,1,0,0,0,0,0,0
83242,Draenei (Sargeri) 2,,,,0,1,0,0,56445,0,0,0,1,0,0,0,0,0,0
83243,Draenei (Sargeri) 3,,,,0,1,0,0,56440,0,0,0,1,0,0,0,0,0,0
83246,Hippo (Blue),,,,0,1,0,0,52414,0,0,0,1,0,0,0,0,0,0
83247,Hippo (Green),,,,0,1,0,0,52415,0,0,0,1,0,0,0,0,0,0
83248,Hippo (Red),,,,0,1,0,0,52417,0,0,0,1,0,0,0,0,0,0
83249,Hippo (Albino),,,,0,1,0,0,52413,0,0,0,1,0,0,0,0,0,0
83250,Hippo (Dark),,,,0,1,0,0,52416,0,0,0,1,0,0,0,0,0,0
83251,Void Lord,,,,0,1,0,0,71754,0,0,0,1,0,0,0,0,0,0
83252,Void God,,,,0,1,0,0,33850,0,0,0,1,0,0,0,0,0,0
83253,Void Terror,,,,0,1,0,0,19368,0,0,0,1,0,0,0,0,0,0
83254,Voidwraith 2,,,,0,1,0,0,18955,0,0,0,1,0,0,0,0,0,0
83255,Voidwraith 1,,,,0,1,0,0,50757,0,0,0,1,0,0,0,0,0,0
83256,Voidcaller 1,,,,0,1,0,0,17704,0,0,0,1,0,0,0,0,0,0
83257,Skeletal Orc,,,,0,1,0,0,58623,0,0,0,1,0,0,0,0,0,0
83258,Lasher (Blue),,,,0,1,0,0,29955,0,0,0,1,0,0,0,0,0,0
83259,Lasher (Pink),,,,0,1,0,0,30765,0,0,0,1,0,0,0,0,0,0
83260,Lasher (White),,,,0,1,0,0,28524,0,0,0,1,0,0,0,0,0,0
83261,Lasher (Red),,,,0,1,0,0,43560,0,0,0,1,0,0,0,0,0,0
83262,Lasher (Brown),,,,0,1,0,0,17713,0,0,0,1,0,0,0,0,0,0
83263,Nether Ray (Blue),,,,0,1,0,0,19405,0,0,0,1,0,0,0,0,0,0
83264,Nether Ray (Purple),,,,0,1,0,0,19407,0,0,0,1,0,0,0,0,0,0
83265,Sporebat (Blue),,,,0,1,0,0,57561,0,0,0,1,0,0,0,0,0,0
83266,Sporebat (Purple),,,,0,1,0,0,57559,0,0,0,1,0,0,0,0,0,0
83267,Sporebat (Grey),,,,0,1,0,0,57560,0,0,0,1,0,0,0,0,0,0
83268,Imperator Mar'gok,,Sorcerer King,,1,7,0,0,54329,0,0,0,1,0,0,0,115015,0,0
83269,Warp Stalker (White),,,,0,1,0,0,19998,0,0,0,1,0,0,0,0,0,0
83270,Warp Stalker (Red),,,,0,1,0,0,19997,0,0,0,1,0,0,0,0,0,0
83271,Warp Stalker (Yellow),,,,0,1,0,0,19369,0,0,0,1,0,0,0,0,0,0
83272,Warp Stalker (Black),,,,0,1,0,0,19996,0,0,0,1,0,0,0,0,0,0
83273,Warp Stalker (Blue),,,,0,1,0,0,19995,0,0,0,1,0,0,0,0,0,0
83274,Warp Stalker (Turquoise),,,,0,1,0,0,21356,0,0,0,1,0,0,0,0,0,0
83275,Fungal Giant (Draenor Green),,,,0,1,0,0,59508,0,0,0,1,0,0,0,0,0,0
83276,Fungal Giant (Draenor Red),,,,0,1,0,0,59509,0,0,0,1,0,0,0,0,0,0
83277,Fungal Giant (Draenor Purple),,,,0,1,0,0,59511,0,0,0,1,0,0,0,0,0,0
83278,Arcane Elemental,,,,0,1,0,0,34641,0,0,0,1,0,0,0,0,0,0
83279,Lobstrok (White),,,,0,1,0,0,17107,0,0,0,1,0,0,0,0,0,0
83280,Lobstrok (Yellow),,,,0,1,0,0,17108,0,0,0,1,0,0,0,0,0,0
83281,Lobstrok (Red),,,,0,1,0,0,17105,0,0,0,1,0,0,0,0,0,0
83282,Lobstrok (Purple),,,,0,1,0,0,17101,0,0,0,1,0,0,0,0,0,0
83283,Lobstrok (Turquoise),,,,0,1,0,0,17106,0,0,0,1,0,0,0,0,0,0
83284,Frog (Green),,,,0,1,0,0,53781,0,0,0,1,0,0,0,0,0,0
83285,Frog (Blue),,,,0,1,0,0,53782,0,0,0,1,0,0,0,0,0,0
83286,Frog (Brown),,,,0,1,0,0,54643,0,0,0,1,0,0,0,0,0,0
83287,Frog (Black),,,,0,1,0,0,57495,0,0,0,1,0,0,0,0,0,0
83288,Snake (Green),,,,0,1,0,0,47994,0,0,0,1,0,0,0,0,0,0
83289,Snake (Brown),,,,0,1,0,0,51277,0,0,0,1,0,0,0,0,0,0
83290,Snake (Black),,,,0,1,0,0,47887,0,0,0,1,0,0,0,0,0,0
83291,Podling (Purple),,,,0,1,0,0,55520,0,0,0,1,0,0,0,0,0,0
83292,Podling (Blue),,,,0,1,0,0,55415,0,0,0,1,0,0,0,0,0,0
83293,Podling (Red),,,,0,1,0,0,55414,0,0,0,1,0,0,0,0,0,0
83294,Podling (Orange),,,,0,1,0,0,57545,0,0,0,1,0,0,0,0,0,0
83295,Podling (Yellow),,,,0,1,0,0,55416,0,0,0,1,0,0,0,0,0,0
83296,Podling (Green),,,,0,1,0,0,55412,0,0,0,1,0,0,0,0,0,0
83297,Toucan (Red),,,,0,1,0,0,55922,0,0,0,1,0,0,0,0,0,0
83298,Toucan (Green),,,,0,1,0,0,55921,0,0,0,1,0,0,0,0,0,0
83299,Toucan (Blue),,,,0,1,0,0,55923,0,0,0,1,0,0,0,0,0,0
83300,Toucan (Brown),,,,0,1,0,0,55924,0,0,0,1,0,0,0,0,0,0
83301,Plant Hydra (Purple),,,,0,4,0,0,55769,0,0,0,1,0,0,0,0,0,0
83302,Plant Hydra (Violet),,,,0,4,0,0,55464,0,0,0,1,0,0,0,0,0,0
83303,Plant Hydra (Red),,,,0,4,0,0,55764,0,0,0,1,0,0,0,0,0,0
83304,Plant Hydra (Yellow),,,,0,4,0,0,55782,0,0,0,1,0,0,0,0,0,0
83305,Plant Hydra (Green),,,,0,4,0,0,57544,0,0,0,1,0,0,0,0,0,0
83306,Draenor Kaliri (Black),,,,0,1,0,0,58828,0,0,0,1,0,0,0,0,0,0
83307,Draenor Kaliri (Red),,,,0,1,0,0,58829,0,0,0,1,0,0,0,0,0,0
83308,Draenor Kaliri (Brown),,,,0,1,0,0,58822,0,0,0,1,0,0,0,0,0,0
83309,Draenor Kaliri (Black 1.50),,,,0,1,0,0,59094,0,0,0,1,0,0,0,0,0,0
83310,Plant Corrupted Orc (Default),,,,0,1,0,0,59687,0,0,0,1,0,0,0,0,0,0
83311,Plant Corrupted Orc (Spires),,,,0,1,0,0,59688,0,0,0,1,0,0,0,0,0,0
83312,Plant Corrupted Orc (Gorgrond),,,,0,1,0,0,59689,0,0,0,1,0,0,0,0,0,0
83313,Plant Corrupted Orc (Shadowmoon),,,,0,1,0,0,59690,0,0,0,1,0,0,0,0,0,0
83316,Riding Talbuk,,,,0,1,0,0,53113,0,0,0,1,0,0,0,0,0,0
83317,Talbuk (Purple),,,,0,1,0,0,53115,0,0,0,1,0,0,0,0,0,0
83318,Talbuk (Black),,,,0,1,0,0,53117,0,0,0,1,0,0,0,0,0,0
83319,Talbuk (Red),,,,0,1,0,0,53114,0,0,0,1,0,0,0,0,0,0
83320,Talbuk (Brown),,,,0,1,0,0,53116,0,0,0,1,0,0,0,0,0,0
83321,Elekk (Pale),,,,0,1,300,0,54388,0,0,0,1,1,1,1,0,0,0
83322,Elekk (Grey),,,,0,1,300,0,54387,0,0,0,1,1,1,1,0,0,0
83323,Elekk (Dark),,,,0,1,300,0,54386,0,0,0,1,1,1,1,0,0,0
83324,Elekk (Brown),,,,0,1,300,0,54382,0,0,0,1,1,1,1,0,0,0
83325,Fungal Beast (Glow Green),,,,0,1,0,0,59715,0,0,0,1,0,0,0,0,0,0
83326,Fungal Beast (Glow Red),,,,0,1,0,0,59716,0,0,0,1,0,0,0,0,0,0
83328,Draenor Raptor (Blue),,,,0,1,0,0,59539,0,0,0,1,0,0,0,0,0,0
83329,Draenor Raptor (Red),,,,0,1,0,0,59538,0,0,0,1,0,0,0,0,0,0
83330,Draenor Raptor (Yellow),,,,0,1,0,0,59537,0,0,0,1,0,0,0,0,0,0
83331,Draenor Raptor (Light Green),,,,0,1,0,0,59540,0,0,0,1,0,0,0,0,0,0
83332,Teroclaw (Blue),,,,0,1,0,0,58164,0,0,0,1,0,0,0,0,0,0
83333,Teroclaw (Green),,,,0,1,0,0,58166,0,0,0,1,0,0,0,0,0,0
83334,Teroclaw (Red),,,,0,1,0,0,58167,0,0,0,1,0,0,0,0,0,0
83335,Teroclaw (Brown),,,,0,1,0,0,58165,0,0,0,1,0,0,0,0,0,0
83336,Iron Horde Machine - Shredder 1,,,,0,1,0,0,56590,0,0,0,1,0,0,0,0,0,0
83337,Iron Horde Machine - Siege Weapon 3,,,,0,1,0,0,53348,0,0,0,1,0,0,0,0,0,0
83338,Iron Horde Machine - Siege Weapon 2,,,,0,1,0,0,52849,0,0,0,1,0,0,0,0,0,0
83339,Iron Horde Machine - Siege Weapon 1,,,,0,1,0,0,53349,0,0,0,1,0,0,0,0,0,0
83340,Moth (Blue),,,,0,1,0,0,54496,0,0,0,1,0,0,0,0,0,0
83341,Moth (Cyan),,,,0,1,0,0,59895,0,0,0,1,0,0,0,0,0,0
83342,Moth (Purple),,,,0,1,0,0,59887,0,0,0,1,0,0,0,0,0,0
83343,Geode (Purple),,,,0,1,0,0,37518,0,0,0,1,0,0,0,0,0,0
83344,Geode (White),,,,0,1,0,0,33293,0,0,0,1,0,0,0,0,0,0
83345,Sabertooth Tiger (WhiteOrange),,,,0,1,0,0,59721,0,0,0,1,0,0,0,0,0,0
83347,Sabertooth Tiger (BlackRed),,,,0,1,0,0,59724,0,0,0,1,0,0,0,0,0,0
83349,High Arakkoa - Healer 1,,,,0,1,0,0,57094,0,0,0,1,0,0,0,0,0,0
83350,High Arakkoa - Healer 2,,,,0,1,0,0,57505,0,0,0,1,0,0,0,0,0,0
83351,High Arakkoa - Healer 3,,,,0,1,0,0,57504,0,0,0,1,0,0,0,0,0,0
83352,High Arakkoa - Warrior 1,,,,0,1,0,0,57109,0,0,0,1,0,0,0,0,0,0
83353,High Arakkoa - Warrior 2,,,,0,1,0,0,57112,0,0,0,1,0,0,0,0,0,0
83354,High Arakkoa - Warrior 3,,,,0,1,0,0,57503,0,0,0,1,0,0,0,0,0,0
83355,High Arakkoa - Caster 3,,,,0,1,0,0,57508,0,0,0,1,0,0,0,0,0,0
83356,High Arakkoa - Caster 2,,,,0,1,0,0,57507,0,0,0,1,0,0,0,0,0,0
83357,High Arakkoa - Caster 1,,,,0,1,0,0,57506,0,0,0,1,0,0,0,0,0,0
83358,High Arakkoa - Low Caste 3,,,,0,1,0,0,57106,0,0,0,1,0,0,0,0,0,0
83359,High Arakkoa - Low Caste 1,,,,0,1,0,0,57512,0,0,0,1,0,0,0,0,0,0
83360,High Arakkoa - Low Caste 3,,,,0,1,0,0,57100,0,0,0,1,0,0,0,0,0,0
83361,High Arakkoa - Rogue 3,,,,0,1,0,0,57514,0,0,0,1,0,0,0,0,0,0
83362,High Arakkoa - Rogue 2,,,,0,1,0,0,57092,0,0,0,1,0,0,0,0,0,0
83363,High Arakkoa - Rogue 1,,,,0,1,0,0,57513,0,0,0,1,0,0,0,0,0,0
83364,Spore Walker (Black),,,,0,1,0,0,45046,0,0,0,1,0,0,0,0,0,0
83365,Spore Walker (Blue),,,,0,1,0,0,57558,0,0,0,1,0,0,0,0,0,0
83366,Spore Walker (White),,,,0,1,0,0,57556,0,0,0,1,0,0,0,0,0,0
83367,Spore Walker (Green),,,,0,1,0,0,57557,0,0,0,1,0,0,0,0,0,0
83368,Mana Elemental (Yellow),,,,0,1,0,0,57521,0,0,0,1,0,0,0,0,0,0
83369,Mana Elemental (Blue),,,,0,1,0,0,55233,0,0,0,1,0,0,0,0,0,0
83370,Mana Elemental (Pink),,,,0,1,0,0,57522,0,0,0,1,0,0,0,0,0,0
83371,Mana Elemental (White),,,,0,1,0,0,55561,0,0,0,1,0,0,0,0,0,0
83372,Dread Raven,,,,0,1,0,0,54107,0,0,0,1,0,0,0,0,0,0
83373,Wind Serpent (White),,,,0,1,0,0,2703,0,0,0,1,0,0,0,0,0,0
83374,Wind Serpent (Bone),,,,0,6,27,0,32442,0,0,0,1,1,1,1,0,0,0
83375,Arakkoa Construct,,,,0,9,0,0,56654,0,0,0,1,0,0,0,0,0,0
83379,Abyssal 2,,,,0,1,0,0,51650,0,0,0,1,0,0,0,0,0,0
83380,Wrathguard 2,,,,0,1,0,0,20041,0,0,0,1,0,0,0,0,0,0
83381,Shivan 2,,,,0,1,0,0,17543,0,0,0,1,0,0,0,0,0,0
83382,Felguard 2,,,,0,1,0,0,5048,0,0,0,1,0,0,0,0,0,0
83383,Draenei (Sargeri) 4,,,,0,1,0,0,56447,0,0,0,1,0,0,0,0,0,0
83384,Shredder 2,,,,0,1,0,0,57517,0,0,0,1,0,0,0,0,0,0
83386,Voidcaller 2,,,,0,1,0,0,57566,0,0,0,1,0,0,0,0,0,0
83387,Dead Rangari,,,,0,7,0,0,52425,52426,52427,52428,1,1,1,1,111580,111580,107287
83403,Protector Andaal,,,,0,7,0,0,57683,0,0,0,1,1,1,1,94665,110157,0
83406,Karabor Citizen,,,,0,7,0,0,57685,57699,57687,57700,1,1,1,1,0,0,0
83407,Vindicator Yrel,,,,1,7,0,0,52921,0,0,0,1,0,0,0,111523,0,0
83408,Crow,,,,6,8,0,0,32546,0,0,0,1,0,0,0,0,0,0
83411,Priestess of Karabor,,,,0,7,0,0,57689,57690,57692,57851,1,1,1,1,0,0,0
83422,Crow Stalker,,,,0,10,0,0,47399,11686,0,0,0,1,0,0,0,0,0
83425,Injured Karabor Citizen,,,,0,7,0,0,57696,57686,57698,57688,1,1,1,1,0,0,0
83426,Rukhmar's Light Alignment Control,,,,0,10,0,0,58294,0,0,0,1,0,0,0,0,0,0
83429,Clefthoof (Dark),,,,0,1,0,0,52372,0,0,0,1,0,0,0,0,0,0
83430,Clefthoof (Blue),,,,0,1,0,0,52371,0,0,0,1,0,0,0,0,0,0
83431,Clefthoof (Grey),,,,0,1,0,0,52373,0,0,0,1,0,0,0,0,0,0
83432,Clefthoof (White),,,,0,1,0,0,52374,0,0,0,1,0,0,0,0,0,0
83433,Clefthoof (Red),,,,0,1,0,0,52375,0,0,0,1,0,0,0,0,0,0
83435,Portal Mage,,,,0,7,0,0,57387,0,0,0,1,0,0,0,52523,0,0
83437,TEMPLATE,,,,0,7,0,0,56301,0,0,0,1,0,0,0,113056,0,0
83438,Mragesh,,,,0,1,68,0,56108,0,0,0,1,1,1,1,0,0,0
83457,Ravager Wasp (Yellow),,,,0,1,0,0,56047,0,0,0,1,0,0,0,0,0,0
83460,Orc (Burning Blade) 1,,,,0,1,0,0,53631,0,0,0,1,0,0,0,0,0,0
83461,Orc (Burning Blade) 2,,,,0,1,0,0,56369,0,0,0,1,0,0,0,0,0,0
83462,Orc (Burning Blade) 3,,,,0,1,0,0,53613,0,0,0,1,0,0,0,0,0,0
83472,Azuka Bladefury,,Warlord of the Burning Blade,,1,7,0,0,55713,0,0,0,1,0,0,0,73892,0,0
83473,Blackhand,,Warlord of the Blackrock,,1,7,0,0,57729,0,0,0,1,0,0,0,113126,0,109185
83474,Kilrogg Deadeye,,Warlord of the Bleeding Hollow,,1,7,0,0,57730,0,0,0,1,0,0,0,110405,0,0
83475,Kargath Bladefist,,Warlord of the Shattered Hand,,1,7,0,0,57732,0,0,0,1,0,0,0,0,0,0
83487,Adherent Colossus,,,,1,7,0,0,56656,0,0,0,1,0,0,0,0,0,0
83518,Karabor Citizen,,,,0,7,0,0,57765,57766,57767,57768,1,1,1,1,0,0,0
83527,Karabor Citizen,,,,0,7,0,0,57773,57776,0,0,1,1,1,1,0,0,0
83537,Warsong Wolf,,,,0,1,0,0,61531,0,0,0,1,0,0,0,0,0,0
83538,Warsong Commander,,,,0,7,0,0,57780,57781,0,0,1,1,0,0,112388,107159,109245
83539,Shattered Hand Brawler,,,,0,7,0,0,58207,58208,58209,58210,1,1,1,1,108433,0,0
83562,Zomstrok,,,,0,12,0,0,57803,0,0,0,1,1,1,1,0,0,0
83566,Protector Kuradin,,,,0,7,0,0,57683,0,0,0,1,1,1,1,94665,110157,0
83572,Karabor Citizen,,,,0,7,0,0,57808,57809,57811,57812,1,1,1,1,0,0,0
83583,Forest Sproutling,,,,0,12,0,0,57822,0,0,0,1,1,1,1,0,0,0
83584,Autumnal Sproutling,,,,0,12,0,0,57823,0,0,0,1,1,1,1,0,0,0
83588,Sun Sproutling,,,,0,12,0,0,57825,0,0,0,1,1,1,1,0,0,0
83589,Kelp Sproutling,,,,0,12,0,0,57821,0,0,0,1,1,1,1,0,0,0
83592,Sassy Sproutling,,,,0,12,0,0,57820,0,0,0,1,1,1,1,0,0,0
83594,Nightshade Sproutling,,,,0,12,0,0,57824,0,0,0,1,1,1,1,0,0,0
83604,Injured Sha'tari Citizen,,,,0,7,0,0,57834,58096,58097,58098,1,1,1,1,0,0,0
83610,Mangled Gronn,,,,0,5,0,0,55152,55839,0,0,0,1,0,0,0,0,0
83623,Bloodmaul Warder,,,,1,7,0,0,52891,0,0,0,1,0,0,0,107406,0,0
83624,Bloodmaul Enforcer,,,,1,7,0,0,52888,0,0,0,1,0,0,0,107409,0,0
83642,Mud Jumper,,,,0,14,0,0,47992,0,0,0,1,0,0,0,0,0,0
83648,General Purpose Stalker,,,,0,10,0,0,47399,11686,0,0,0,1,0,0,0,0,0
83651,Battered Frostwolf Prisoner,,,,0,7,0,0,57853,57854,0,0,1,1,0,0,0,0,0
83652,Battered Draenei Prisoner,,,,0,7,0,0,57867,57868,57869,57870,1,1,1,1,0,0,0
83657,Grom'kar Grunt,,,,0,7,0,0,51767,0,0,0,1,0,0,0,41980,0,0
83661,Peckers the Majestic,,,,0,1,0,0,59539,0,0,0,1,0,0,0,0,0,0
83684,Protector Ondaga,,,,0,7,0,0,57887,0,0,0,1,1,1,1,0,0,0
83702,Protector Felador,,,,0,7,0,0,57683,0,0,0,1,1,1,1,94665,110157,0
83707,Protector Indari,,,,0,7,0,0,57908,0,0,0,1,1,1,1,94665,110157,0
83708,Peckers the Majestic,,,,0,1,0,0,59539,0,0,0,1,0,0,0,0,0,0
83713,Titarus,,,,2,1,0,0,60821,0,0,0,1,0,0,0,0,0,0
83714,Quaking Fury,,,,1,4,0,0,57494,0,0,0,1,0,0,0,0,0,0
83738,Blade Fist Target,,,,0,9,0,0,61066,0,0,0,1,0,0,0,0,0,0
83748,Protector Ayelene,,,,0,7,0,0,57908,0,0,0,1,1,1,1,94665,110157,0
83759,Karabor Trainee,,,,0,7,0,0,57937,57938,57939,57940,1,1,1,1,87275,111737,0
83779,Battle-Trainer Mulak,,,,0,7,0,0,57945,0,0,0,1,1,1,1,112580,0,0
83780,Adventuring Desii,,,,0,7,0,0,59526,0,0,0,1,1,1,1,0,0,0
83785,Weaponsmith Kaul,,Repairs,,0,7,0,0,57949,0,0,0,1,1,1,1,5956,0,0
83790,Ashmaul Flamespeaker,,,,0,7,0,0,58249,58250,0,0,1,1,0,0,107424,0,0
83802,Napp'agosh,,,,1,7,0,0,57960,0,0,0,1,0,0,0,0,0,0
83812,Ashmaul Enforcer,,,,0,7,0,0,58248,0,0,0,1,1,1,0,107411,0,0
83817,Ghastly Kid,,,,0,12,0,0,57970,0,0,0,1,0,0,0,0,0,0
83819,Brickhouse,,Mighty,,2,7,0,0,57974,0,0,0,1,0,0,0,113621,113622,0
83823,Archmage Khadgar,,Sons of Lothar,,1,7,0,0,56765,0,0,0,1,0,0,0,28067,0,0
83825,Mirathen,,,,0,7,0,0,57977,0,0,0,1,1,1,1,0,0,0
83833,Hand of Veknarius,,,,0,12,0,0,45630,0,0,0,1,1,1,1,0,0,0
83836,Wishbright Lantern,,,,0,12,0,3,36902,0,0,0,1,0,0,0,0,0,0
83837,Cymre Brightblade,,Grand Master Pet Tamer,,0,7,0,0,57982,0,0,0,1,0,0,0,107254,0,0
83839,Idol of Decay,,,,0,12,0,0,38232,0,0,0,1,0,0,0,0,0,0
83844,Ricket,,,,1,7,0,0,26243,0,0,0,1,0,0,0,0,0,0
83863,Archmage Khadgar,,Sons of Lothar,,1,7,0,0,56765,0,0,0,1,0,0,0,28067,0,0
83865,Grom'kar Captive,,,,0,7,0,0,57993,57994,0,0,1,1,0,0,0,0,0
83868,Grom'kar Captive,,,,0,7,0,0,57995,57996,0,0,1,1,0,0,0,0,0
83870,Traveling Karabor Citizen,,,,0,7,0,0,52465,52466,52467,52468,1,1,1,1,0,0,0
83881,Grand Elekk,,,,1,1,300,0,58015,0,0,0,1,1,1,1,0,0,0
83885,Herbalist Corteen,,,,0,7,0,0,58012,0,0,0,1,1,1,1,0,0,0
83891,Gearworks Crab,,,,0,8,0,0,45880,32789,0,0,1,1,1,1,0,0,0
83905,Azuka Bladefury,,Warlord of the Burning Blade,,1,7,0,0,55713,0,0,0,1,0,0,0,73892,0,0
83929,Cordana Felsong,,Warden,,1,7,0,0,50650,0,0,0,1,0,0,0,32425,0,0
83947,Kimzee Pinchwhistle,,,,0,7,0,0,56213,0,0,0,1,0,0,0,31824,0,0
83948,Portal Mage,,,,0,7,0,0,56683,0,0,0,1,0,0,0,873,0,0
83949,Blackhand,,,,1,7,0,0,25204,0,0,0,0,0,0,0,0,0,0
83951,Interactive Super Thrall,,,,1,7,0,0,4527,0,0,0,1,1,1,1,21679,0,0
84014,Protector Balanor,,,,0,7,0,0,57683,0,0,0,1,1,1,1,94665,110157,0
84018,Protector Denuoth,,,,0,7,0,0,57683,0,0,0,1,1,1,1,94665,110157,0
84053,Kargath Bladefist,,Warlord of the Shattered Hand,,1,7,0,0,55867,0,0,0,1,0,0,0,0,0,0
84056,Tamed Stalker,,,,0,8,0,0,45998,0,0,0,1,1,1,1,0,0,0
84057,Protector Isaara,,,,0,7,0,0,57908,0,0,0,1,1,1,1,94665,110157,0
84059,Protector Bendath,,,,0,7,0,0,57683,0,0,0,1,1,1,1,0,0,0
84061,Harbor Defender,,,,0,7,0,0,58109,58110,58111,58112,1,1,1,1,106264,29642,0
84080,Protector Ekaal,,,,0,7,0,0,57908,0,0,0,1,1,1,1,94665,110157,0
84090,Karabor Dockhand,,,,0,7,0,0,58116,58117,58118,58119,1,1,1,1,0,0,0
84098,Commander Gar,,,,0,7,0,0,58123,0,0,0,1,0,0,0,0,0,0
84123,Tapa Swiftpaw,,,,0,7,0,0,58138,0,0,0,1,0,0,0,29171,0,0
84124,Kage Satsuke,,,,0,7,0,0,58139,0,0,0,1,0,0,0,29171,0,0
84126,Zen'kili,,,,0,7,0,0,58140,0,0,0,1,0,0,0,28658,0,0
84127,Scarletleaf,,,,0,7,0,0,58141,0,0,0,1,0,0,0,28658,0,0
84128,Zen'taki,,,,0,7,0,0,58142,0,0,0,1,0,0,0,28325,0,0
84130,Bryan Schnau,,,,0,7,0,0,58143,0,0,0,1,0,0,0,28325,0,0
84131,Rexxar,,,,1,7,0,0,60766,0,0,0,100,0,0,0,10612,10612,0
84139,Karabor Citizen,,,,0,7,0,0,58116,58117,58118,58119,1,1,1,1,12801,0,0
84140,Karabor Citizen,,,,0,7,0,0,58116,58117,58118,58119,1,1,1,1,12801,13604,0
84151,Gorge Rylak,,,,0,1,38,0,53862,0,0,0,0,1,1,1,0,0,0
84153,Duurg,,,,0,5,0,0,58158,0,0,0,1,1,1,1,0,0,0
84154,Ancient Gronnling,,,,0,7,0,0,58168,0,0,0,1,0,0,0,0,0,0
84159,Drelanim Whisperwind,,Warden,,1,7,0,0,38088,0,0,0,1,0,0,0,14888,0,0
84160,Malace Shade,,Warden,,1,7,0,0,38088,0,0,0,1,0,0,0,14889,0,0
84161,Marin Bladewing,,Warden,,1,7,0,0,38088,0,0,0,1,0,0,0,14885,0,0
84162,Mirana Starlight,,Warden,,1,7,0,0,38088,0,0,0,1,0,0,0,14889,0,0
84163,Shalis Darkhunter,,Warden,,1,7,0,0,38088,0,0,0,1,0,0,0,14887,0,0
84164,Sira Moonwarden,,Warden,,1,7,0,0,38088,0,0,0,1,0,0,0,14884,0,0
84167,Ancient Gronn,,,,0,5,0,0,55152,0,0,0,1,0,0,0,0,0,0
84169,Ancient Ogron,,,,0,5,0,0,55805,0,0,0,1,0,0,0,0,0,0
84176,Ripfist,,,,0,7,0,0,58178,0,0,0,1,0,0,0,107735,0,0
84177,Gorgorek,,,,0,5,0,0,58455,0,0,0,1,0,0,0,0,0,0
84198,Elekk Keeper Leeda,,,,0,7,0,0,58185,0,0,0,1,1,1,1,0,0,0
84204,Protector Alagon,,,,0,7,0,0,57683,0,0,0,1,1,1,1,94665,110157,0
84205,Elekk Plushie,,,,0,12,0,0,58170,0,0,0,1,1,1,1,0,0,0
84208,Ravenspeaker Acolyte,,,,0,7,0,3,61115,0,0,0,1,0,0,0,106225,0,0
84258,Kaz the Shrieker,,,,0,7,0,0,52195,0,0,0,1,0,0,0,0,0,0
84271,Moxy Mistbargain,,,,0,7,0,0,58239,0,0,0,1,0,0,0,40455,0,0
84273,Leena,,,,0,7,0,0,58241,0,0,0,1,0,0,0,40455,0,0
84274,Reena Waterrites,,,,0,7,0,0,58242,0,0,0,1,0,0,0,0,0,0
84276,Reshad,,Scrollkeeper,,0,7,0,0,57143,0,0,0,1,0,0,0,0,0,0
84280,Keema,,,,0,7,0,0,58246,0,0,0,1,0,0,0,0,0,0
84284,Laughing Ravager,,,,0,1,0,0,56912,0,0,0,1,0,0,0,0,0,0
84295,Utona Wolfeye,,,,0,7,0,0,58259,0,0,0,1,0,0,0,47509,39716,0
84296,Navea the Purifier,,,,0,7,0,0,58261,0,0,0,1,0,0,0,47509,39716,0
84297,Heallix Skatterstorm,,,,0,7,0,0,58262,0,0,0,1,0,0,0,55046,4822,0
84299,Zian,,,,0,7,0,0,58264,0,0,0,1,0,0,0,55046,4822,0
84300,Rakkaha,,,,0,7,0,0,58265,0,0,0,1,0,0,0,13204,63746,0
84302,Belouran,,,,0,7,0,0,58266,0,0,0,1,0,0,0,13204,63746,0
84304,Fazerra,,,,0,7,0,0,58268,0,0,0,1,0,0,0,57305,53419,0
84305,Galestriker Halanai,,,,0,7,0,0,58269,0,0,0,1,0,0,0,57305,53419,0
84308,Ravager Wasp,,,,0,1,0,0,56044,0,0,0,1,0,0,0,0,0,0
84309,Noxious Mandragora,,,,0,4,0,0,55927,0,0,0,1,0,0,0,0,0,0
84310,Thorny Lasher,,,,0,1,0,0,28623,0,0,0,1,0,0,0,0,0,0
84312,Gnarled Ancient,,,,1,4,0,0,55425,0,0,0,1,0,0,0,0,0,0
84313,Botani Lifebinder,,,,0,7,0,0,58429,0,0,0,1,0,0,0,0,0,0
84314,Ancient Old,,,,0,4,0,0,56950,0,0,0,1,0,0,0,0,0,0
84317,Aesin Sunstalker,,,,0,7,0,0,58274,0,0,0,1,0,0,0,0,0,21478
84318,Erohaan,,,,0,7,0,0,58275,0,0,0,1,0,0,0,0,0,21616
84319,Ancient Young,,,,0,4,0,0,54680,0,0,0,1,0,0,0,0,0,0
84323,Hara'len,,,,0,7,0,0,58280,0,0,0,1,0,0,0,0,0,35075
84324,Vidar Goldaim,,,,0,7,0,0,58281,0,0,0,1,0,0,0,0,0,35075
84325,Mokuja,,,,0,7,0,0,58282,0,0,0,1,0,0,0,0,0,42498
84326,Dana Crockett,,,,0,7,0,0,58283,0,0,0,1,0,0,0,0,0,42498
84330,Meadowstomper Calf,,,,0,12,0,0,39130,0,0,0,1,0,0,0,0,0,0
84336,Yalnu,,,,1,5,0,0,57231,0,0,0,1,0,0,0,118057,0,0
84380,Fawne,,,,0,7,0,0,58322,0,0,0,1,0,0,0,0,0,59367
84381,Noreen Trueflint,,,,0,7,0,0,58325,0,0,0,1,0,0,0,0,0,59367
84414,Grom'kar Captive,,,,0,7,0,0,57993,57994,0,0,1,1,0,0,0,0,0
84415,Grom'kar Captive,,,,0,7,0,0,57995,57996,0,0,1,1,0,0,0,0,0
84436,Generic Bunny,,,,0,10,0,0,20570,16946,0,0,0,1,0,0,0,0,0
84437,Rongar,,,,0,7,0,0,58337,0,0,0,1,0,0,0,40264,84097,0
84438,Conall Rainsinger,,,,0,7,0,0,58338,0,0,0,1,0,0,0,40264,84097,0
84439,Yepa,,,,0,7,0,0,58339,0,0,0,1,0,0,0,12773,49689,0
84440,Fern Greenfoot,,,,0,7,0,0,58340,0,0,0,1,0,0,0,12773,49689,0
84441,Sea Calf,,,,0,12,0,0,49259,0,0,0,1,1,1,1,0,0,0
84443,Durotan,,Warchief of the Frostwolf Clan,,1,7,0,0,51837,0,0,0,1,0,0,0,94647,0,0
84444,Aggra,,,,1,7,0,0,48082,0,0,0,1,0,0,0,58137,110159,0
84464,Backdraft,,,,0,10,0,0,23767,0,0,0,0,0,0,0,0,0,0
84476,Faal,,,,0,7,0,0,58360,0,0,0,1,0,0,0,13348,0,0
84477,Besandran Shatterfury,,,,0,7,0,0,58362,0,0,0,1,0,0,0,13348,0,0
84478,Syverandin Yewshade,,,,0,7,0,0,58363,0,0,0,1,0,0,0,20580,12867,0
84479,Matoclaw,,,,0,7,0,0,31626,0,0,0,1,0,0,0,20580,12867,0
84480,Ellington Moonheart,,,,0,7,0,0,58364,0,0,0,1,0,0,0,40244,33334,0
84481,Tama Skyhoof,,,,0,7,0,0,58365,0,0,0,1,1,1,1,40244,33334,0
84482,Gorandir Wildsong,,,,0,7,0,0,58366,0,0,0,1,0,0,0,2177,0,0
84484,Goahn,,,,0,7,0,0,58368,0,0,0,1,0,0,0,2177,0,0
84486,Mojo'kai,,,,0,7,0,0,58369,0,0,0,1,0,0,0,25625,0,0
84487,Ruvan Hornsby,,,,0,7,0,0,58372,0,0,0,1,0,0,0,25625,0,0
84491,Elodor Elekk-Herder,,,,0,7,0,0,58374,58375,58376,58377,1,1,1,1,0,0,0
84521,Deathwatch Hatchling,,,,0,12,0,0,58395,0,0,0,1,1,1,1,0,0,0
84542,Yrel,,,,0,7,0,0,52921,0,0,0,1,0,0,0,111523,0,0
84631,Warlock Gateway,,,,0,10,0,0,58402,0,0,0,1,0,0,0,0,0,0
84636,Warlock Gateway,,,,0,10,0,0,58405,0,0,0,1,0,0,0,0,0,0
84646,Ilya Plagueheart,,Gateway Guardian,,1,7,0,0,58412,0,0,0,1,0,0,0,30910,48032,0
84651,Decker Watts,,Gateway Guardian,,1,7,0,0,58416,0,0,0,1,1,1,1,45214,49490,0
84658,Cerulean Fog Bunny,,,,0,10,0,0,20570,16946,0,0,0,1,0,0,0,0,0
84663,Fallen Rangari,,,,0,7,0,0,58418,58419,0,0,1,1,1,1,108493,0,108491
84665,Xeranitas,,,,0,7,0,0,58420,0,0,0,1,0,0,0,36705,0,0
84667,Muaha Stonehide,,,,0,7,0,0,58421,0,0,0,1,0,0,0,36705,0,0
84668,Tholo Whitehoof,,,,0,7,0,0,31777,0,0,0,1,0,0,0,34198,0,0
84669,Daven Kessler,,,,0,7,0,0,58423,0,0,0,1,0,0,0,39744,0,0
84671,Kuma Thunderhide,,,,0,7,0,0,58424,0,0,0,1,0,0,0,40233,0,0
84672,Guardian Atohi,,,,0,7,0,0,58425,0,0,0,1,0,0,0,47525,0,0
84673,Kirandros Galeheart,,,,0,7,0,0,58427,0,0,0,1,0,0,0,47525,0,0
84674,Haumeja,,,,0,7,0,0,58428,0,0,0,1,0,0,0,70227,0,0
84676,Ursila Hudsen,,,,0,7,0,0,58430,0,0,0,1,0,0,0,70227,0,0
84678,Iye,,,,0,7,0,0,58432,0,0,0,1,0,0,0,51798,86829,0
84679,Thaal'kos Thundersong,,,,0,7,0,0,58434,0,0,0,1,0,0,0,51798,86829,0
84685,Invasive Thornbloom,,,,0,10,0,0,29998,23767,0,0,0,1,0,0,0,0,0
84699,Ilspeth Hollander,,,,0,7,0,0,58453,0,0,0,1,0,0,0,67098,0,0
84701,Neejala,,,,0,7,0,0,58456,0,0,0,1,0,0,0,67098,0,0
84702,Archmage Khadgar,,Sons of Lothar,,1,7,0,0,56765,0,0,0,1,0,0,0,28067,0,0
84703,Kihra,,,,0,7,0,0,58457,0,0,0,1,0,0,0,45214,47309,0
84704,Kaluaka,,,,0,7,0,0,58458,0,0,0,1,0,0,0,45214,47309,0
84707,Jakama,,,,0,7,0,0,58459,0,0,0,1,0,0,0,24461,0,0
84710,Seline Keihl,,,,0,7,0,0,58461,0,0,0,1,0,0,0,24461,0,0
84711,Sulaka,,,,0,7,0,0,58462,0,0,0,1,0,0,0,31186,0,0
84715,Randee Wallyce,,,,0,7,0,0,58464,0,0,0,1,0,0,0,31186,0,0
84721,Humak the Verdant,,,,0,7,0,0,58466,0,0,0,1,0,0,0,28771,30911,0
84722,Kairoz,,,,1,2,0,0,51342,0,0,0,0,0,0,0,0,0,0
84723,Ramall Trueoak,,,,0,7,0,0,58467,0,0,0,1,0,0,0,28771,30911,0
84729,Durotan,,Warchief of the Frostwolf Clan,,1,7,0,0,51837,0,0,0,1,0,0,0,94647,0,0
84731,Durotan,,Warchief of the Frostwolf Clan,,1,7,0,0,51837,0,0,0,1,0,0,0,94647,0,0
84732,Aggra,,,,1,7,0,0,48082,0,0,0,1,0,0,0,58137,110159,0
84733,Attacking Vine,,,,0,1,0,0,30512,0,0,0,1,0,0,0,0,0,0
84736,Lost Outcast,,,,0,7,0,0,59371,59446,59447,0,1,1,1,0,0,0,0
84747,Torag Stonefury,,,,0,7,0,0,58477,0,0,0,1,0,0,0,0,0,0
84761,Haunted Hound,,,,0,6,0,0,30213,0,0,0,1,1,1,1,0,0,0
84762,Ghastly Guard,,,,0,6,0,0,53835,53840,53909,53910,1,0,0,0,1899,143,0
84763,Ghastly Nightwatch,,,,0,6,0,0,53835,53840,53909,53910,1,0,0,0,1899,143,0
84772,Merhean Sunfall,,,,0,7,0,0,58488,0,0,0,1,0,0,0,41824,28754,0
84786,Ruthia the Unchaste,,,,0,7,0,0,58498,0,0,0,1,0,0,0,70226,0,0
84788,Kinndy Brightsocket,,,,0,7,0,0,58500,0,0,0,1,0,0,0,70226,0,0
84789,Arctic Whitemace,,,,0,7,0,0,58502,0,0,0,1,0,0,0,56424,0,0
84790,Phaedra Heartbinder,,,,0,7,0,0,58503,0,0,0,1,0,0,0,56424,0,0
84844,Burning Flameseer,,Burning Blade Clan,,0,7,0,0,55556,55558,55557,55559,1,1,1,1,111919,0,0
84847,General Kull'krosh,,Commander of Ironfist Harbor,,0,7,0,0,55277,0,0,0,1,1,1,1,30090,0,0
84848,Red Arrow,,,,0,10,0,0,23767,0,0,0,0,0,0,0,0,0,0
84849,Iron Arbalester,,,,0,7,0,0,54670,54672,54649,54669,1,1,1,1,53109,0,76351
84850,Iron Guard,,,,0,7,0,0,54304,54313,54312,54316,1,1,1,1,11042,0,0
84853,Soul of the Forge,,,,0,12,0,0,58534,0,0,0,1,1,1,1,0,0,0
84858,Snow Lurker,,,,0,1,42,0,54371,0,0,0,1,1,1,1,0,0,0
84878,Ashmaul Pyromancer,,,,1,7,0,0,52889,0,0,0,1,0,0,0,102102,0,0
84885,Draenei Micro Defender,,,,0,12,0,0,58547,0,0,0,1,1,1,1,114920,114921,0
84889,Phylarch the Evergreen,,Lord of the Everbloom,,0,7,0,0,58429,0,0,0,1,0,0,0,0,0,0
84906,Ashmaul Magma Caster,,,,1,7,0,0,53234,0,0,0,1,0,0,0,102102,0,0
84915,Molten Corgi,,,,0,12,0,0,58570,0,0,0,1,1,1,1,0,0,0
84928,Thrall,,,,1,7,0,0,61727,0,0,0,1,1,1,1,109674,0,0
84929,Vindicator Maraad,,,,1,7,0,0,58494,0,0,0,1,1,1,1,30802,0,0
84953,Thrall,,,,1,7,0,0,61727,0,0,0,1,1,1,1,109674,0,0
84956,Vindicator Maraad,,,,1,7,0,0,58494,0,0,0,1,1,1,1,30802,0,0
84958,Ogre Grunt,,,,6,7,0,0,58585,0,0,0,1,1,1,1,0,0,0
84963,Deema,,,,0,7,0,0,58594,0,0,0,1,0,0,0,0,0,0
84973,Exarch Akama,,High Vindicator,,0,7,0,0,55504,0,0,0,1,0,0,0,30699,30699,0
84974,Exarch Maladaar,,Speaker for the Dead,,0,7,0,0,52435,0,0,0,1,0,0,0,107249,106108,0
84975,Exarch Naielle,,Rangari Prime,,0,7,0,0,55506,0,0,0,1,0,0,0,109236,0,109236
84976,Vindicator Yrel,,,,0,7,0,0,52921,0,0,0,1,0,0,0,111523,0,0
84978,Bloodmaul Enforcer,,,,1,7,0,0,52888,0,0,0,1,0,0,0,107409,0,0
84991,Pet Training Post,,,,0,1,3,0,28047,0,0,0,1,1,1,1,0,0,0
85003,Icespine Hatchling,,,,0,14,0,0,58610,58611,0,0,9,1,1,1,0,0,0
85004,Frost Ravager Hatchling,,,,0,12,0,0,58611,0,0,0,1,1,1,1,0,0,0
85005,Mossbite Skitterer,,,,0,14,0,0,58612,0,0,0,1,1,1,1,0,0,0
85006,Red Ravager Hatchling,,,,0,12,0,0,58613,0,0,0,1,1,1,1,0,0,0
85007,Thicket Skitterer,,,,0,14,0,0,58614,58615,0,0,9,1,1,1,0,0,0
85008,Gold Ravager Hatchling,,,,0,12,0,0,58615,0,0,0,1,1,1,1,0,0,0
85009,Murkidan,,,,0,12,0,0,64589,0,0,0,1,1,1,1,0,0,0
85014,Bone Wasp,,,,0,12,0,3,58617,0,0,0,1,1,1,1,0,0,0
85053,Bodrick Grey,,SI:7,,0,7,0,0,56418,0,0,0,0,0,0,0,0,0,0
85058,Vindicator Yrel,,,,1,7,0,0,52921,0,0,0,1,0,0,0,111523,0,0
85059,Vindicator Yrel,,,,1,7,0,0,52921,0,0,0,1,0,0,0,111523,0,0
85061,Rangari D'kaan,,,,1,7,0,0,52536,0,0,0,1,0,0,0,108493,0,108491
85063,Rangari D'kaan,,,,1,7,0,0,52536,0,0,0,1,0,0,0,108493,0,108491
85074,Exterminator Lemmy,,,,0,7,0,0,58631,0,0,0,1,1,1,1,0,0,46383
85081,Admiral Taylor,,,,0,7,0,0,60858,0,0,0,1,0,0,0,54825,0,0
85134,Garona Halforcen,,,,1,7,0,0,60059,0,0,0,1,0,0,0,61297,61297,0
85135,Bodrick Grey,,SI:7,,0,7,0,0,56418,0,0,0,0,0,0,0,0,0,0
85142,Karabor Slave,,,,0,7,0,0,58670,58671,58672,58673,1,1,1,1,0,0,0
85145,Liberated Frostwolf Prisoner,,,,0,7,0,0,58666,58667,58668,58669,1,1,1,1,0,0,0
85146,Liberated Karabor Prisoner,,,,0,7,0,0,58670,58671,58672,58673,1,1,1,1,0,0,0
85147,Penny Clobberbottom,,,,1,7,0,0,58501,0,0,0,0,0,0,0,0,0,50150
85151,Zen'Kiki,,,,0,7,0,0,33878,0,0,0,1,0,0,0,43219,0,0
85153,Dekland Strange,,,,0,7,0,0,58676,0,0,0,1,0,0,0,45128,0,0
85154,Ja'kala,,,,0,7,0,0,58677,0,0,0,1,0,0,0,50429,0,0
85159,Permelia,,,,0,7,0,0,59266,0,0,0,1,0,0,0,50429,0,0
85160,Pinkee Rizzo,,,,0,7,0,0,58680,0,0,0,1,0,0,0,42274,42277,0
85161,Zelena Moonbreak,,,,0,7,0,0,58682,0,0,0,1,0,0,0,42274,42277,0
85163,Skalliz Skullslice,,,,0,7,0,0,58683,0,0,0,1,0,0,0,47255,51846,0
85166,Jephet Nighthowler,,,,0,7,0,0,58685,0,0,0,1,0,0,0,47255,51846,0
85167,Arienne Black,,,,0,7,0,0,58687,0,0,0,1,0,0,0,50428,40350,0
85171,Ciarra Neil,,,,0,7,0,0,58690,0,0,0,1,0,0,0,50428,40350,0
85175,Magistrix Soulblaze,,,,0,7,0,0,58692,0,0,0,1,0,0,0,21275,0,0
85178,Mole Machine,,,,0,10,0,0,47399,11686,0,0,0,1,0,0,0,0,0
85179,Amie Chambers,,,,0,7,0,0,58694,0,0,0,1,0,0,0,21275,0,0
85192,Junglebeak,,,,0,14,0,3,58823,0,0,0,1,1,1,1,0,0,0
85217,Lady Jaina Proudmoore,,Leader of the Kirin Tor,,1,7,0,0,51443,0,0,0,1,0,0,0,153575,0,0
85231,Stonegrinder,,,,0,12,0,0,58736,0,0,0,1,1,1,1,0,0,0
85234,Garrison Soldier,,,,0,7,0,0,53840,53909,53835,53910,1,1,1,1,1899,143,0
85236,Garrison Magus,,,,0,7,0,0,56185,56186,0,0,1,1,0,0,0,0,0
85237,Garrison Rifleman,,,,0,7,0,0,53107,53108,55344,55345,1,1,1,1,110314,0,110314
85242,PetTemplate,,,,0,12,0,0,58736,0,0,0,1,1,1,1,0,0,0
85247,Rokhan,,,,1,7,0,0,116250,0,0,0,1,1,1,1,182571,0,0
85251,Thisalee Crow,,Druid of the Talon,,0,7,0,0,58743,0,0,0,1,0,0,0,0,0,0
85252,Thisalee Crow,,Druid of the Talon,,0,7,0,0,58743,0,0,0,0,0,0,0,0,0,0
85253,Twilight Wasp,,,,0,14,0,3,58744,0,0,0,1,1,1,1,0,0,0
85254,Wood Wasp,,,,0,14,0,3,58745,58747,0,0,99,1,1,1,0,0,0
85255,Bloodsting Wasp,,,,0,14,0,3,58746,0,0,0,1,1,1,1,0,0,0
85256,Shadow Ravager Wasp,,,,0,12,0,0,58747,0,0,0,1,1,1,1,0,0,0
85257,Amberbarb Wasp,,,,0,14,0,3,58748,0,0,0,1,1,1,1,0,0,0
85281,Albino River Calf,,,,0,14,0,0,58768,0,0,0,1,1,1,1,0,0,0
85282,Sunback Calf,,,,0,14,0,0,58767,0,0,0,1,1,1,1,0,0,0
85283,Brightpaw,,,,0,12,0,0,64621,0,0,0,1,1,1,1,0,0,0
85284,Sky-Bo,,,,0,12,0,3,58770,0,0,0,1,1,1,1,0,0,0
85292,Murgtar,,,,0,7,0,0,58773,0,0,0,1,0,0,0,0,0,60727
85293,Stigander Ironsnare,,,,0,7,0,0,58774,0,0,0,1,0,0,0,0,0,60727
85295,Mychele Morrowsong,,,,0,7,0,0,58775,0,0,0,1,0,0,0,0,0,35590
85296,Kendall Covington,,,,0,7,0,0,58776,0,0,0,1,0,0,0,0,0,35590
85297,Samantha Thornton,,,,0,7,0,0,58777,0,0,0,1,0,0,0,0,0,93452
85298,Kathrena Winterwisp,,,,0,7,0,0,29172,0,0,0,1,0,0,0,0,0,5262
85300,Rumelda Bloodslur,,,,0,7,0,0,58780,0,0,0,1,0,0,0,0,0,50776
85301,Anaeli,,,,0,7,0,0,58781,0,0,0,1,0,0,0,0,0,50776
85305,Halsteth Ravenwood,,,,0,7,0,0,57434,0,0,0,1,0,0,0,50047,59444,0
85306,Glaiveweaver Xuan,,,,0,7,0,0,58784,0,0,0,1,0,0,0,51516,71408,0
85310,Rakthoth,,Laughing Skull Headtaker,,0,7,0,0,56569,0,0,0,1,0,0,0,60765,0,0
85311,Audra Stoneshield,,,,0,7,0,0,58786,0,0,0,1,0,0,0,51516,71408,0
85336,Choluna,,Druid of the Talon,,0,7,0,0,58796,0,0,0,1,0,0,0,0,0,0
85360,Protector Kaleena,,,,0,7,0,0,57908,0,0,0,1,1,1,1,94665,110157,0
85361,Protector Garuun,,,,0,7,0,0,57683,0,0,0,1,1,1,1,94665,110157,0
85387,Fruit Hunter,,,,0,12,0,3,58825,0,0,0,1,1,1,1,0,0,0
85388,Bloodbeak,,,,0,14,0,3,58826,0,0,0,1,1,1,1,0,0,0
85389,Axebeak Hatchling,,,,0,14,0,3,58824,0,0,0,1,1,1,1,0,0,0
85413,Weldon Barov,,Barov Industries,,0,7,0,0,10457,0,0,0,1,0,0,0,0,0,0
85414,Alexi Barov,,Barov Industries,,0,7,0,0,10456,0,0,0,1,0,0,0,0,0,0
85419,Gnawface,,,,0,14,0,0,16143,0,0,0,1,1,1,1,0,0,0
85420,Carrotus Maximus,,,,0,14,0,0,58843,0,0,0,1,1,1,1,0,0,0
85433,Altauur,,Rangari Assassin,,0,7,0,0,58883,0,0,0,1,0,0,0,30410,107213,0
85438,Arakkoa Outcast,,,,0,7,0,0,60397,0,0,0,1,1,1,1,0,0,0
85442,Penny's Rocket,,,,0,10,0,0,58890,0,0,0,0,0,0,0,0,0,0
85450,Grom'kar Deadeye,,,,0,7,0,0,58851,58850,58849,58848,1,1,1,1,84900,0,84900
85454,Grom'kar Bulwark,,,,0,7,0,0,58867,58866,58865,58864,1,1,1,1,103951,108593,0
85455,Grom'kar Punisher,,,,0,7,0,0,58859,58858,58857,58856,1,1,1,1,106275,106275,0
85456,Grom'kar Blademaster,,,,0,7,0,0,58888,0,0,0,1,1,1,1,112685,0,0
85457,Grom'kar Blademaster,,,,0,7,0,0,58887,0,0,0,1,1,1,1,112685,0,0
85458,Grom'kar Punisher,,,,0,7,0,0,58855,58854,58853,58852,1,1,1,1,106275,106275,0
85459,Grom'kar Bulwark,,,,0,7,0,0,58860,58861,58862,58863,1,1,1,1,103951,108593,0
85460,Grom'kar Deadeye,,,,0,7,0,0,58844,58845,58846,58847,1,1,1,1,84900,0,84900
85463,Gorefu,,,,0,14,0,0,55961,0,0,0,1,1,1,1,0,0,0
85476,Penny Clobberbottom,,,,1,7,0,0,58501,0,0,0,0,0,0,0,0,0,0
85491,Draenei Child,,,,0,7,0,0,19091,0,0,0,1,0,0,0,0,0,0
85492,Draenei Child,,,,0,7,0,0,19091,0,0,0,1,0,0,0,0,0,0
85493,Protector Delaana,,,,0,7,0,0,57908,0,0,0,1,1,1,1,94665,110157,0
85494,Protector Alkaan,,,,0,7,0,0,57683,0,0,0,1,1,1,1,94665,110157,0
85503,Grom'kar Siegebreaker,,,,1,7,0,0,58916,58917,58918,58919,1,1,1,1,108282,108593,0
85511,Grom'kar Sharpshooter,,,,1,7,0,0,58925,58926,58927,58928,1,1,1,1,84900,0,84900
85517,Challenge Post,,Click to start a pet battle.,,0,1,3,0,58930,0,0,0,1,1,1,1,0,0,0
85519,Christoph VonFeasel,,Grand Master Pet Tamer,,0,7,0,0,58931,0,0,0,0,0,0,0,7944,0,0
85521,Protector Garuthan,,,,0,7,0,0,57683,0,0,0,1,1,1,1,94665,110157,0
85522,Otto,,,,0,12,0,0,58933,0,0,0,0,0,0,0,0,0,0
85523,Mr. Pointy,,,,0,12,0,0,48212,0,0,0,0,0,0,0,0,0,0
85525,Syd,,,,0,12,0,3,47931,0,0,0,0,0,0,0,0,0,0
85527,Syd the Squid,,,,0,12,0,3,47931,0,0,0,0,0,0,0,0,0,0
85533,Draenei Child,,,,0,7,0,0,19092,0,0,0,1,0,0,0,0,0,0
85534,Draenei Child,,,,0,7,0,0,19091,0,0,0,1,0,0,0,0,0,0
85555,Nagidna,,,,4,1,68,0,55833,0,0,0,1,0,0,0,0,0,0
85557,Challenge Post,,Click to start a pet battle.,,0,1,3,0,58930,0,0,0,1,1,1,1,0,0,0
85561,Brutus,,,,0,12,5,0,59169,0,0,0,1,0,0,0,0,0,0
85568,Avalanche,,,,2,4,0,0,57985,0,0,0,1,1,1,1,0,0,0
85578,Shieldmaster Daeun,,,,0,7,0,0,58985,0,0,0,1,0,0,0,37065,56314,0
85581,Walsh Atkins,,,,0,7,0,0,58987,0,0,0,1,0,0,0,37065,56314,0
85582,Ailsa Thundersong,,,,0,7,0,0,58988,0,0,0,1,0,0,0,77221,0,0
85583,Unkala Stormgrinder,,,,0,7,0,0,58989,0,0,0,1,0,0,0,77221,0,0
85584,Kiruud the Relentless,,,,0,7,0,0,58990,0,0,0,1,0,0,0,45959,45964,0
85585,Leoneras Sunrage,,,,0,7,0,0,58991,0,0,0,1,0,0,0,45959,45964,0
85591,Archmage Khadgar,,Sons of Lothar,,1,7,0,0,56765,0,0,0,1,0,0,0,28067,0,0
85616,Archmage Khadgar,,Sons of Lothar,,1,7,0,0,56765,0,0,0,1,0,0,0,28067,0,0
85619,Yrel,,,,1,7,0,0,55210,0,0,0,1,0,0,0,118128,111738,0
85620,Rexxar,,,,1,7,0,0,60766,0,0,0,100,1,1,1,10612,10612,0
85621,Rangari D'kaan,,,,0,7,0,0,52536,0,0,0,1,0,0,0,108493,0,108491
85622,Challenge Post,,Click to start a pet battle.,,0,1,3,0,58930,0,0,0,1,1,1,1,0,0,0
85623,Nisha,,Rexxar's Mount,,0,1,0,0,54173,0,0,0,1,0,0,0,0,0,0
85624,Challenge Post,,Click to start a pet battle.,,0,1,3,0,58930,0,0,0,1,1,1,1,0,0,0
85625,Challenge Post,,Click to start a pet battle.,,0,1,3,0,58930,0,0,0,1,1,1,1,0,0,0
85626,Challenge Post,,Click to start a pet battle.,,0,1,3,0,58930,0,0,0,1,1,1,1,0,0,0
85627,Challenge Post,,Click to start a pet battle.,,0,1,3,0,58930,0,0,0,1,1,1,1,0,0,0
85628,Challenge Post,,Click to start a pet battle.,,0,1,3,0,58930,0,0,0,1,1,1,1,0,0,0
85629,Challenge Post,,Click to start a pet battle.,,0,1,3,0,58930,0,0,0,1,1,1,1,0,0,0
85630,Challenge Post,,Click to start a pet battle.,,0,1,3,0,58930,0,0,0,1,1,1,1,0,0,0
85631,Challenge Post,,Click to start a pet battle.,,0,1,3,0,58930,0,0,0,1,1,1,1,0,0,0
85632,Challenge Post,,Click to start a pet battle.,,0,1,3,0,58930,0,0,0,1,1,1,1,0,0,0
85633,Challenge Post,,Click to start a pet battle.,,0,1,3,0,58930,0,0,0,1,1,1,1,0,0,0
85634,Challenge Post,,Click to start a pet battle.,,0,1,3,0,58930,0,0,0,1,1,1,1,0,0,0
85635,Challenge Post,,Click to start a pet battle.,,0,1,3,0,58930,0,0,0,1,1,1,1,0,0,0
85636,Beckoned Earthshaker,,,,1,5,0,0,59596,0,0,0,1,0,0,0,0,0,0
85637,Beckoned Earthtwister,,,,1,5,0,0,59652,0,0,0,1,0,0,0,118057,0,0
85649,Quintessence of Light,,,,0,12,0,3,59016,0,0,0,1,0,0,0,0,0,0
85650,Quintessence of Light,,,,0,8,0,0,23523,0,0,0,1,1,1,1,0,0,0
85652,Quintessence of Light,,,,0,12,0,0,59017,0,0,0,1,1,1,1,0,0,0
85654,Garrison Soldier,,,,0,7,0,0,53840,53909,53835,53910,1,1,1,1,1899,143,0
85655,Rukus,,,,0,12,5,0,59169,0,0,0,1,0,0,0,0,0,0
85656,Mr. Terrible,,,,0,12,0,0,44655,0,0,0,1,1,1,1,0,0,0
85657,Carroteye,,,,0,12,0,0,54848,0,0,0,1,1,1,1,0,0,0
85658,Sloppus,,,,0,12,0,0,54752,0,0,0,1,1,1,1,0,0,0
85659,The Beakinator,,,,0,14,0,0,59022,0,0,0,1,1,1,1,0,0,0
85660,King Floret,,,,0,12,0,0,59023,0,0,0,1,1,1,1,0,0,0
85661,Queen Floret,,,,0,12,0,0,59024,0,0,0,1,1,1,1,0,0,0
85662,Kromli,,,,0,12,0,0,59025,0,0,0,1,1,1,1,0,0,0
85663,Gromli,,,,0,12,0,0,59026,0,0,0,1,1,1,1,0,0,0
85664,Grubbles,,,,0,12,0,0,9905,0,0,0,1,0,0,0,0,0,0
85665,Stings,,,,0,12,0,0,58748,0,0,0,1,1,1,1,0,0,0
85666,Scrags,,,,0,12,0,0,58615,0,0,0,1,1,1,1,0,0,0
85667,Ore Eater,,,,0,12,0,0,60875,0,0,0,1,1,1,1,0,0,0
85674,Jahan,,,,0,12,0,0,53878,0,0,0,1,0,0,0,0,0,0
85675,Samm,,,,0,12,0,3,58825,0,0,0,1,1,1,1,0,0,0
85676,Archimedes,,,,0,12,0,0,59034,0,0,0,0,0,0,0,0,0,0
85677,Fiero,,,,0,12,0,0,59106,0,0,0,1,1,1,1,0,0,0
85678,Tirs,,,,0,12,0,0,59107,0,0,0,1,1,1,1,0,0,0
85679,Acidtooth,,,,0,12,0,0,59039,0,0,0,1,1,1,1,0,0,0
85680,Stonechewer,,,,0,12,0,0,59027,0,0,0,1,1,1,1,0,0,0
85681,Rockbiter,,,,0,12,0,0,59040,0,0,0,1,1,1,1,0,0,0
85682,Blingtron 4999b,,,,0,12,0,0,59042,0,0,0,1,1,1,1,0,0,0
85683,Protectron 022481,,,,0,12,0,0,59108,0,0,0,1,1,1,1,114920,114921,0
85684,Protectron 011803,,,,0,12,0,0,59108,0,0,0,1,1,1,1,114920,114921,0
85685,Stitches Jr.,,,,0,14,0,0,59109,0,0,0,1,1,1,1,0,0,0
85686,Manos,,,,0,12,0,0,59044,0,0,0,1,1,1,1,0,0,0
85687,Hanos,,,,0,12,0,0,59112,0,0,0,1,1,1,1,0,0,0
85688,Fatos,,,,0,12,0,0,59111,0,0,0,1,1,1,1,0,0,0
85692,Elodor Villager,,,,0,7,0,0,56241,56242,0,0,1,1,1,1,0,0,0
85706,Garrison Rifleman,,,,0,7,0,0,53107,53108,55344,55345,1,1,1,1,73460,0,73460
85709,Grom'kar Grunt,,,,0,7,0,0,51767,0,0,0,1,0,0,0,41980,0,0
85710,Lovebird Hatchling,,,,0,12,0,0,28502,0,0,0,1,0,0,0,0,0,0
85719,Garrison Priest,,,,0,7,0,0,56180,56182,0,0,1,1,0,0,0,0,0
85720,Garrison Grunt,,,,0,7,0,0,55307,55308,55309,55310,1,1,1,1,90032,0,0
85721,Garrison Gunslinger,,,,0,7,0,0,59176,59177,59178,59179,1,1,1,1,67463,0,67463
85723,Garrison Priest,,,,0,7,0,0,56185,56186,0,0,1,1,0,0,0,0,0
85754,Emdal,,Fishing Supplies,,0,7,0,0,61229,0,0,0,1,1,1,1,0,0,0
85759,Soulbinder Tuulani,,,,0,7,0,0,54040,0,0,0,1,0,0,0,94665,0,0
85768,Aeda Brightdawn,,,,0,7,0,0,59874,0,0,0,1,0,0,0,29716,0,0
85769,Zato Blindfury,,The Blind Master,,0,7,0,0,59097,0,0,0,1,0,0,0,94318,94318,0
85772,Defender Illona,,,,0,7,0,0,59839,0,0,0,1,0,0,0,29632,109630,0
85773,Mystical Spring Bouquet,,,,0,12,0,3,59099,0,0,0,0,0,0,0,0,0,0
85776,Ahm,,,,0,7,0,0,60860,0,0,0,1,0,0,0,106280,0,0
85778,Garrison Soldier,,,,0,7,0,0,53840,53909,53835,53910,1,1,1,1,1899,143,0
85781,Grom'kar Grunt,,,,0,7,0,0,51767,0,0,0,1,0,0,0,41980,0,0
85792,Garrison Grunt,,,,0,7,0,0,55307,55308,55309,55310,1,1,1,1,90032,0,0
85798,Golden Dawnfeather,,,,0,14,0,0,59131,0,0,0,1,0,0,0,0,0,0
85836,Barbie,,Chef Kristie Cruz's Companion,,0,12,0,0,5556,0,0,0,1,1,1,1,0,0,0
85837,Slivermaw,,,,4,1,0,0,29878,0,0,0,1,0,0,0,0,0,0
85846,Bush Chicken,,,,0,12,0,0,30969,0,0,0,1,0,0,0,0,0,0
85855,Dessicus of the Dead Pools,,,,1,4,0,3,56425,0,0,0,1,0,0,0,0,0,0
85860,Lok'rig Felthrall,,,,0,7,0,0,59183,0,0,0,1,0,0,0,22391,0,0
85861,Cinad Darksummit,,,,0,7,0,0,59184,0,0,0,1,0,0,0,22391,0,0
85862,Nor'gruk Rotskull,,,,0,7,0,0,59185,0,0,0,1,0,0,0,40348,0,0
85863,Enslaved Outcast,,,,0,7,0,0,59371,0,0,0,1,0,0,0,1910,0,0
85865,Caleb Weber,,,,0,7,0,0,59186,0,0,0,1,0,0,0,40348,0,0
85866,Brother Zuo,,,,0,7,0,0,59187,0,0,0,1,0,0,0,34182,0,0
85867,Noxiia Atoh,,,,0,7,0,0,60011,0,0,0,1,0,0,0,34182,0,0
85868,Alasdair Whitepeak,,,,0,7,0,0,59189,0,0,0,1,0,0,0,46025,0,0
85869,Tak'moa,,,,0,7,0,0,59190,0,0,0,1,0,0,0,46025,0,0
85870,Draeken Nightspear,,,,0,7,0,0,59191,0,0,0,1,0,0,0,37617,0,0
85871,Calder Gray,,,,0,7,0,0,30823,0,0,0,1,0,0,0,37617,0,0
85872,Blazing Cindercrawler,,,,0,14,0,0,38473,0,0,0,1,0,0,0,0,0,0
85874,Vindicator Onaala,,,,0,7,0,0,57717,0,0,0,1,0,0,0,106268,111464,0
85878,Daleera Moonfang,,,,0,7,0,0,56438,0,0,0,1,0,0,0,61526,0,0
85879,Fiona,,,,0,7,0,0,34450,0,0,0,0,0,0,0,3184,0,6696
85880,Artificer Romuul,,,,0,7,0,0,52508,0,0,0,0,0,0,0,12776,0,0
85881,Apprentice Artificer Andren,,,,0,7,0,0,56236,0,0,0,0,0,0,0,110046,0,0
85895,Darkun,,,,0,7,0,0,57377,0,0,0,1,0,0,0,111539,111539,0
85899,Ka'la,,,,0,7,0,0,56419,0,0,0,1,0,0,0,0,0,5258
85903,Olin Umberhide,,,,0,7,0,0,55046,0,0,0,1,0,0,0,14084,0,0
85904,Vivianne,,,,0,7,0,0,56610,0,0,0,1,0,0,0,52523,0,0
85928,Knight-Lieutenant Marx,,,,0,7,0,0,53840,0,0,0,1,1,1,1,1899,143,0
85943,Blood Guard Krul,,,,0,7,0,0,55307,0,0,0,1,1,1,1,90032,0,0
85968,Trader Yula,,Innkeeper,,0,7,0,0,59299,0,0,0,1,0,0,0,0,0,0
85984,Nat Pagle,,Master Fisherman,,0,7,0,0,13099,0,0,0,0,0,0,0,1117,0,0
85985,Nat Pagle,,Master Fisherman,,0,7,0,0,13099,0,0,0,0,0,0,0,116826,0,0
85989,Nat Pagle,,Master Fisherman,,0,7,0,0,13099,0,0,0,1,0,0,0,116826,0,52052
85994,Stout Alemental,,,,0,12,0,0,42430,0,0,0,1,1,1,1,0,0,0
86038,Limbflayer,,,,0,12,0,0,52201,0,0,0,1,1,1,1,0,0,0
86043,Rangari Jonaa,,,,0,7,0,0,56168,0,0,0,0,0,0,0,108717,0,109234
86061,Cursed Birman,,,,0,12,0,0,58169,0,0,0,1,0,0,0,0,0,0
86067,Widget the Departed,,,,0,12,0,0,59330,0,0,0,1,0,0,0,0,0,0
86081,"Netherspawn, Spawn of Netherspawn",,,,0,12,0,0,59352,0,0,0,1,1,1,1,0,0,0
86084,Delvar Ironfist,,,,0,7,0,0,59353,0,0,0,1,0,0,0,45528,0,0
86088,Rangari Kolaan,,,,0,7,0,0,56167,0,0,0,0,0,0,0,108717,0,109234
86097,Corporal Thukmar,,,,0,7,0,0,57984,0,0,0,1,0,0,0,0,0,0
86109,Gardul Venomshiv,,,,0,7,0,0,59549,0,0,0,1,1,1,1,104551,0,0
86121,Nascent Brawler,,,,0,7,0,0,58482,58483,0,0,1,1,1,1,0,0,0
86152,Meatball,,,,0,7,0,0,501,0,0,0,1,1,1,1,0,0,0
86158,Goblin Garden Deforester,,,,0,12,0,0,59399,0,0,0,1,1,1,1,0,0,0
86160,Burghy Blackheart,,,,0,7,0,0,36699,0,0,0,1,0,0,0,54825,54825,0
86162,Fargo Flintlocke,,,,0,7,0,0,34116,0,0,0,1,0,0,0,1727,9458,0
86164,"""Doc"" Schweitzer",,,,0,7,0,0,36767,0,0,0,1,0,0,0,32830,0,0
86165,Bloodrose,,,,0,7,0,0,61189,0,0,0,1,0,0,0,0,0,0
86167,Lowping,,,,0,7,0,0,61196,0,0,0,1,0,0,0,18816,13368,0
86169,Cheri,,,,0,7,0,0,61228,0,0,0,1,0,0,0,1928,0,0
86171,Gravy,,,,0,7,0,0,61197,0,0,0,1,0,0,0,12773,49689,0
86172,Maximillian of Northshire,,,,0,7,0,0,30999,0,0,0,1,0,0,0,30832,34675,0
86173,Fo Sho Knucklebump,,,,0,7,0,0,59404,0,0,0,1,0,0,0,80123,0,0
86174,Fo Sho Knucklebump,,,,0,7,0,0,59405,0,0,0,1,0,0,0,80123,0,0
86197,Arcane Anomaly,,,,0,4,0,0,35322,0,0,0,1,1,1,1,0,0,0
86199,Stonegar,,Fury of Earth,,0,5,0,0,57492,0,0,0,1,1,1,1,0,0,0
86200,Enslaved Earth Spirit,,,,0,4,0,0,57494,0,0,0,1,1,1,1,0,0,0
86208,Beatface,,,,1,7,0,0,55054,0,0,0,1,1,1,0,107409,0,0
86209,Prowler Sasha,,,,0,7,0,0,56537,0,0,0,1,0,0,0,0,0,0
86210,Y'kish,,The Deceiver,,1,7,0,0,59476,0,0,0,1,1,1,0,0,0,0
86214,Mystical Experiment,,,,0,12,303,0,59424,6294,19600,43649,1,1,1,1,0,0,0
86217,Vigilant Kaathar,,Protector of Auchindoun,,1,9,0,0,58263,0,0,0,1,1,1,1,114923,114922,0
86218,Soulbinder Nyami,,Shadow Council,,1,7,0,0,53089,0,0,0,1,1,1,1,94665,107813,0
86219,Azzakel,,Vanguard of the Legion,,1,3,0,0,52964,0,0,0,1,1,1,1,110449,0,0
86220,Teron'gor,,Shadow Council,,1,7,0,0,54036,0,0,0,1,1,1,1,0,0,0
86221,Magmolatus,,Son of Slag,,1,4,0,0,52033,0,0,0,1,1,1,1,0,0,0
86222,Slave Watcher Crushto,,Bloodmaul Slave Traders,,1,7,0,0,52893,0,0,0,1,1,1,1,107431,0,0
86223,Roltall,,,,1,4,0,0,52590,0,0,0,1,1,1,1,0,0,0
86224,Gug'rokk,,Bloodmaul Slave Traders,,1,7,0,0,52902,0,0,0,1,1,1,1,107424,0,0
86225,Railmaster Rocketspark,,Blackfuse Company,,1,7,0,0,54096,0,0,0,1,1,1,1,0,0,0
86226,Borka the Brute,,,,1,7,0,0,59069,57898,0,0,1,0,1,1,0,0,0
86227,Nitrogg Thundertower,,Assault Commander,,1,7,0,0,55162,0,0,0,1,1,1,1,85770,110262,0
86228,Skylord Tovra,,,,1,7,0,0,55630,0,0,0,1,1,1,1,113128,0,0
86231,Makogg Emberblade,,,,1,7,0,0,56017,0,0,0,1,1,1,1,73894,0,0
86232,Oshir,,,,1,7,0,0,55352,0,0,0,1,1,1,1,0,0,0
86233,Skulloc,,,,1,5,0,0,57836,0,0,0,1,1,1,1,0,0,0
86234,Sadana Bloodfury,,,,1,7,0,0,54587,0,0,0,1,1,1,1,108652,107709,0
86235,Nhallish,,Feaster of Souls,,1,6,0,0,53032,0,0,0,1,1,1,1,0,0,0
86236,Bonemaw,,,,1,1,0,0,59273,0,0,0,1,1,1,1,0,0,0
86237,Ner'zhul,,,,1,7,0,0,58912,0,0,0,1,1,1,1,110990,0,0
86238,Ranjit,,Master of the Four Winds,,1,7,0,3,56015,0,0,0,1,1,1,1,113116,115347,0
86239,Araknath,,Construct of the Sun,,1,9,0,0,54006,0,0,0,1,1,1,1,0,0,0
86240,Rukhran,,,,1,1,0,3,59008,0,0,0,1,1,1,1,0,0,0
86241,High Sage Viryx,,,,1,7,0,0,56016,0,0,0,1,1,1,1,106250,0,0
86242,Witherbark,,,,1,4,0,0,56613,0,0,0,1,1,1,1,0,0,0
86243,Life Warden Gola,,,,1,7,0,0,57022,0,0,0,1,1,1,1,0,0,0
86244,Earthshaper Telu,,,,1,7,0,0,58016,0,0,0,1,1,1,1,45695,0,0
86245,Dulhu,,,,1,4,0,0,58254,0,0,0,1,1,1,1,0,0,0
86246,Archmage Sol,,,,1,7,0,0,57193,0,0,0,1,1,1,1,105908,0,0
86247,Xeri'tac,,,,1,1,0,0,58398,0,0,0,1,1,1,1,0,0,0
86248,Yalnu,,,,1,5,0,0,57231,0,0,0,1,1,1,1,118057,0,0
86249,Orebender Gor'ashan,,Iron Horde Warcaster,,1,7,0,0,53177,0,0,0,1,1,1,1,108465,0,0
86250,Kyrak,,The Corruptor,,1,2,0,0,53005,0,0,0,1,1,1,1,0,0,0
86251,Commander Tharbek,,Iron Horde,,1,7,0,0,53689,54712,0,0,0,1,1,1,110663,77403,0
86252,Ragewing the Untamed,,,,1,7,0,3,53315,0,0,0,1,1,1,1,0,0,0
86253,Warlord Zaela,,Iron Horde,,1,7,0,0,54683,53713,0,0,1,0,1,1,110590,0,0
86256,Gorian High Sorcerer,,King's Guard,,1,7,0,0,59426,0,0,0,1,0,0,0,111743,0,0
86270,Ken-Ken,,,,0,7,0,0,41719,0,0,0,1,0,0,0,0,0,0
86274,Lin Tenderpaw,,,,0,7,0,0,42475,0,0,0,1,0,0,0,0,0,0
86277,Kang Bramblestaff,,,,0,7,0,0,40028,0,0,0,1,0,0,0,0,0,0
86278,Xiao,,,,0,7,0,0,39715,0,0,0,1,0,0,0,0,0,0
86280,Rok'tar,,,,0,7,0,0,34848,0,0,0,1,0,0,0,0,0,13923
86281,Clever Ashyo,,,,0,7,0,0,41721,0,0,0,1,0,0,0,82383,0,0
86284,Dilben Ironshot,,,,0,7,0,0,59433,0,0,0,1,0,0,0,0,0,5262
86293,Abu'gar,,,,0,7,0,0,57237,0,0,0,1,1,1,1,0,0,0
86302,Kairoz,,,,1,2,0,0,59445,0,0,0,0,0,0,0,0,0,0
86303,Beatface,,,,1,7,0,0,55054,0,0,0,1,1,1,0,107409,0,0
86321,Sunflame Kaliri,,,,0,12,0,0,59485,0,0,0,1,1,1,1,0,0,0
86362,Highmaul Emissary Guard,,,,0,7,0,0,54835,0,0,0,1,1,1,1,109059,0,0
86363,Watchful Eye,,,,1,3,0,3,59415,0,0,0,1,1,1,1,0,0,0
86364,Sargerei Binder,,,,0,7,0,0,56446,56447,59430,59431,1,1,1,1,61403,0,0
86365,Nightshade Wraith,,,,0,3,0,0,59395,0,0,0,1,1,1,1,0,0,0
86377,Karabor Citizen,,,,0,7,0,0,59938,59939,59940,0,1,1,1,0,0,0,0
86380,Archmage Khadgar,,,,1,7,0,0,65834,0,0,0,1,0,0,0,28067,0,0
86401,Draka,,,,1,7,0,0,49286,0,0,0,1,0,0,0,10612,107339,0
86402,Khadgar's Book,,,,0,10,0,0,36531,0,0,0,1,0,0,0,0,0,0
86403,Lumber Shredder,,,,1,7,0,0,59585,0,0,0,1,1,1,0,0,0,0
86404,Lumber Shredder,,,,1,7,0,0,59585,0,0,0,1,1,1,0,0,0,0
86407,Kaz the Shrieker,,,,0,7,0,0,59563,0,0,0,1,0,0,0,110246,0,0
86420,Ancient Nest Guardian,,,,0,12,0,0,59577,0,0,0,1,1,1,1,0,0,0
86422,Frostwolf Ghostpup,,,,0,12,0,0,59578,0,0,0,1,1,1,1,0,0,0
86431,Laughing Skull Berserker,,,,0,7,0,0,52201,0,0,0,1,0,0,0,0,0,0
86439,Earthen Fury,,,,0,4,0,0,57493,0,0,0,1,0,0,0,0,0,0
86442,Sloan McCoy,,SI:7,,0,7,0,0,59601,0,0,0,1,1,1,1,2200,2201,0
86444,Smokemaster Snarl,,,,1,7,0,0,56589,0,0,0,1,1,1,1,42511,21185,0
86445,Land Shark,,,,0,12,0,3,15595,0,0,0,1,0,0,0,0,0,0
86447,Ikky,,,,0,12,0,3,59602,0,0,0,1,1,1,1,0,0,0
86459,Penny Clobberbottom,,,,0,7,0,0,58501,0,0,0,1,0,0,0,109579,0,50150
86466,Larwyn Hexeater,,,,0,7,0,0,59622,0,0,0,1,0,0,0,34987,0,0
86467,Pale Skulker,,,,0,7,0,0,57847,0,0,0,1,0,0,0,0,0,0
86468,Gul'dan,,Lord of the Shadow Council,,1,7,0,0,21588,59808,0,0,0,1,0,0,0,0,0
86469,Immature Hatchling,,,,6,1,0,0,65130,34169,36638,0,1,1,1,0,0,0,0
86484,Glirin,,,,0,7,0,0,58509,0,0,0,1,0,0,0,109579,0,62285
86489,Mor the Dominator,,,,1,5,0,0,55836,0,0,0,1,0,0,0,0,0,0
86491,Rexxar,,,,1,7,0,0,60766,0,0,0,100,0,0,0,10612,10612,0
86503,Yrel,,,,0,7,0,0,55210,0,0,0,1,0,0,0,118128,111738,0
86504,Vindicator Maraad,,,,1,7,0,0,58494,0,0,0,1,0,0,0,30802,0,0
86508,Infected Bruiser,,,,0,7,0,0,56270,56534,58750,58751,1,1,1,1,0,0,0
86509,Infected Bar Patron,,,,0,7,0,0,58789,58790,59066,59067,1,1,1,1,0,0,0
86510,Spirit of Bony Xuk,,,,0,7,0,0,59265,0,0,0,1,0,0,0,1958,1958,0
86514,Rangari Erdanii,,,,0,7,0,0,57151,0,0,0,1,0,0,0,108717,0,109234
86517,Draka,,,,1,7,0,0,49286,0,0,0,1,0,0,0,111299,111299,0
86519,Gar'lua,,The Wolfmother,,4,7,0,0,57251,0,0,0,0,1,1,1,93667,0,0
86532,Lanticore Spawnling,,,,0,12,0,0,59668,0,0,0,1,1,1,1,0,0,0
86564,Apothecary Rhett,,,,0,7,0,0,59692,0,0,0,1,1,1,1,0,0,0
86568,Scribe Zorren,,,,0,7,0,0,59694,0,0,0,1,1,1,1,0,0,0
86572,Alexie,,,,0,7,0,0,59697,0,0,0,1,1,1,1,0,0,0
86588,Benjamin Gibb,,,,0,7,0,0,59710,0,0,0,1,0,0,0,97219,0,0
86593,Frostfire Gronnling,,,,0,5,0,0,57501,0,0,0,2,3,2,0,0,0,0
86594,Dominated Gronnling,,,,0,5,0,0,59713,0,0,0,2,3,2,0,0,0,0
86685,Itara,,Flight Master,,0,7,0,0,59849,0,0,0,1,1,1,1,0,0,0
86699,Fel Imp,,,,0,3,100,0,21048,0,0,0,1,1,1,1,0,0,0
86709,Thisalee Crow,,,,0,7,0,0,32254,0,0,0,1,0,0,0,57020,0,0
86711,Choluna,,,,0,7,0,0,32253,0,0,0,1,0,0,0,0,0,0
86715,Zangar Spore,,,,0,12,0,0,59885,0,0,0,0,0,0,0,0,0,0
86716,Crimson Spore,,,,0,12,0,0,61549,0,0,0,0,0,0,0,0,0,0
86717,Umbrafen Spore,,,,0,12,0,0,61548,0,0,0,0,0,0,0,0,0,0
86718,Seaborne Spore,,,,0,12,0,0,61550,0,0,0,0,0,0,0,0,0,0
86719,Brilliant Spore,,,,0,12,0,0,61547,0,0,0,0,0,0,0,0,0,0
86723,Felhunter,,,,0,3,15,0,10950,0,0,0,1,1,1,1,0,0,0
86731,Ironhide Bull,,,,1,1,43,0,60083,0,0,0,1,0,0,0,0,0,0
86760,Talonpriest Ishaal,,,,0,7,0,0,59461,0,0,0,100,0,0,0,31669,12750,0
86782,Rike Stillbreath,,,,0,7,0,0,59929,0,0,0,1,0,0,0,6975,0,0
86784,Adelaide Kane,,,,0,7,0,0,59930,0,0,0,1,0,0,0,6975,0,0
86786,Heyzzle Veinripp,,,,0,7,0,0,59932,0,0,0,1,0,0,0,24461,0,0
86787,Mina Harken,,,,0,7,0,0,59933,0,0,0,1,0,0,0,24461,0,0
86788,Cyril Fogus,,,,0,7,0,0,59934,0,0,0,1,0,0,0,27769,0,0
86790,Torin Coalheart,,,,0,7,0,0,59935,0,0,0,1,0,0,0,27769,0,0
86793,Karabor Citizen,,,,0,7,0,0,53808,53809,53810,53811,1,1,1,1,0,0,0
86805,Mukkral Blackvein,,,,0,7,0,0,59949,0,0,0,1,0,0,0,63679,0,0
86812,Bodrin Bloodhowl,,,,0,7,0,0,59959,0,0,0,1,0,0,0,63679,0,0
86813,Moth (RedWhite/RedWhite),,,,0,1,0,0,59748,0,0,0,1,0,0,0,0,0,0
86814,Deneezo Hailstrike,,,,0,7,0,0,59961,0,0,0,1,0,0,0,50654,51947,0
86816,Lukain Chillborne,,,,0,7,0,0,59965,0,0,0,1,0,0,0,50654,51947,0
86817,Singe Starkblast,,,,0,7,0,0,59966,0,0,0,1,0,0,0,13161,0,0
86821,Fen Cinderpaw,,,,0,7,0,0,59971,0,0,0,1,0,0,0,13161,0,0
86822,Taela Shatterborne,,,,0,7,0,0,59972,0,0,0,1,0,0,0,22799,0,0
86824,Reina Morningchill,,,,0,7,0,0,59973,0,0,0,1,0,0,0,22799,0,0
86825,Mau'iti,,,,0,7,0,0,59974,0,0,0,1,0,0,0,39256,0,0
86827,Ranni Flagdabble,,,,0,7,0,0,59976,0,0,0,1,0,0,0,39256,0,0
86828,Gerard Loom,,,,0,7,0,0,59977,0,0,0,1,0,0,0,1287,4984,0
86830,Garvan Bitterstone,,,,0,7,0,0,59980,0,0,0,1,0,0,0,1287,4984,0
86831,Simone Baloy,,,,0,7,0,0,59981,0,0,0,1,0,0,0,886,3424,0
86832,Vol'jin,,Warchief,,1,7,0,0,31232,0,0,0,100,0,0,0,14085,0,14118
86836,Kayt Miccoats,,,,0,7,0,0,59986,0,0,0,1,0,0,0,886,3424,0
86837,Allison Calla,,,,0,7,0,0,59987,0,0,0,1,0,0,0,42286,42290,0
86840,Innes Shieldshatter,,,,0,7,0,0,59989,0,0,0,1,0,0,0,42286,42290,0
86841,Kanuama,,,,0,7,0,0,59991,0,0,0,1,0,0,0,14576,13630,0
86854,Ro-Z,,,,0,9,0,0,46947,0,0,0,1,1,1,1,0,0,0
86856,Dessee Crashcrank,,,,0,7,0,0,59995,0,0,0,1,0,0,0,14576,13630,0
86857,Vol'motu,,,,0,7,0,0,59998,0,0,0,1,0,0,0,868,7297,0
86858,Brother Boshi,,,,0,7,0,0,60005,0,0,0,1,0,0,0,868,7297,0
86865,Sister Xue,,,,0,7,0,0,60006,0,0,0,1,0,0,0,32729,0,0
86866,Gwynlan Rainglow,,,,0,7,0,0,60008,0,0,0,1,0,0,0,32729,0,0
86867,Auriel Brightsong,,,,0,7,0,0,60009,0,0,0,1,0,0,0,63680,65052,0
86870,Haagios,,,,0,7,0,0,59188,0,0,0,1,0,0,0,63680,65052,0
86871,Layla,,,,0,7,0,0,145197,0,0,0,1,1,1,1,107264,217807,0
86873,Invisible Stone Pillar,,,,0,10,0,0,23767,0,0,0,0,0,0,0,0,0,0
86876,Elva Stonechapel,,,,0,7,0,0,60014,0,0,0,1,0,0,0,24384,27910,0
86877,Kenzi Solo,,,,0,7,0,0,60015,0,0,0,1,0,0,0,49992,0,0
86878,Fasani,,,,0,7,0,0,60017,0,0,0,1,0,0,0,49992,0,0
86879,Hydraling,,,,0,12,0,0,60016,0,0,0,1,0,0,0,0,0,0
86880,Archibald Arlison,,,,0,7,0,0,60018,0,0,0,1,0,0,0,17105,6341,0
86881,"""Doc"" Schweitzer",,,,0,7,0,0,61057,0,0,0,1,0,0,0,32830,0,0
86887,Leorajh,,,,0,7,0,0,61487,0,0,0,1,0,0,0,0,0,0
86892,Kral'girz,,,,0,7,0,0,60031,0,0,0,1,0,0,0,34604,40192,0
86893,Mysandra Swiftarc,,,,0,7,0,0,60032,0,0,0,1,0,0,0,34604,40192,0
86895,Robin Fredericksen,,,,0,7,0,0,60033,0,0,0,1,0,0,0,25917,0,0
86896,Henry Wall,,,,0,7,0,0,60034,0,0,0,1,0,0,0,15443,25495,0
86897,Kristian Nairn,,,,0,7,0,0,60035,0,0,0,1,0,0,0,15443,25495,0
86898,Aila Dourblade,,,,0,7,0,0,60036,0,0,0,1,0,0,0,42277,19335,0
86901,Kymba Quickwidget,,,,0,7,0,0,60041,0,0,0,1,0,0,0,42277,19335,0
86903,Soozee,,,,0,7,0,0,60042,0,0,0,1,0,0,0,67471,48511,0
86905,Ebba Stormfist,,,,0,7,0,0,60043,0,0,0,1,0,0,0,67471,48511,0
86907,Raitea,,,,0,7,0,0,60044,0,0,0,1,0,0,0,22713,19348,0
86909,Roshene Stonewhisper,,,,0,7,0,0,60045,0,0,0,1,0,0,0,22713,19348,0
86917,Rangari Elite,,,,0,7,0,0,52427,52426,0,0,0,1,0,0,0,0,0
86926,Garona Halforcen,,,,1,7,0,0,60059,0,0,0,1,0,0,0,0,0,0
86929,Infernal,,,,0,3,108,0,7029,0,0,0,1,1,1,1,0,0,0
86942,Naana,,,,0,7,0,0,60069,0,0,0,1,0,0,0,55362,9661,0
86943,Lightshielder Baetrix,,,,0,7,0,0,60070,0,0,0,1,0,0,0,55362,9661,0
86944,Shappa,,,,0,7,0,0,60073,0,0,0,1,0,0,0,62475,67124,0
86948,Stormsinger Taalos,,,,0,7,0,0,60075,0,0,0,1,0,0,0,62475,67124,0
86949,Zooti Fizzlefury,,Arcane Investigations,,0,7,0,0,60074,0,0,0,1,0,0,0,0,0,0
86950,Nance Doubleblade,,,,0,7,0,0,60077,0,0,0,1,0,0,0,8199,0,0
86952,Olivia Logan,,,,0,7,0,0,60078,0,0,0,1,0,0,0,8199,0,0
86980,Voidpriest Sekkta,,,,0,7,0,0,59452,0,0,0,1,1,1,1,0,0,0
87059,Amorphic Cognitor,,,,1,15,0,2,38377,0,0,0,1,0,0,0,0,0,0
87069,Soulbinder Tuulani,,,,1,7,0,0,60168,0,0,0,1,0,0,0,94665,0,0
87110,Tarr the Terrible,,Grand Master Pet Tamer,,0,7,0,0,58481,0,0,0,1,0,0,0,0,0,0
87111,Frostwolf Pup,,,,0,12,0,0,54855,0,0,0,1,1,1,1,0,0,0
87122,Gargra,,Grand Master Pet Tamer,,0,7,0,0,52211,0,0,0,1,0,0,0,0,0,0
87123,Vesharr,,Grand Master Pet Tamer,,0,7,0,0,59550,0,0,0,1,0,0,0,0,0,0
87124,Ashlei,,Grand Master Pet Tamer,,0,7,0,0,57849,0,0,0,1,0,0,0,0,0,0
87125,Taralune,,Grand Master Pet Tamer,,0,7,0,0,52551,0,0,0,1,0,0,0,0,0,0
87142,Trash Controller,,,,0,10,0,0,23767,0,0,0,0,0,0,0,0,0,0
87233,Harley Soubrette,,,,0,7,0,0,60206,0,0,0,1,0,0,0,51456,0,0
87257,Pygmy Cow,,,,0,14,0,0,58932,0,0,0,1,1,1,1,0,0,0
87331,Fungus,,,,1,9,0,0,169,38795,0,0,0,1,0,0,0,0,0
87336,"Gyrexle, the Eternal Mechanic",,,,0,12,0,0,36211,0,0,0,1,0,0,0,1911,0,0
87363,Throm'var Hunter,,,,1,7,0,0,54120,0,0,0,1,1,1,1,107112,107112,108478
87366,Blast Furnace Exhaust,,,,1,9,0,3,169,38795,0,0,0,1,0,0,0,0,0
87400,Johnny Castle,,,,0,7,0,0,19149,0,0,0,1,1,1,1,0,0,0
87401,Alarm-o-Bot,,,,0,9,0,0,14473,0,0,0,0,1,1,1,0,0,0
87402,Grol'kar,,Warlock Trainer,,0,7,0,0,1324,0,0,0,100,1,1,1,5277,0,0
87403,Crowd Pummeler 9-60,,,,1,9,0,0,36560,0,0,0,0,1,1,1,0,0,0
87404,Valeera Sanguinar,,,,1,7,0,0,26365,0,0,0,0,1,1,1,171193,171193,0
87405,Garrosh Hellscream,,Warchief,,1,7,0,0,32904,0,0,0,1,1,1,1,30414,0,0
87406,Lore Keeper of Norgannon,,,,0,5,0,0,6589,0,0,0,0,1,1,1,0,0,0
87407,Cookie,,The Ship's Cook,,1,7,0,0,1305,0,0,0,1,1,1,1,2200,0,0
87408,Griftah,,Amazing Amulets,,0,7,0,0,18664,0,0,0,1,1,1,1,0,0,0
87409,Scythetooth Raptor,,,,0,1,11,0,59537,0,0,0,1,1,1,1,0,0,0
87420,Blackhand,,Warlord of the Blackrock,,1,7,0,0,53791,0,0,0,1,0,0,0,113126,0,109185
87430,Thunderlord Scout,,,,0,7,0,0,54260,54422,0,0,1,1,1,1,11864,0,2550
87432,Ug'lok the Frozen,,,,4,7,0,0,57149,0,0,0,1,1,1,1,107290,0,0
87434,Blademaster Ro'gor,,,,0,7,0,0,59703,0,0,0,1,1,1,1,106207,0,0
87437,Drov the Ruiner,,,,1,5,0,0,58260,0,0,0,1,1,1,1,0,0,0
87438,Iron Reinforcement,,,,1,7,0,0,58761,58764,59650,59439,1,1,1,1,0,0,0
87439,Irontusk Trampler,,,,1,1,300,0,58057,0,0,0,1,1,1,1,0,0,0
87440,Iron Warden,,,,1,7,0,0,54327,60190,60191,58491,1,0,0,1,24044,0,0
87441,Brackenspore,,Walker of the Deep,,1,4,0,0,58539,0,0,0,1,1,1,1,0,0,0
87443,Imperator Mar'gok,,Sorcerer King,,1,7,0,0,54329,0,0,0,1,1,1,1,0,0,0
87444,Kargath Bladefist,,Warlord of the Shattered Hand,,1,7,0,0,61671,0,0,0,1,1,1,1,0,0,0
87445,Ko'ragh,,Breaker of Magic,,1,7,0,0,54825,0,0,0,1,1,1,1,116377,0,0
87446,Tectus,,The Living Mountain,,1,4,0,0,54793,0,0,0,1,1,1,1,0,0,0
87447,The Butcher,,,,1,7,0,0,53855,0,0,0,1,1,1,1,109166,109165,0
87449,Pol,,,,1,5,0,0,54385,0,0,0,1,1,1,1,113544,108626,0
87450,Ahri'ok Dugru,,,,1,7,0,0,56033,0,0,0,1,1,1,1,105690,0,0
87451,Fleshrender Nok'gar,,,,1,7,0,0,56351,0,0,0,1,1,1,1,110177,0,0
87452,Ahri'ok Dugru,,,,1,7,0,0,56033,0,0,0,1,1,1,1,105690,0,0
87453,Highmaul Arcanist,,,,1,7,0,0,58031,58032,58033,0,1,1,1,1,111743,0,0
87454,Lug'dol,,,,0,7,0,0,58433,0,0,0,1,1,1,1,107411,0,0
87456,Rampant Gladiator,,,,0,7,0,0,58484,58485,0,0,1,1,1,1,0,0,0
87457,Blood Elf Mage,,Mage Trainer,,0,7,0,0,15522,0,0,0,1,1,1,1,11343,0,0
87458,Champion Bachi,,Paladin Trainer,,0,7,0,0,16829,0,0,0,1,1,1,1,0,0,0
87459,Kavaan,,Paladin Trainer,,0,7,0,0,17227,0,0,0,1,1,1,1,0,0,0
87460,Farseer Javad,,Shaman Trainer,,0,7,0,0,21265,0,0,0,1,1,1,1,1908,0,0
87461,Daera Brightspear,,Hunter Trainer,,0,7,0,0,3056,0,0,0,100,1,1,1,3433,0,0
87462,Bink,,Mage Trainer,,0,7,0,0,3108,0,0,0,0,1,1,1,1907,0,0
87463,Gimrizz Shadowcog,,Warlock Trainer,,0,7,0,0,3607,0,0,0,1,1,1,1,12991,0,0
87464,Wrenix the Wretched,,,,0,7,0,0,7154,0,0,0,100,1,1,1,2716,0,0
87465,Orbaz Bloodbane,,The Hand of Suffering,,1,6,0,0,27562,0,0,0,0,1,1,1,43110,0,0
87466,Brother Benjamin,,Priest Trainer,,0,7,0,0,3282,0,0,0,0,1,1,1,1907,0,0
87467,Lyria Du Lac,,Warrior Trainer,,0,7,0,0,1300,0,0,0,1,1,1,1,1899,1985,0
87468,Vassandra Stormclaw,,Druid Trainer,,1,7,0,0,30813,0,0,0,1,1,1,1,0,0,0
87469,Ebon Blade Knight,,,,0,7,0,0,26836,0,0,0,1,1,1,1,41259,0,0
87470,Kardris Dreamseeker,,Shaman Trainer,,0,7,0,0,1360,0,0,0,100,1,1,1,3361,0,0
87471,Sho the Wise,,Monk Trainer,,0,7,0,0,42481,0,0,0,1,1,1,1,0,0,0
87472,Sheal Runetotem,,Druid Trainer,,0,7,0,0,2121,0,0,0,1,1,1,1,13337,0,0
87473,Sark Ragetotem,,Warrior Trainer,,0,7,0,0,2096,0,0,0,1,1,1,1,5289,0,0
87474,Sian'dur,,Hunter Trainer,,0,7,0,0,4241,0,0,0,100,1,1,1,3433,0,0
87475,Undead Priest,,,,0,7,0,0,31253,31254,0,0,1,1,1,1,35,0,0
87476,Undead Warlock,,,,0,7,0,0,31258,31257,0,0,1,1,1,1,35,0,0
87477,Loren the Fence,,Rogue Trainer,,0,7,0,0,29957,0,0,0,1,1,1,1,2184,0,0
87478,Crushmaul,,,,0,7,0,0,55130,0,0,0,1,1,1,1,107415,0,0
87479,Hol'yelaa,,,,0,5,0,0,58267,0,0,0,1,1,1,1,0,0,107287
87480,Raketalon,,,,0,1,38,3,55270,0,0,0,0,1,1,1,0,0,0
87481,Roakk the Zealot,,,,0,1,0,0,57030,0,0,0,0,1,1,1,113110,113117,0
87482,The Burninator,,,,0,1,0,0,55272,0,0,0,1,1,1,1,0,0,0
87484,Brambleking Fili,,,,4,4,0,0,56713,0,0,0,1,1,1,1,114993,0,0
87486,Darktide Engineer,,Blackfuse Company,,0,7,0,0,48548,48549,48550,48551,1,1,1,1,31824,0,93371
87487,Darktide Pilferer,,Blackfuse Company,,0,7,0,0,54750,53965,53969,54751,1,1,1,1,95417,95417,0
87489,Darktide Rylakinator-3000,,Blackfuse Company,,0,9,0,0,52915,0,0,0,1,1,1,1,0,0,0
87490,Brokenfang,,,,1,7,0,0,59351,0,0,0,1,1,1,1,116816,116816,0
87491,Bloodmane Shortfang,,,,0,7,0,0,57403,0,0,0,1,1,1,1,0,0,0
87493,Rukhmar,,,,1,1,0,3,59089,0,0,0,1,1,1,1,0,0,0
87494,Initiate of the Dawn,,,,1,7,0,0,55994,0,0,0,1,1,1,1,106227,0,0
87495,Soaring Blade,,,,1,7,0,0,55993,0,0,0,1,1,1,1,113114,0,0
87497,Nefarious Madame,,,,1,3,0,0,57446,0,0,0,1,1,1,1,111582,111582,0
87498,Damsel of Lust,,,,1,3,0,0,57400,0,0,0,1,1,1,1,0,0,0
87504,Gul'dan,,Lord of the Shadow Council,,1,7,0,0,59808,0,0,0,1,1,1,1,0,0,0
87516,Artifact,,,,1,9,0,3,169,38795,0,0,0,1,0,0,0,0,0
87518,Archer,,,,0,7,0,0,61050,0,0,0,1,0,0,0,1899,0,111783
87531,Talon Guard Kurekk,,,,0,7,0,0,59484,0,0,0,1,0,0,0,106248,0,0
87561,Leorajh,,,,0,7,0,0,58523,0,0,0,1,0,0,0,0,0,0
87573,Worgen Rogue,,,,0,7,0,0,39258,0,0,0,0,1,1,1,0,0,0
87577,Coldtusk,,,,4,1,5,0,52652,0,0,0,1,1,1,1,0,0,0
87578,Cyclonic Fury,,,,0,4,0,0,47661,0,0,0,1,1,1,1,0,0,0
87579,Ba'ruun,,,,0,4,0,0,17228,0,0,0,1,1,1,1,0,0,0
87582,Shinri,,,,4,10,0,0,53113,0,0,0,1,1,1,1,0,0,0
87589,Ogron Warbringer,,,,1,7,0,0,57148,0,0,0,1,0,0,0,0,0,0
87590,Battered Frostwolf Prisoner,,,,0,7,0,0,54575,54576,58666,58667,1,1,1,1,0,0,0
87591,Battered Frostwolf Prisoner,,,,0,7,0,0,54577,54578,58668,58669,1,1,1,1,0,0,0
87592,Battered Karabor Prisoner,,,,0,7,0,0,54758,54759,58670,58671,1,1,1,1,0,0,0
87593,Battered Karabor Prisoner,,,,0,7,0,0,54760,54761,58672,58673,1,1,1,1,0,0,0
87595,Animate Slag,,,,1,9,0,3,169,38795,0,0,0,1,0,0,0,0,0
87596,Orin Grimblade,,,,0,7,0,0,27417,0,0,0,1,0,0,0,0,0,0
87598,Filmore Patricks,,,,0,7,0,0,27530,0,0,0,1,0,0,0,0,0,0
87603,Tigar Frosthoof,,,,0,7,0,0,25910,0,0,0,1,0,0,0,0,0,0
87605,Maul Dethwidget,,,,0,7,0,0,60237,0,0,0,1,0,0,0,0,0,0
87606,Ton'raro,,,,0,7,0,0,61312,0,0,0,1,0,0,0,0,0,0
87607,Sever Frostsprocket,,,,0,7,0,0,61313,0,0,0,1,0,0,0,0,0,0
87608,Sylvie Fallensong,,,,0,7,0,0,61495,0,0,0,1,0,0,0,0,0,0
87609,Bitterwalker Pikrea,,,,0,7,0,0,61496,0,0,0,1,0,0,0,0,0,0
87611,Tipa Rimehorn,,,,0,7,0,0,60392,0,0,0,1,0,0,0,0,0,0
87612,Hildr Helhammer,,,,0,7,0,0,61311,0,0,0,1,0,0,0,0,0,0
87613,Torwa Rimeheart,,,,0,7,0,0,61309,0,0,0,1,0,0,0,0,0,0
87614,Arebia Wintercall,,,,0,7,0,0,61310,0,0,0,1,0,0,0,0,0,0
87616,Gravewalker Gie,,,,0,7,0,0,61317,0,0,0,1,0,0,0,0,0,0
87623,Orog,,,,0,7,0,0,60400,0,0,0,1,0,0,0,25169,0,0
87625,Daniel Montoy,,,,0,7,0,0,60402,0,0,0,1,0,0,0,25169,0,0
87627,Orrelleon Searingstrike,,,,0,7,0,0,60403,0,0,0,1,0,0,0,39117,0,0
87628,Karyn Whitmoor,,,,0,7,0,0,60405,0,0,0,1,0,0,0,39117,0,0
87629,Annix Strifesprocket,,,,0,7,0,0,60406,0,0,0,1,0,0,0,24352,0,0
87631,Kalandra Starhelm,,,,0,7,0,0,60407,0,0,0,1,0,0,0,24352,0,0
87632,Motina,,,,0,7,0,0,60408,0,0,0,1,0,0,0,40644,0,0
87633,Bridgette Hicks,,,,0,7,0,0,60409,0,0,0,1,0,0,0,40644,0,0
87634,Lurst Ragebreak,,,,0,7,0,0,60410,0,0,0,1,0,0,0,35101,34609,0
87635,Tell'machrim Stormvigil,,,,0,7,0,0,60411,0,0,0,1,0,0,0,35101,34609,0
87636,Neth'raza Doomrend,,,,0,7,0,0,60412,0,0,0,1,0,0,0,11411,10770,0
87643,Iven Page,,,,0,7,0,0,60414,0,0,0,1,0,0,0,11411,10770,0
87662,Hen-Mother Hami,,,,4,1,26,0,58713,0,0,0,1,1,1,1,0,0,0
87665,Steeltusk,,,,4,1,300,0,59683,0,0,0,1,1,1,1,0,0,0
87669,Hatespark the Tiny,,,,0,12,0,0,60441,0,0,0,1,1,1,1,0,0,0
87673,Opheron,,,,0,7,0,0,60438,0,0,0,1,0,0,0,38618,0,0
87674,Makaaria the Cursed,,,,0,7,0,0,61490,0,0,0,1,0,0,0,0,0,0
87675,Nerwalla Malword,,,,0,7,0,0,61314,0,0,0,1,0,0,0,0,0,0
87676,Yvette Blackheart,,,,0,7,0,0,61315,0,0,0,1,0,0,0,0,0,0
87677,Enoch Fuller,,,,0,7,0,0,61329,0,0,0,1,0,0,0,0,0,0
87678,Tavid Blightsteel,,,,0,7,0,0,61330,0,0,0,1,0,0,0,0,0,0
87679,Lono'tai,,,,0,7,0,0,61533,0,0,0,1,0,0,0,0,0,0
87680,Ultan Blackgorge,,,,0,7,0,0,60443,0,0,0,1,0,0,0,0,0,0
87681,Kaasa Blighthoof,,,,0,7,0,0,61318,0,0,0,1,0,0,0,0,0,0
87682,Lleanya Mourningsong,,,,0,7,0,0,61320,0,0,0,1,0,0,0,0,0,0
87686,Handel Shadereaver,,,,0,7,0,0,60449,0,0,0,1,0,0,0,45256,0,0
87693,Festerbloom,,,,4,1,0,0,58554,0,0,0,0,1,1,1,0,0,0
87694,Warmaster Blugthol,,Gorian Head Centurion,,4,7,0,0,54837,0,0,0,1,1,1,1,83126,0,0
87696,Soulfang,,,,4,7,0,0,55683,0,0,0,1,1,1,1,93667,0,0
87704,Firewing,,,,0,12,0,3,59017,0,0,0,1,1,1,1,0,0,0
87705,Stormwing,,,,0,12,0,3,60458,0,0,0,1,1,1,1,0,0,0
87708,Enola,,,,0,7,0,0,60461,0,0,0,1,0,0,0,1480,4837,0
87709,Honora Keystone,,,,0,7,0,0,60462,0,0,0,1,0,0,0,1480,4837,0
87710,Pikake,,,,0,7,0,0,60463,0,0,0,1,0,0,0,9514,0,0
87711,Songla,,,,0,7,0,0,60464,0,0,0,1,0,0,0,9514,0,0
87712,Yaalo,,,,0,7,0,0,60465,0,0,0,1,0,0,0,11932,0,0
87713,Doc Lightspanner,,,,0,7,0,0,60466,0,0,0,1,0,0,0,11932,0,0
87714,Ahote,,,,0,7,0,0,60467,0,0,0,1,0,0,0,20536,0,0
87715,Truman Weaver,,,,0,7,0,0,60468,0,0,0,1,0,0,0,20536,0,0
87716,Marara,,,,0,7,0,0,60469,0,0,0,1,0,0,0,21128,0,0
87717,Ingrid Darkplait,,,,0,7,0,0,60470,0,0,0,1,0,0,0,21128,0,0
87718,Grelwaz Redknife,,,,0,7,0,0,60471,0,0,0,1,0,0,0,4947,11922,0
87720,Justine DeGroot,,,,0,7,0,0,60472,0,0,0,1,0,0,0,4947,11922,0
87721,Ariiya Sunblood,,,,0,7,0,0,60473,0,0,0,1,0,0,0,12783,12783,0
87722,"Claire ""the Fox""",,,,0,7,0,0,60474,0,0,0,1,0,0,0,12783,12783,0
87723,Vaal'kelthos Dawngrief,,,,0,7,0,0,60475,0,0,0,1,0,0,0,13218,13218,0
87724,Kilandric Hawkstrike,,,,0,7,0,0,60476,0,0,0,1,0,0,0,13218,13218,0
87726,Lawrence Sharp,,,,0,7,0,0,60478,0,0,0,1,0,0,0,31142,44505,0
87727,Kromog's Wrath,,,,1,10,0,3,169,38795,0,0,0,1,0,0,0,0,0
87728,Vaz'rek,,,,0,7,0,0,60479,0,0,0,1,0,0,0,59204,25152,0
87730,Peng Stealthpaw,,,,0,7,0,0,60480,0,0,0,1,0,0,0,59204,25152,0
87731,Lai,,,,0,7,0,0,60481,0,0,0,1,0,0,0,56696,25142,0
87733,Syndee Sparkblade,,,,0,7,0,0,60483,0,0,0,1,0,0,0,56696,25142,0
87734,Vivalia Sundagger,,,,0,7,0,0,60484,0,0,0,1,0,0,0,27741,27741,0
87735,Corene Caldwell,,,,0,7,0,0,60485,0,0,0,1,0,0,0,27741,27741,0
87736,Omril Keenedge,,,,0,7,0,0,60486,0,0,0,1,0,0,0,40281,49437,0
87737,Antone Sula,,,,0,7,0,0,60487,0,0,0,1,0,0,0,40281,49437,0
87738,Qwilla Bloodedge,,,,0,7,0,0,60488,0,0,0,1,0,0,0,39271,39271,0
87739,Caelvana Duskwalker,,,,0,7,0,0,60489,0,0,0,1,0,0,0,39271,39271,0
87740,Rendrol Goreslash,,,,0,7,0,0,60490,0,0,0,1,0,0,0,54825,54825,0
87741,Ella Driver,,,,0,7,0,0,60491,0,0,0,1,0,0,0,3184,23504,0
87743,Brula Brandykeg,,,,0,7,0,0,60492,0,0,0,1,0,0,0,3184,23504,0
87744,Vera Haelyn,,,,0,7,0,0,60493,0,0,0,1,0,0,0,15245,25301,0
87745,Margo Steelfinger,,,,0,7,0,0,60494,0,0,0,1,0,0,0,15245,25301,0
87746,Zelaztro,,,,0,7,0,0,60495,0,0,0,1,0,0,0,25543,52644,0
87748,Jen'thael Darkcloak,,,,0,7,0,0,60496,0,0,0,1,0,0,0,25543,52644,0
87749,Temanu,,,,0,7,0,0,60497,0,0,0,1,0,0,0,33754,33756,0
87752,Lorcan Flintedge,,,,0,7,0,0,60498,0,0,0,1,0,0,0,33754,33756,0
87753,Mograg,,,,0,7,0,0,60499,0,0,0,1,0,0,0,55365,35857,0
87754,Dag Stonecircle,,,,0,7,0,0,60500,0,0,0,1,0,0,0,55365,35857,0
87755,Tadi,,,,0,7,0,0,60501,0,0,0,1,0,0,0,4820,2243,0
87756,Orvar,,,,0,7,0,0,60502,0,0,0,1,0,0,0,4820,2243,0
87757,Kieu,,,,0,7,0,0,60503,0,0,0,1,0,0,0,57585,9914,0
87758,Dordra Talusfall,,,,0,7,0,0,60504,0,0,0,1,0,0,0,57585,9914,0
87759,Colm Breakstorm,,,,0,7,0,0,60505,0,0,0,1,0,0,0,12773,49689,0
87767,Kel'rikor,,,,0,7,0,0,60516,0,0,0,1,0,0,0,5255,15237,0
87769,Kai Earthwhisper,,,,0,7,0,0,60517,0,0,0,1,0,0,0,5255,15237,0
87770,Lonan,,,,0,7,0,0,60518,0,0,0,1,0,0,0,34996,34988,0
87772,Fingall Flamehammer,,,,0,7,0,0,60519,0,0,0,1,0,0,0,34996,34988,0
87773,Kerraelon Sunhunger,,,,0,7,0,0,60520,0,0,0,1,0,0,0,2559,0,0
87776,Eli Cannon,,,,0,7,0,0,60522,0,0,0,1,0,0,0,2559,0,0
87777,Arga Demonbreak,,,,0,7,0,0,60523,0,0,0,1,0,0,0,99971,32452,0
87778,Mia Linn,,,,0,7,0,0,60524,0,0,0,1,0,0,0,99936,32452,0
87779,Humbolt Briarblack,,,,0,7,0,0,60525,0,0,0,1,0,0,0,936,1992,0
87781,Hester Blackember,,,,0,7,0,0,60526,0,0,0,1,0,0,0,22335,0,0
87782,Veka'kai,,,,0,7,0,0,60527,0,0,0,1,0,0,0,65485,0,0
87783,Rykki Lyndgarf,,,,0,7,0,0,60528,0,0,0,1,0,0,0,65485,0,0
87784,Orgriz Crookmaw,,,,0,7,0,0,61333,0,0,0,1,0,0,0,0,0,0
87785,Kris Rey,,,,0,7,0,0,33754,0,0,0,1,0,0,0,0,0,0
87786,Nathaniel Beastbreaker,,,,0,7,0,0,60541,0,0,0,1,0,0,0,0,0,42495
87787,Gabriel Bybee,,,,0,7,0,0,60530,0,0,0,1,0,0,0,0,0,42495
87789,Deena Feltalker,,,,0,7,0,0,60529,0,0,0,1,0,0,0,112932,0,0
87790,Mizzy Bobble,,,,0,7,0,0,60531,0,0,0,1,0,0,0,112932,0,0
87791,Killix Zombroski,,,,0,7,0,0,60532,0,0,0,1,0,0,0,73455,103373,0
87792,Abigail Wilson,,,,0,7,0,0,36301,0,0,0,1,0,0,0,0,0,0
87793,Catherine Magruder,,,,0,7,0,0,36629,0,0,0,1,0,0,0,0,0,0
87794,Aerik Matthews,,,,0,7,0,0,60533,0,0,0,1,0,0,0,73455,103373,0
87795,Natalie Sparks,,,,0,7,0,0,60534,0,0,0,1,0,0,0,25175,0,0
87797,Caeris Felwalker,,,,0,7,0,0,60537,0,0,0,1,0,0,0,25175,0,0
87798,Vol'zaku,,,,0,7,0,0,60538,0,0,0,1,0,0,0,812,0,0
87799,Kew Wyldheart,,,,0,7,0,0,60536,0,0,0,1,0,0,0,0,0,99987
87800,Lylnleath Featherfoot,,,,0,7,0,0,60539,0,0,0,1,0,0,0,0,0,99805
87801,Nevil Darkstride,,,,0,7,0,0,60540,0,0,0,1,0,0,0,812,0,0
87802,John Greer,,,,0,7,0,0,60542,0,0,0,1,0,0,0,25146,2944,0
87803,Edmund Duskrend,,,,0,7,0,0,60544,0,0,0,1,0,0,0,25146,2944,0
87804,Rorin Rivershade,,,,0,7,0,0,60543,0,0,0,1,0,0,0,45256,0,0
87805,Nadia Darksun,,,,0,7,0,0,60545,0,0,0,1,0,0,0,21273,0,0
87806,Leena Guant,,,,0,7,0,0,60546,0,0,0,1,0,0,0,51456,0,0
87807,Isabella Jean,,,,0,7,0,0,60547,0,0,0,1,0,0,0,21273,0,0
87808,Kil'weh,,,,0,7,0,0,60548,0,0,0,1,0,0,0,936,1992,0
87809,Maska,,,,0,7,0,0,60549,0,0,0,1,0,0,0,21492,0,0
87811,Karga Quickshot,,,,0,7,0,0,35818,0,0,0,1,0,0,0,0,0,0
87812,Lee Olesky,,,,0,7,0,0,33753,0,0,0,1,0,0,0,0,0,0
87813,Yumanis Oakengrip,,,,0,7,0,0,60552,0,0,0,1,0,0,0,21492,0,0
87814,Kwahu Fiendtamer,,,,0,7,0,0,60553,0,0,0,1,0,0,0,0,0,91146
87816,Ilyanna Talongrasp,,,,0,7,0,0,60551,0,0,0,1,0,0,0,0,0,91146
87817,Bim'ini,,,,0,7,0,0,60554,0,0,0,1,0,0,0,2134,2134,0
87825,"Suna ""Sunnie"" Steelpaw",,,,0,7,0,0,60555,0,0,0,1,0,0,0,2134,2134,0
87826,Gaho,,,,0,7,0,0,60556,0,0,0,1,0,0,0,41239,33270,0
87828,Larry Copeland,,,,0,7,0,0,60557,0,0,0,1,0,0,0,41239,33270,0
87829,Rizza Brassrokkit,,,,0,7,0,0,60558,0,0,0,1,0,0,0,5191,5191,0
87830,Eunna Young,,,,0,7,0,0,60560,0,0,0,1,0,0,0,5191,5191,0
87831,Brakk Shattershield,,,,0,7,0,0,60561,0,0,0,1,0,0,0,18484,3761,0
87832,Eula Clay,,,,0,7,0,0,60567,0,0,0,1,0,0,0,20675,1438,0
87833,Selis,,,,0,7,0,0,60568,0,0,0,1,0,0,0,20675,1438,0
87838,Mind-Frozen Rockbiter,,Hoarfrost's Minion,,0,7,0,0,49508,0,0,0,1,0,0,0,0,0,0
87842,Rangiro,,,,0,7,0,0,60576,0,0,0,1,0,0,0,0,0,39119
87843,Flame Jets,,,,1,9,0,3,169,38795,0,0,0,1,0,0,0,0,0
87850,Bren Swiftshot,,,,0,7,0,0,60591,0,0,0,1,0,0,0,0,0,39119
87851,Coggeye Aimbot,,,,0,7,0,0,60593,0,0,0,1,0,0,0,0,0,91554
87852,Bastiana Moran,,,,0,7,0,0,60592,0,0,0,1,0,0,0,0,0,91554
87853,Zap Snaresizzle,,,,0,7,0,0,60595,0,0,0,1,0,0,0,0,0,35829
87855,Trapper Huong,,,,0,7,0,0,60594,0,0,0,1,0,0,0,0,0,35829
87857,Iron Horde Scout,,,,0,7,0,0,54116,0,0,0,1,1,1,1,1906,0,0
87858,Kaama Arrowspring,,,,0,7,0,0,61342,0,0,0,1,0,0,0,0,0,0
87860,Leonard Schrick,,,,0,7,0,0,61343,0,0,0,1,0,0,0,0,0,0
87861,Guardian of Water,,,,0,4,0,0,58879,0,0,0,1,1,1,1,0,0,0
87862,Jukke Deathward,,,,0,7,0,0,61344,0,0,0,1,0,0,0,0,0,0
87863,Becky Dawson,,,,0,7,0,0,61345,0,0,0,1,0,0,0,0,0,0
87864,Noel Harrison,,,,0,7,0,0,61351,0,0,0,1,0,0,0,0,0,0
87865,Herschel Welch,,,,0,7,0,0,61349,0,0,0,1,0,0,0,0,0,0
87866,Esmund Brightshield,,,,0,7,0,0,61350,0,0,0,1,0,0,0,0,0,0
87867,Magister Tuan,,,,0,7,0,0,61347,0,0,0,1,0,0,0,0,0,0
87869,Dark Acolyte,,Shadow Council,,0,7,0,0,51362,51363,51364,51365,1,1,1,1,104040,0,0
87870,Gul'var Grunt,,Shadow Council,,0,7,0,0,51366,51367,51368,51369,1,1,1,1,107702,108475,0
87872,Nordaerin Silverbeam,,,,0,7,0,0,61348,0,0,0,1,0,0,0,0,0,0
87873,Arcanist Druk'rog,,,,0,7,0,0,61346,0,0,0,1,0,0,0,0,0,0
87874,Sniveling Swindler,,Innkeeper,,0,7,0,0,57044,0,0,0,1,1,1,1,0,0,0
87875,Rune Ritualist,,Shadow Council,,1,7,0,0,60120,0,0,0,1,1,1,1,111045,0,0
87876,Terrorwing Commander,,Shadow Council,,1,7,0,0,59988,0,0,0,1,1,1,1,107134,0,0
87877,Tessa Wybroff,,,,0,7,0,0,25807,0,0,0,1,0,0,0,0,0,0
87878,Kaz'hiki,,,,0,7,0,0,61357,0,0,0,1,0,0,0,0,0,0
87879,Skip Burnbright,,,,0,7,0,0,61358,0,0,0,1,0,0,0,0,0,0
87880,Tigowa,,,,0,7,0,0,60598,0,0,0,1,0,0,0,0,0,28188
87881,Harry Lawson,,,,0,7,0,0,60597,0,0,0,1,0,0,0,28188,0,0
87882,Talonpriest Zorkra,,,,0,7,0,0,56284,0,0,0,100,1,1,1,29310,0,0
87883,Dawn Mercurus,,,,0,7,0,0,61353,0,0,0,1,0,0,0,0,0,0
87884,Caerania the Tempering,,,,0,7,0,0,61353,0,0,0,1,0,0,0,0,0,0
87885,Grom'kar Peon,,,,0,7,0,0,55641,0,0,0,1,1,1,1,5956,0,0
87887,Grom'kar Vanguard,,,,0,7,0,0,59778,59779,59780,59781,1,1,1,1,106275,108475,0
87888,Awarri Blazecall,,,,0,7,0,0,61355,0,0,0,1,0,0,0,0,0,0
87889,Seona Fireweaver,,,,0,7,0,0,61356,0,0,0,1,0,0,0,0,0,0
87890,Pele'zol,,,,0,7,0,0,28187,0,0,0,1,0,0,0,0,0,0
87891,Danaeris Amberstar,,,,0,7,0,0,61360,0,0,0,1,0,0,0,0,0,0
87892,Magistrix Chillbreeze,,,,0,7,0,0,61367,0,0,0,1,0,0,0,0,0,0
87893,Frostlighter Hanaa,,,,0,7,0,0,61368,0,0,0,1,0,0,0,0,0,0
87894,Candice Morey,,,,0,7,0,0,61374,0,0,0,1,0,0,0,0,0,0
87895,Rebecca Stirling,,,,0,7,0,0,61375,0,0,0,1,0,0,0,0,0,0
87896,Nuku'te,,,,0,7,0,0,61372,0,0,0,1,0,0,0,0,0,0
87897,Marius Sunshard,,,,0,7,0,0,61369,0,0,0,1,0,0,0,0,0,0
87898,Matthew Deyling,,,,0,7,0,0,61370,0,0,0,1,0,0,0,0,0,0
87899,Domnall Icecrag,,,,0,7,0,0,61373,0,0,0,1,0,0,0,0,0,0
87900,Gakkiz Blusterblast,,,,0,7,0,0,39850,0,0,0,1,0,0,0,0,0,0
87901,Niall Frostdrift,,,,0,7,0,0,61371,0,0,0,1,0,0,0,0,0,0
87903,Gakkiz Blusterblast,,,,0,7,0,0,39850,0,0,0,1,0,0,0,0,0,0
87904,Saul Lee,,,,0,7,0,0,60601,0,0,0,1,0,0,0,81062,0,0
87905,Lara Pearson,,,,0,7,0,0,60602,0,0,0,1,0,0,0,91204,0,0
87906,Maeve Hopwash,,,,0,7,0,0,60603,0,0,0,1,0,0,0,91204,0,0
87911,Yu'un Tigersbite,,,,0,7,0,0,60606,0,0,0,1,0,0,0,99979,99979,0
87914,Mina Kunis,,,,0,7,0,0,60607,0,0,0,1,0,0,0,99979,99979,0
87915,Xen Barleystrike,,,,0,7,0,0,42481,0,0,0,1,0,0,0,0,0,0
87916,Orrindis Raindrinker,,,,0,7,0,0,61377,0,0,0,1,0,0,0,0,0,0
87918,Yiska,,,,0,7,0,0,61382,0,0,0,1,0,0,0,0,0,0
87919,Edith Shareflagon,,,,0,7,0,0,61383,0,0,0,1,0,0,0,0,0,0
87921,Velandros Sunblessing,,,,0,7,0,0,61378,0,0,0,1,0,0,0,0,0,0
87922,Kitara Mae,,,,0,7,0,0,61392,0,0,0,1,0,0,0,0,0,0
87923,Tizare,,,,0,7,0,0,61391,0,0,0,1,0,0,0,0,0,0
87924,Miiraxa the Renewer,,,,0,7,0,0,61379,0,0,0,1,0,0,0,0,0,0
87925,Favra Bearhide,,,,0,7,0,0,61380,0,0,0,1,0,0,0,0,0,0
87926,Master Tengbai,,,,0,7,0,0,61381,0,0,0,1,0,0,0,0,0,0
87927,Toega,,,,0,7,0,0,61389,0,0,0,1,0,0,0,0,0,0
87928,Thurman Belva,,,,0,7,0,0,61390,0,0,0,1,0,0,0,0,0,0
87929,Charles Norris,,,,0,7,0,0,61397,0,0,0,1,0,0,0,0,0,0
87930,Brogan Threepints,,,,0,7,0,0,61399,0,0,0,1,0,0,0,0,0,0
87931,Lucy Keller,,,,0,7,0,0,61400,0,0,0,1,0,0,0,0,0,0
87932,Evanra Cloudchant,,,,0,7,0,0,61402,0,0,0,1,0,0,0,0,0,0
87933,Nuan Skydream,,,,0,7,0,0,61393,0,0,0,1,0,0,0,0,0,0
87934,Tylee Hackspring,,,,0,7,0,0,61394,0,0,0,1,0,0,0,0,0,0
87935,Kana'tin,,,,0,7,0,0,61395,0,0,0,1,0,0,0,0,0,0
87936,Sprynt Starkflange,,,,0,7,0,0,61396,0,0,0,1,0,0,0,0,0,0
87937,Ariia,,,,0,7,0,0,145195,0,0,0,1,1,1,1,0,0,0
87938,Raquel Deyling,,,,0,7,0,0,61489,0,0,0,1,0,0,0,0,0,0
87939,Lusio,,,,0,7,0,0,145194,0,0,0,1,1,1,1,0,0,0
87940,Osgar Smitehammer,,,,0,7,0,0,61516,0,0,0,1,0,0,0,0,0,0
87941,Skah,,,,0,7,0,0,61517,0,0,0,1,0,0,0,0,0,0
87942,Bernhard Hammerdown,,,,0,7,0,0,61518,0,0,0,1,0,0,0,0,0,0
87943,Sahale,,,,0,7,0,0,145165,0,0,0,1,1,1,1,0,0,0
87944,Noah Munck,,,,0,7,0,0,61520,0,0,0,1,0,0,0,0,0,0
87945,Kaiel,,,,0,7,0,0,61507,0,0,0,1,0,0,0,0,0,0
87946,Tally,,,,0,12,0,0,60609,0,0,0,1,0,0,0,0,0,0
87947,Doodle,,,,0,12,0,0,58170,0,0,0,1,0,0,0,0,0,0
87948,Faala,,,,0,7,0,0,145164,0,0,0,1,1,1,1,0,0,0
87949,Delma Ironsafe,,,,0,7,0,0,61509,0,0,0,1,0,0,0,0,0,0
87950,Tawa,,,,0,7,0,0,145193,0,0,0,1,1,1,1,0,0,0
87951,Hereward Stonecleave,,,,0,7,0,0,61506,0,0,0,1,0,0,0,0,0,0
87952,Pixiebell,,,,0,12,0,2,60610,0,0,0,1,0,0,0,0,0,0
87953,Temura Ence,,,,0,7,0,0,26186,0,0,0,1,0,0,0,0,0,0
87954,Tas'ril Imturematril,,,,0,7,0,0,61404,0,0,0,1,0,0,0,0,0,0
87955,Nicholas Divide,,,,0,7,0,0,61405,0,0,0,1,0,0,0,0,0,0
87956,Lan'veros Furybrand,,,,0,7,0,0,61500,0,0,0,1,0,0,0,0,0,0
87957,Loranea,,,,0,7,0,0,61502,0,0,0,1,0,0,0,0,0,0
87958,Argonis Solheart,,,,0,7,0,0,61503,0,0,0,1,0,0,0,0,0,0
87959,Voraatios the Benedictive,,,,0,7,0,0,61504,0,0,0,1,0,0,0,0,0,0
87960,Hannya,,,,0,7,0,0,145192,0,0,0,1,1,1,1,250281,0,0
87961,Neve Axeblow,,,,0,7,0,0,61407,0,0,0,1,0,0,0,0,0,0
87962,Priscilla Shadowsun,,,,0,7,0,0,61408,0,0,0,1,0,0,0,0,0,0
87963,Linda Meier,,,,0,7,0,0,61409,0,0,0,1,0,0,0,0,0,0
87964,Ahaxxa,,,,0,7,0,0,61497,0,0,0,1,0,0,0,0,0,0
87965,Herrathos Starstaff,,,,0,7,0,0,61498,0,0,0,1,0,0,0,0,0,0
87967,Wolfgar,,,,0,12,0,0,60612,0,0,0,1,0,0,0,0,0,0
87968,Fangra,,,,0,12,0,0,60185,0,0,0,1,0,0,0,0,0,0
87970,Wolfus,,,,0,12,0,0,60613,0,0,0,1,0,0,0,0,0,0
87972,Gladiator Murkimus,,,,0,12,0,0,49081,0,0,0,1,0,0,0,0,0,0
87975,Gladiator Deathy,,,,0,12,0,0,36896,0,0,0,1,0,0,0,0,0,0
87976,Gladiator Murkalot,,,,0,12,0,0,51990,0,0,0,1,0,0,0,0,0,0
87978,Darkwing,,,,0,12,0,0,53719,0,0,0,1,0,0,0,0,0,0
87979,The Great Kaliri,,,,0,12,0,3,59602,0,0,0,1,0,0,0,0,0,0
87980,Apexis Guardian,,,,0,12,0,0,59577,0,0,0,1,0,0,0,0,0,0
87981,Atonement,,,,0,12,0,2,51742,0,0,0,1,0,0,0,0,0,0
87982,Grace,,,,0,12,0,2,51741,0,0,0,1,0,0,0,0,0,0
87983,Serendipity,,,,0,12,0,2,60618,0,0,0,1,0,0,0,0,0,0
87987,Flame Jets,,,,1,9,0,3,169,38795,0,0,0,1,0,0,0,0,0
87990,Firaga,,Fury of Frostfire,,1,4,0,0,58329,0,0,0,1,0,0,0,0,0,0
88008,Spinning Blade,,,,1,9,0,3,169,38795,0,0,0,1,0,0,0,0,0
88011,Karg Bloodfury,,,,0,7,0,0,49772,0,0,0,1,0,0,0,5288,0,0
88012,Cleric Maluuf,,,,0,7,0,0,60947,0,0,0,1,0,0,0,109679,0,0
88014,Dawnseeker Rukaryx,,,,0,7,0,0,57097,0,0,0,1,0,0,0,0,0,0
88015,Professor Felblast,,,,0,7,0,0,60952,0,0,0,1,0,0,0,0,0,0
88016,Cacklebone,,,,0,7,0,0,60944,0,0,0,1,0,0,0,0,0,0
88018,Vindicator Heluun,,,,0,7,0,0,60959,0,0,0,1,0,0,0,0,0,0
88019,Vol'jin's Spear Follower,,,,0,7,0,0,58523,0,0,0,1,0,0,0,0,0,0
88021,Wrynn's Vanguard Follower,,,,0,7,0,0,58523,0,0,0,1,0,0,0,0,0,0
88084,Hatecoil Raider,,,,0,7,0,0,31291,0,0,0,1,0,0,0,54820,0,0
88086,Hatecoil Riptail,,,,0,7,0,0,31018,0,0,0,1,0,0,0,54820,0,0
88087,Hatecoil Stormcaller,,,,0,7,0,0,28515,0,0,0,1,0,0,0,0,0,0
88098,Hestiah Ravenwood,,,,0,7,0,0,60731,0,0,0,1,0,0,0,40233,0,0
88099,Salteye Hookblade,,,,0,7,0,0,540,0,0,0,1,0,0,0,98270,0,0
88101,Salteye Tide-Shaman,,,,0,7,0,0,486,0,0,0,1,0,0,0,0,0,0
88103,Doom Bloom,,,,0,12,0,0,60732,0,0,0,1,0,0,0,0,0,0
88125,Vindicator Yrel,,,,0,7,0,0,52921,0,0,0,1,0,0,0,111523,0,0
88134,Mechanical Scorpid,,,,0,12,0,0,49122,0,0,0,1,1,1,1,0,0,0
88144,Converted Demon,,,,0,3,0,0,60763,0,0,0,1,1,1,1,0,0,0
88165,Dark Ranger Velonara,,,,0,7,0,0,57772,0,0,0,1,0,0,0,45085,45085,34269
88166,Hulda Shadowblade,,,,0,7,0,0,57783,0,0,0,1,0,0,0,73434,73434,65434
88222,Everbloom Peachick,,,,0,12,0,0,60819,0,0,0,1,0,0,0,0,0,0
88225,Sentinel's Companion,,,,0,12,0,3,60820,0,0,0,1,0,0,0,0,0,0
88240,Shadow Hunter Mok'e,,,,0,7,0,0,60831,0,0,0,1,0,0,0,0,0,0
88249,Maggoc,,Son of Gruul,,1,5,0,0,48495,0,0,0,1,0,0,0,0,0,0
88281,Echo Batling,,,,0,8,0,3,65981,0,0,0,1,1,1,1,0,0,0
88291,Dark Ranger Velonara,,,,0,7,0,0,57772,0,0,0,1,0,0,0,45085,45085,34269
88292,Hulda Shadowblade,,,,0,7,0,0,57783,0,0,0,1,0,0,0,73434,73434,65434
88293,Aknor Steelbringer,,,,0,7,0,0,61554,0,0,0,1,0,0,0,14824,0,0
88294,Talon Guard Kurekk,,,,0,7,0,0,59484,0,0,0,1,0,0,0,106248,0,0
88296,Leorajh,,,,0,7,0,0,58523,0,0,0,1,0,0,0,0,0,0
88298,Choluna,,,,0,7,0,0,32253,0,0,0,1,0,0,0,0,0,0
88299,Thisalee Crow,,,,0,7,0,0,32254,0,0,0,1,0,0,0,0,0,0
88300,Puddle Terror,,,,0,12,0,0,59038,0,0,0,1,1,1,1,0,0,0
88301,Delvar Ironfist,,,,0,7,0,0,59353,0,0,0,1,0,0,0,45528,0,0
88302,Benjamin Gibb,,,,0,7,0,0,59710,0,0,0,1,0,0,0,97219,0,0
88303,Spirit of Bony Xuk,,,,0,7,0,0,59265,0,0,0,1,0,0,0,1958,1958,0
88304,Rangari Erdanii,,,,0,7,0,0,57151,0,0,0,1,0,0,0,108717,0,109234
88306,Penny Clobberbottom,,,,0,7,0,0,58501,0,0,0,1,0,0,0,109579,0,50150
88307,Glirin,,,,0,7,0,0,58509,0,0,0,1,0,0,0,109579,0,62285
88308,Abu'gar,,,,0,7,0,0,57237,0,0,0,1,1,1,1,0,0,0
88309,Ahm,,,,0,7,0,0,53295,0,0,0,1,0,0,0,106280,0,0
88310,Defender Illona,,,,0,7,0,0,59839,0,0,0,1,0,0,0,29632,109630,0
88311,Aeda Brightdawn,,,,0,7,0,0,59874,0,0,0,1,0,0,0,29716,0,0
88312,Soulbinder Tuulani,,,,1,7,0,0,54040,0,0,0,1,0,0,0,94665,0,0
88313,Admiral Taylor,,,,0,7,0,0,60858,0,0,0,1,0,0,0,54825,0,0
88315,Meatball,,,,0,7,0,0,501,0,0,0,1,1,1,1,0,0,0
88317,Nat Pagle,,Master Fisherman,,0,7,0,0,13099,0,0,0,1,0,0,0,0,0,0
88318,Alexi Barov,,Barov Industries,,0,7,0,0,10456,0,0,0,1,0,0,0,0,0,0
88319,Weldon Barov,,Barov Industries,,0,7,0,0,10457,0,0,0,1,0,0,0,0,0,0
88320,Phylarch the Evergreen,,Lord of the Everbloom,,0,7,0,0,58429,0,0,0,1,0,0,0,0,0,0
88321,Tormmok,,,,0,7,0,0,57173,0,0,0,1,0,0,0,107420,0,0
88322,Kimzee Pinchwhistle,,,,0,7,0,0,56213,0,0,0,1,0,0,0,31824,0,0
88323,Image of Archmage Vargoth,,,,0,7,0,0,19078,0,0,0,1,0,0,0,28456,0,0
88324,Blook,,,,0,5,0,0,55543,0,0,0,1,0,0,0,107412,107409,0
88325,Vindicator Onaala,,,,0,7,0,0,57717,0,0,0,0,0,0,0,106268,111464,0
88326,Rangari Chel,,,,0,7,0,0,57053,0,0,0,0,0,0,0,30405,30405,0
88327,Apprentice Artificer Andren,,,,0,7,0,0,56236,0,0,0,0,0,0,0,110046,0,0
88328,Rulkan,,,,0,7,0,0,53097,0,0,0,1,0,0,0,34816,34816,0
88329,Shelly Hamby,,,,0,7,0,0,60121,0,0,0,0,0,0,0,5289,0,0
88330,Roona,,,,0,7,0,0,54782,0,0,0,0,0,0,0,113134,0,0
88331,Fiona,,,,0,7,0,0,34450,0,0,0,0,0,0,0,3184,0,6696
88332,Artificer Romuul,,,,0,7,0,0,52508,0,0,0,0,0,0,0,12776,0,0
88333,Leeroy Jenkins,,Pals for Life,,0,7,0,0,57227,0,0,0,1,0,0,0,12583,0,0
88334,Croman,,Barbarian,,0,7,0,0,52593,0,0,0,1,0,0,0,3417,0,0
88335,Bruto,,,,0,7,0,0,52202,0,0,0,1,0,0,0,111428,111425,0
88336,Pitfighter Vaandaam,,,,0,7,0,0,55056,0,0,0,1,0,0,0,111422,111419,0
88337,Pleasure-Bot 8000,,,,0,9,0,0,57057,0,0,0,1,0,0,0,3351,0,0
88338,Goldmane the Skinner,,,,0,7,0,0,55515,0,0,0,1,0,0,0,0,0,0
88339,Gronnstalker Rokash,,,,0,7,0,0,54968,0,0,0,1,0,0,0,0,0,67224
88340,Ziri'ak,,Apexis Guardian,,0,9,0,0,58876,0,0,0,1,0,0,0,0,0,0
88341,Rangari Kaalya,,,,0,7,0,0,54263,0,0,0,0,0,0,0,0,0,109234
88342,Kaz the Shrieker,,,,0,7,0,0,52195,0,0,0,1,0,0,0,107839,0,0
88343,Lantresor of the Blade,,,,0,7,0,0,56659,0,0,0,1,0,0,0,111935,0,0
88344,Vivianne,,,,0,7,0,0,56610,0,0,0,1,0,0,0,52523,0,0
88345,Morketh Bladehowl,,,,0,7,0,0,54952,0,0,0,1,0,0,0,110236,110236,0
88346,Miall,,Master Armourer,,0,7,0,0,54905,0,0,0,1,0,0,0,0,0,0
88347,Magister Krelas,,,,0,7,0,0,55069,0,0,0,1,0,0,0,76364,0,0
88348,Magister Serena,,,,0,7,0,0,55068,0,0,0,1,0,0,0,76363,0,0
88349,Daleera Moonfang,,,,1,7,0,0,56438,0,0,0,1,0,0,0,61526,0,0
88350,Ka'la,,,,0,7,0,0,56419,0,0,0,1,0,0,0,0,0,5258
88351,Qiana Moonshadow,,,,0,7,0,0,55047,0,0,0,1,0,0,0,28678,0,0
88352,Shadow Hunter Rala,,,,1,7,0,0,54367,0,0,0,1,0,0,0,29433,0,0
88353,Mulverick,,,,0,7,0,0,54373,0,0,0,1,0,0,0,13625,0,11021
88354,Olin Umberhide,,,,0,7,0,0,55046,0,0,0,1,0,0,0,14084,0,0
88355,Waterfly,,,,0,14,0,3,60861,0,0,0,1,1,1,1,0,0,0
88356,Sapphire Firefly,,,,0,14,0,2,60862,0,0,0,1,1,1,1,0,0,0
88357,Violet Firefly,,,,0,14,0,2,60863,0,0,0,1,1,1,1,0,0,0
88359,Swamplighter Firefly,,,,0,14,0,3,60864,0,0,0,1,1,1,1,0,0,0
88367,Sunfire Kaliri,,,,0,12,0,3,60617,0,0,0,1,1,1,1,0,0,0
88371,Weaponsmith Na'Shra,,,,0,7,0,0,52397,0,0,0,1,0,0,0,14879,0,0
88372,Illenya,,,,0,7,0,0,57345,0,0,0,1,0,0,0,14879,0,0
88385,Brilliant Bloodfeather,,,,0,14,0,0,59130,0,0,0,1,0,0,0,0,0,0
88391,Garrison Marksman,,,,0,7,0,0,61051,0,0,0,1,0,0,0,19900,0,111783
88400,Kairoz,,,,1,2,0,0,2719,0,0,0,0,0,0,0,0,0,0
88401,Son of Sethe,,,,0,12,0,2,60876,0,0,0,1,1,1,1,0,0,0
88413,Crimsonwing Moth,,,,0,14,0,2,60888,0,0,0,1,1,1,1,0,0,0
88415,Dusty Sporewing,,,,0,12,0,2,60889,0,0,0,1,1,1,1,0,0,0
88417,Royal Moth,,,,0,14,0,3,60891,0,0,0,1,1,1,1,0,0,0
88422,Cerulean Moth,,,,0,14,0,2,60618,0,0,0,1,1,1,1,0,0,0
88424,Millhouse Manastorm,,,,0,7,0,0,60701,0,0,0,1,1,1,1,18842,0,0
88433,Nettlesting,,,,0,8,0,2,60901,0,0,0,1,1,1,1,0,0,0
88438,Amberbarb Stinger,,,,0,8,0,2,60903,0,0,0,1,1,1,1,0,0,0
88452,Sky Fry,,,,0,12,0,3,60909,0,0,0,1,1,1,1,0,0,0
88465,Kelp Scuttler,,,,0,14,0,0,60914,0,0,0,1,1,1,1,0,0,0
88466,Zangar Crawler,,,,0,14,0,0,60915,0,0,0,1,1,1,1,0,0,0
88473,Fen Crab,,,,0,14,0,0,60916,0,0,0,1,1,1,1,0,0,0
88474,Ironclaw Scuttler,,,,0,14,0,0,60922,0,0,0,1,1,1,1,0,0,0
88475,Mole Machine,,,,0,10,0,0,47399,11686,0,0,0,1,0,0,0,0,0
88477,Mole Machine,,,,0,10,0,0,47399,11686,0,0,0,1,0,0,0,0,0
88480,Frostshell Pincher,,,,0,14,0,0,60923,0,0,0,1,1,1,1,0,0,0
88487,Leorajh,,,,0,7,0,0,58523,0,0,0,1,0,0,0,0,0,0
88490,Eye of Observation,,,,0,12,0,3,60930,0,0,0,1,0,0,0,0,0,0
88514,Bloodthorn Hatchling,,,,0,12,0,0,58613,0,0,0,1,1,1,1,0,0,0
88516,Malden,,,,0,7,0,0,60940,0,0,0,1,0,0,0,32611,34586,0
88518,Champion of the Coliseum,,,,1,10,0,0,1126,38795,0,0,1,0,0,0,0,0,0
88526,Su'tila,,,,0,7,0,0,60945,0,0,0,1,0,0,0,45128,0,0
88530,Choluna,,Druid of the Talon,,0,7,0,0,32253,0,0,0,1,0,0,0,0,0,0
88534,Frostwolf Pup,,Carol's Pet,,0,12,0,0,54855,0,0,0,1,1,1,1,0,0,0
88536,"Ogre Shaman 3 (Ghost, Grey)",,,,0,1,0,0,60953,0,0,0,1,0,0,0,0,0,0
88538,"Pale (Ghost, Blue)",,,,0,1,0,0,60954,0,0,0,1,0,0,0,0,0,0
88539,"High Ogre Warrior 3 (Ghost, Black)",,,,0,1,0,0,60960,0,0,0,1,0,0,0,0,0,0
88542,Echo Batling,,,,0,14,0,3,65981,0,0,0,1,1,1,1,0,0,0
88548,Iron Horde Wolf,,,,0,1,0,0,57467,0,0,0,1,0,0,0,0,0,0
88564,Druid of the Talon,,,,0,7,0,3,38250,38251,0,0,1,1,0,0,0,0,0
88565,Iron Horde Cannon,,,,0,1,0,0,53699,0,0,0,1,0,0,0,0,0,0
88571,Mudback Calf,,,,0,14,0,0,58767,0,0,0,1,1,1,1,0,0,0
88572,Flat-Tooth Calf,,,,0,14,0,0,58766,0,0,0,1,1,1,1,0,0,0
88573,Veilwatcher Hatchling,,,,0,12,0,3,59603,0,0,0,1,1,1,1,0,0,0
88574,Kaliri Hatchling,,,,0,12,0,3,59034,0,0,0,1,1,1,1,0,0,0
88575,Glowing Sporebat,,,,0,12,0,3,60972,60973,0,0,1,9,1,1,0,0,0
88576,Shadow Sporebat,,,,0,14,0,3,60974,0,0,0,1,1,1,1,0,0,0
88577,Bone Serpent,,,,0,14,0,2,60975,0,0,0,1,1,1,1,0,0,0
88619,Winter Veil Gug'rokk,,Bloodmaul Slave Traders,,1,7,0,0,52902,0,0,0,1,0,0,0,107424,0,0
88620,Winter Veil Oshir,,,,1,7,0,0,55352,0,0,0,1,0,0,0,0,0,0
88637,Skaggit,,"Gazlowe's  ""Assistant""",,0,7,0,0,55595,0,0,0,1,0,0,0,1911,0,0
88643,Viletongue Rylak,,,,0,1,38,3,55093,0,0,0,1,1,1,1,0,0,0
88646,Heart of Gorgorek,,,,0,10,0,0,60993,0,0,0,1,0,0,0,0,0,0
88649,Draka,,,,1,7,0,0,49286,0,0,0,0,0,0,0,10612,10612,0
88655,Greatmother Geyah,,,,1,7,0,0,60995,0,0,0,0,0,0,0,0,0,0
88680,Light of Rhukmar,,,,0,7,0,0,59494,0,0,0,1,0,0,0,0,0,0
88692,Servant of Demidos,,,,0,12,0,0,61016,0,0,0,1,1,1,1,0,0,0
88698,Brute,,,,0,7,0,0,58248,0,0,0,1,1,1,0,107411,0,0
88699,Hammer,,,,0,7,0,0,58248,0,0,0,1,1,1,0,107411,0,0
88724,Gorian Enforcer,,,,1,7,0,0,58596,0,0,0,1,1,1,1,110961,0,0
88726,Dagg,,,,0,7,0,0,55124,0,0,0,1,0,0,0,0,0,0
88739,Nar'thalas High Magister,,,,1,7,0,0,61715,0,0,0,1,0,0,0,0,0,0
88740,Queen Azshara,,,,1,7,0,0,61056,0,0,0,1,1,1,1,128911,0,0
88786,Enchanted Feywing,,,,0,2,0,0,59776,0,0,0,0,0,0,0,0,0,0
88801,Bunny,,,,0,10,0,0,328,21072,0,0,0,1,0,0,0,0,0
88805,Grommloc,,,,0,12,0,0,61127,0,0,0,1,1,1,1,0,0,0
88807,Argi,,,,0,12,0,0,61128,0,0,0,1,1,1,1,0,0,0
88814,Nethaera's Light,,,,0,12,0,3,61133,0,0,0,1,1,1,1,0,0,0
88815,Flames,,,,0,10,0,0,61134,21072,0,0,1,0,0,0,0,0,0
88823,Statue,,,,0,10,0,0,61142,21072,0,0,1,0,0,0,0,0,0
88830,Trunks,,,,0,12,0,0,61148,0,0,0,1,0,0,0,0,0,0
88845,Julien,,Chris Kaleiki's Pet,,0,12,0,0,44820,0,0,0,1,1,1,1,0,0,0
88846,Colin,,Brian Holinka's Pet,,0,12,0,0,61128,0,0,0,1,1,1,1,0,0,0
88858,Defiled Spirit,,,,1,6,0,0,61672,61673,0,0,1,1,0,0,0,0,0
88952,Spore Flower,,,,0,1,0,0,61272,0,0,0,1,0,0,0,0,0,0
88970,Drowned Nightwatcher,,,,0,6,0,0,61283,61284,61285,61286,1,1,1,1,49687,0,0
89003,Weeping Spirit,,,,0,6,0,0,52976,52977,52978,0,1,1,1,0,0,0,0
89006,Hatecoil Myrmidon,,,,0,7,0,0,31291,0,0,0,1,0,0,0,54820,0,0
89013,Azsuna Lion Seal,,,,0,1,0,0,61339,0,0,0,1,0,0,0,0,0,0
89016,Ravyn-Drath,,,,4,1,0,0,26768,0,0,0,1,1,1,1,0,0,0
89024,Hatecoil Fathom-Stalker,,,,0,7,0,0,31291,0,0,0,1,0,0,0,54538,0,0
89025,Hatecoil Spitespeaker,,,,0,7,0,0,22590,0,0,0,1,0,0,0,0,0,0
89075,Delvar Ironfist,,,,0,7,0,0,59353,0,0,0,1,0,0,0,45528,0,0
89092,Greatmother Geyah,,,,0,7,0,0,60995,0,0,0,0,0,0,0,119745,119751,0
89097,Cove Skrog,,,,1,5,0,0,66809,66812,0,0,1,1,0,0,34058,0,0
89105,Vindicator Maraad,,,,1,7,0,0,58494,0,0,0,1,1,1,1,30802,0,0
89109,Cauldron Bunny,,,,0,10,0,0,20570,11686,0,0,0,1,0,0,0,0,0
89129,Carrotus Maximus,,,,0,14,0,0,58843,0,0,0,1,1,1,1,0,0,0
89130,Gorefu,,,,0,14,0,0,55961,0,0,0,1,1,1,1,0,0,0
89131,Gnawface,,,,0,14,0,0,16143,0,0,0,1,1,1,1,0,0,0
89133,Vivianne,,,,0,7,0,0,56610,0,0,0,1,0,0,0,52523,0,0
89135,Unborn Val'kyr,,,,0,12,0,3,48650,0,0,0,1,1,1,1,0,0,0
89180,The Grimrail,,,,0,10,0,0,61538,0,0,0,1,0,0,0,0,0,0
89181,The Grimrail,,,,0,10,0,0,61541,0,0,0,1,0,0,0,0,0,0
89182,The Grimrail,,,,0,10,0,0,61542,0,0,0,1,0,0,0,0,0,0
89183,The Grimrail,,,,0,10,0,0,61544,0,0,0,1,0,0,0,0,0,0
89184,The Grimrail,,,,0,10,0,0,11686,0,0,0,1,0,0,0,0,0,0
89194,Parched Lizard,,,,0,14,0,0,36585,43221,0,0,1,1,0,0,0,0,0
89198,Leatherhide Runt,,,,0,14,0,0,58606,0,0,0,1,1,1,1,0,0,0
89209,Injured Crewman,,,,0,7,0,0,56225,0,0,0,1,0,0,0,0,0,0
89260,Coliseum Grates,,,,0,10,0,0,61599,0,0,0,1,0,0,0,0,0,0
89268,Verdant Thorn-Weaver,,,,0,7,0,0,57964,0,0,0,1,0,0,0,0,0,0
89270,Coliseum Door,,,,0,10,0,0,61604,0,0,0,1,0,0,0,0,0,0
89280,Enthralled Mutant,,,,0,7,0,0,59535,0,0,0,1,0,0,0,0,0,0
89283,Bitterbrine Venomer,,,,0,7,0,0,61623,0,0,0,1,0,0,0,40729,0,58789
89284,Bitterbrine Saltcaster,,,,0,7,0,0,32121,0,0,0,1,0,0,0,83071,0,0
89349,Cenarius,,,,0,7,0,0,34803,0,0,0,1,0,0,0,0,0,0
89351,Malfurion Stormrage,,,,0,7,0,0,39162,0,0,0,1,0,0,0,0,0,0
89352,Tyrande Whisperwind,,,,0,7,0,0,39153,0,0,0,1,0,0,0,0,0,0
89353,Illidan Stormrage,,,,0,7,0,0,39183,0,0,0,1,0,0,0,0,0,0
89354,Senegos,,,,0,2,0,0,66481,0,0,0,1,0,0,0,0,0,0
89355,Prince Farondis,,,,0,7,0,0,61697,0,0,0,1,0,0,0,0,0,0
89618,Tidestone of Golganneth,,,,1,10,0,0,59609,0,0,0,1,0,0,0,0,0,0
89650,Valiyaka the Stormbringer,,,,4,7,0,0,20641,0,0,0,1,0,0,0,0,0,0
89802,Hatecoil Skrog,,,,1,5,0,0,66811,0,0,0,1,0,0,0,0,0,0
89803,Tide Breaker,,,,0,7,0,0,66813,0,0,0,1,1,1,1,0,0,0
89816,Golza the Iron Fin,,,,4,7,0,0,66813,0,0,0,1,0,0,0,0,0,0
89820,Gazlowe,,,,0,7,0,0,53001,0,0,0,1,0,0,0,4994,13855,12523
89822,Draka,,,,1,7,0,0,49286,0,0,0,0,0,0,0,10612,10612,0
89846,Captain Volo'ren,,,,4,7,0,0,61814,0,0,0,1,0,0,0,120881,120881,0
89850,The Oracle,,,,4,6,0,2,21930,0,0,0,1,1,1,1,0,0,0
89851,Balnazzar,,,,1,3,0,0,34424,0,0,0,1,1,1,1,0,0,0
89865,Mrrgrl the Tide Reaver,,,,4,7,0,0,4088,0,0,0,1,0,0,0,44703,0,0
89884,Flog the Captain-Eater,,,,2,7,0,0,66819,0,0,0,1,1,1,1,0,0,0
89891,Dragon Turtle,,,,0,1,21,0,46043,0,0,0,1,0,0,0,0,0,0
89937,Sammy Fivefingers,,Reclamation Specialist,,0,7,0,0,53001,0,0,0,1,0,0,0,4994,13855,12523
89940,Azurewing Scalewarden,,,,1,2,0,3,70402,0,0,0,1,0,0,0,0,0,0
89975,Senegos,,,,1,2,0,0,66481,0,0,0,1,0,0,0,0,0,0
89978,Projection of Senegos,,,,1,2,0,0,69857,0,0,0,1,0,0,0,0,0,0
90005,Nightfallen Construct,,,,0,9,0,0,61850,0,0,0,1,0,0,0,0,0,0
90057,Daggerbeak,,,,4,1,160,3,64535,0,0,0,1,0,0,0,0,0,0
90109,Hatecoil Slavemaster,,,,0,7,0,0,61873,0,0,0,1,0,0,0,54820,0,0
90115,Archmage Khadgar,,Sons of Lothar,,1,7,0,0,56765,0,0,0,1,0,0,0,28067,0,0
90134,Llothien Grizzly,,,,0,1,4,0,62636,0,0,0,1,0,0,0,0,0,0
90137,Archmage Khadgar,,Sons of Lothar,,1,7,0,0,56765,0,0,0,1,0,0,0,28067,0,0
90138,Garona Halforcen,,,,1,7,0,0,61879,0,0,0,1,0,0,0,61297,61297,0
90164,Warbringer Mox'na,,,,4,3,0,0,64006,0,0,0,1,0,0,0,79734,79735,0
90173,Arcana Stalker,,,,4,3,0,0,1913,0,0,0,1,0,0,0,0,0,0
90177,Exarch Yrel,,,,1,7,0,0,54119,0,0,0,1,0,0,0,111523,0,0
90178,Thaelin Darkanvil,,,,0,7,0,0,52540,0,0,0,1,0,0,0,1911,0,0
90193,Thaelin Darkanvil,,,,0,7,0,0,52540,0,0,0,1,0,0,0,1911,0,0
90200,Grotesque,,,,0,12,0,3,61884,0,0,0,1,1,1,1,0,0,0
90201,Leviathan Hatchling,,,,0,12,0,0,61887,0,0,0,1,1,1,1,0,0,0
90202,Abyssius,,,,0,12,0,0,61888,0,0,0,1,1,1,1,0,0,0
90203,Fragment of Anger,,,,0,12,0,2,61890,0,0,0,1,1,1,1,0,0,0
90204,Fragment of Suffering,,,,0,12,0,2,61891,0,0,0,1,1,1,1,0,0,0
90205,Fragment of Desire,,,,0,12,0,2,61889,0,0,0,1,1,1,1,0,0,0
90206,Sister of Temptation,,,,0,12,0,0,61892,70439,0,0,1,1,0,0,0,0,0
90207,Stinkrot,,,,0,12,0,0,61894,0,0,0,1,1,1,1,0,0,0
90208,Hyjal Wisp,,,,0,12,0,3,40224,0,0,0,1,1,1,1,0,0,0
90212,Sunblade Micro-Defender,,,,0,12,0,0,61896,0,0,0,1,1,1,1,0,0,0
90213,Chaos Pup,,,,0,12,0,0,62466,0,0,0,1,1,1,1,0,0,0
90214,Wretched Servant,,,,0,12,0,0,61898,0,0,0,1,1,1,1,0,0,0
90215,K'ute,,,,0,12,0,2,61900,0,0,0,1,1,1,1,0,0,0
90217,Normantis the Deposed,,Former Kirin Tor,,4,7,0,0,23223,0,0,0,1,0,0,0,0,0,0
90223,Harrison Jones,,,,0,7,0,0,61143,0,0,0,1,1,1,1,0,0,0
90232,Unbound Rift,,,,0,10,0,0,26753,0,0,0,1,0,0,0,0,0,0
90233,Archmage Khadgar,,Sons of Lothar,,1,7,0,0,56765,0,0,0,1,0,0,0,28067,0,0
90237,Garona Halforcen,,,,1,7,0,0,61879,0,0,0,1,0,0,0,61297,61297,0
90242,Rift Wyrm,,,,6,1,35,3,70232,0,0,0,1,0,0,0,0,0,0
90243,Rift Wraith,,,,0,4,0,0,38411,0,0,0,0,0,0,0,0,0,0
90244,Arcavellus,,,,4,4,0,0,35822,0,0,0,0,1,1,1,0,0,0
90311,Durotan,,Warchief of the Frostwolf Clan,,1,7,0,0,51837,0,0,0,1,0,0,0,94647,0,0
90313,Llothien Prowler,,,,0,1,160,0,67552,0,0,0,1,0,0,0,0,0,0
90318,Withered Fanatic,,,,0,7,0,0,68064,0,0,0,1,0,0,0,0,0,0
90332,Wounded Soldier,,,,0,7,0,0,53840,53909,53835,53910,1,1,1,1,1899,143,0
90345,Race MiniZep,,,,0,12,0,3,62404,0,0,0,1,1,1,1,0,0,0
90350,Silver Hand Knight,,,,0,7,0,0,61955,61956,61957,61958,1,1,1,1,0,0,0
90382,Frostwolf Warrior,,,,1,7,0,0,51991,0,0,0,0,0,0,0,10612,10612,0
90392,Grom'kar Deadeye,,,,0,7,0,0,58844,58845,58846,58847,1,1,1,1,84900,0,84900
90393,Grom'kar Bulwark,,,,0,7,0,0,58860,58861,58862,58863,1,1,1,1,103951,108593,0
90394,Grom'kar Punisher,,,,0,7,0,0,58855,58854,58853,58852,1,1,1,1,106275,106275,0
90395,Grom'kar Blademaster,,,,0,7,0,0,58887,0,0,0,1,0,0,0,112685,0,0
90396,Grom'kar Blademaster,,,,0,7,0,0,58888,0,0,0,1,0,0,0,112685,0,0
90397,Grom'kar Punisher,,,,0,7,0,0,58859,58858,58857,58856,1,1,1,1,106275,106275,0
90398,Grom'kar Bulwark,,,,0,7,0,0,58867,58866,58865,58864,1,1,1,1,103951,108593,0
90399,Grom'kar Deadeye,,,,0,7,0,0,58851,58850,58849,58848,1,1,1,1,84900,0,84900
90413,Gul'dan,,Lord of the Shadow Council,,1,7,0,0,59808,0,0,0,1,0,0,0,0,0,0
90415,Kilrogg Deadeye,,,,1,7,0,0,55546,0,0,0,1,0,0,0,110405,0,0
90443,Wounded Footsoldier,,,,0,7,0,0,53840,53909,53835,53910,3,3,2,2,0,0,0
90444,Wounded Soldier,,,,0,7,0,0,53840,53909,53835,53910,1,1,1,1,1899,143,0
90445,Wounded Soldier,,,,0,7,0,0,53840,53909,53835,53910,1,1,1,1,1899,143,0
90446,Wounded Soldier,,,,0,7,0,0,53840,53909,53835,53910,1,1,1,1,1899,143,0
90447,Wounded Soldier,,,,0,7,0,0,53840,53909,53835,53910,1,1,1,1,1899,143,0
90448,Wounded Soldier,,,,0,7,0,0,53840,53909,53835,53910,1,1,1,1,1899,143,0
90449,Wounded Soldier,,,,0,7,0,0,53840,53909,53835,53910,1,1,1,1,1899,143,0
90450,Wounded Soldier,,,,0,7,0,0,53840,53909,53835,53910,1,1,1,1,1899,143,0
90451,Wounded Soldier,,,,0,7,0,0,53840,53909,53835,53910,1,1,1,1,1899,143,0
90452,Wounded Grunt,,,,0,7,0,0,63360,63361,0,0,1,1,0,0,0,0,0
90453,Wounded Grunt,,,,0,7,0,0,55307,55308,55309,55310,1,1,1,1,90032,0,0
90454,Wounded Grunt,,,,0,7,0,0,55307,55308,55309,55310,1,1,1,1,90032,0,0
90455,Wounded Grunt,,,,0,7,0,0,55307,55308,55309,55310,1,1,1,1,90032,0,0
90456,Wounded Grunt,,,,0,7,0,0,55307,55308,55309,55310,1,1,1,1,90032,0,0
90457,Wounded Grunt,,,,0,7,0,0,55307,55308,55309,55310,1,1,1,1,90032,0,0
90459,Wounded Grunt,,,,0,7,0,0,55307,55308,55309,55310,1,1,1,1,90032,0,0
90460,Wounded Grunt,,,,0,7,0,0,55307,55308,55309,55310,1,1,1,1,90032,0,0
90461,Wounded Grunt,,,,0,7,0,0,55307,55308,55309,55310,1,1,1,1,90032,0,0
90462,Wounded Grunt,,,,0,7,0,0,55307,55308,55309,55310,1,1,1,1,90032,0,0
90475,Garona Halforcen,,,,0,7,0,0,61879,0,0,0,1,0,0,0,61297,61297,0
90481,Draka,,,,1,7,0,0,49286,0,0,0,0,0,0,0,10612,10612,0
90505,Syphonus,,,,4,9,0,0,65962,0,0,0,1,1,1,1,0,0,0
90507,Leodrath,,,,1,7,0,0,69721,0,0,0,1,0,0,0,0,0,0
90514,Fel Cannonball,,,,0,10,0,3,71046,0,0,0,1,0,0,0,0,0,0
90524,Cindral,,,,0,10,0,3,22903,11686,0,0,0,1,0,0,0,0,0
90527,Lunarfall Priest,,,,0,7,0,0,63346,63348,63349,63350,1,1,1,1,0,0,0
90530,Lunarfall Rifleman,,,,0,7,0,0,63352,63353,63354,63355,1,1,1,1,106317,0,116566
90567,Projection of Senegos,,,,0,2,0,0,69857,0,0,0,1,0,0,0,0,0,0
90569,Projection of Senegos,,,,1,2,0,0,69857,0,0,0,1,0,0,0,0,0,0
90587,Wounded Grunt,,,,0,7,0,0,55307,55308,55309,55310,1,1,1,1,90032,0,0
90588,Wounded Soldier,,,,0,7,0,0,53840,53909,53835,53910,1,1,1,1,1899,143,0
90589,Wounded Soldier,,,,0,7,0,0,53840,53909,53835,53910,1,1,1,1,1899,143,0
90590,Wounded Soldier,,,,0,7,0,0,53840,53909,53835,53910,1,1,1,1,1899,143,0
90591,Hivelord Ik'rix,,,,1,1,31,0,55974,0,0,0,1,1,1,1,0,0,0
90592,Tremor,,Devourer of Lobstroks,,1,1,42,0,62043,0,0,0,0,1,1,1,0,0,0
90593,Nullifier Darkoor,,Seeker of Magic,,1,7,0,0,62044,0,0,0,0,1,1,1,122097,0,0
90594,Undertow,,Living Typhoon,,1,4,0,0,62045,0,0,0,0,1,1,1,0,0,0
90595,Gor'thul,,,,1,7,0,0,62046,0,0,0,1,1,1,1,107300,0,0
90596,Amethon,,,,1,4,0,0,62047,0,0,0,1,1,1,1,0,0,0
90597,Aspect of Rukhmar,,,,0,1,0,0,62048,0,0,0,0,1,1,1,0,0,0
90598,Gok'tal,,,,0,1,0,3,62049,0,0,0,0,1,1,1,0,0,0
90600,Gutrek,,,,0,7,0,0,62050,0,0,0,0,1,1,1,107420,0,0
90601,Skulltaker,,,,0,7,0,0,62051,0,0,0,0,1,1,1,122149,122149,0
90602,Vok Blacktongue,,,,0,7,0,0,62052,0,0,0,0,1,1,1,108606,0,0
90603,Lor Stonefist,,,,0,7,0,0,61978,0,0,0,0,1,1,1,108771,108771,0
90604,Koros Soulsplinter,,,,0,7,0,0,61977,0,0,0,0,1,1,1,108755,0,0
90605,Tangled Lobstrok,,,,0,7,0,0,62053,0,0,0,1,1,1,1,0,0,0
90606,Demolitionist Megacharge,,Blackfuse Company,,0,7,0,0,62054,0,0,0,0,1,1,1,49762,0,49762
90616,Nightfallen Overseer,,,,0,7,0,0,66859,0,0,0,1,0,0,0,0,0,0
90634,Wrathblade Servitor,,,,0,3,0,0,68039,0,0,0,1,0,0,0,132920,132920,0
90660,Burning Hellion,,,,6,3,0,0,62593,0,0,0,1,0,0,0,0,0,0
90661,Eredar Supplicant,,,,0,3,0,0,69979,69980,0,0,1,1,0,0,138748,0,0
90664,Beastlord Darmac,,The Iron Claw,,1,7,0,0,53499,0,0,0,1,1,1,1,112339,0,0
90665,Heart of the Mountain,,,,1,10,0,3,53456,0,0,0,1,1,1,1,0,0,0
90666,Kromog,,Legend of the Mountain,,1,5,0,0,56214,0,0,0,1,1,1,1,0,0,0
90667,Gruul,,,,1,5,0,0,55050,0,0,0,1,1,1,1,0,0,0
90668,Hans'gar and Franzok,,,,1,7,0,0,53575,0,0,0,1,1,1,1,0,0,0
90669,Iron Maidens,,,,1,7,0,0,53752,0,0,0,1,1,1,1,114966,113965,0
90670,Oregorger,,The Devourer,,1,7,0,0,54317,0,0,0,1,1,1,1,0,0,0
90671,Flamebender Ka'graz,,Shaman of the Burning Blade,,1,7,0,0,53471,0,0,0,1,1,1,1,112013,0,0
90672,Operator Thogar,,Grimrail Overseer,,1,7,0,0,53519,0,0,0,1,1,1,1,118248,0,0
90673,Blackhand,,Warlord of the Blackrock,,1,7,0,0,53791,0,0,0,1,1,1,1,113126,0,109185
90674,Garona's Demon Within,,,,1,3,0,0,60059,0,0,0,1,0,0,0,61297,61297,0
90675,Erris the Collector,,,,0,7,0,0,62074,0,0,0,1,1,1,1,0,0,0
90676,Moon,,,,0,12,0,0,56803,0,0,0,1,1,1,1,0,0,0
90708,Vol'jin,,Warchief,,1,7,0,0,73189,0,0,0,100,0,0,0,140776,0,14118
90709,Lady Sylvanas Windrunner,,Banshee Queen,,1,7,0,0,73184,0,0,0,1,0,0,0,2179,0,42775
90710,Baine Bloodhoof,,High Chieftain,,1,7,0,0,66086,0,0,0,1,0,0,0,58367,0,0
90711,Thrall,,The Earthen Ring,,1,7,0,0,73183,0,0,0,1,0,0,0,140777,0,0
90713,King Varian Wrynn,,King of Stormwind,,1,7,0,0,70626,0,0,0,1,1,1,1,45899,0,0
90714,Lady Jaina Proudmoore,,Leader of the Kirin Tor,,1,7,0,0,73181,0,0,0,1,0,0,0,153575,0,0
90716,Gelbin Mekkatorque,,"High Tinker, King of Gnomes",,1,7,0,0,80352,0,0,0,100,1,1,1,0,0,0
90717,Genn Greymane,,King of Gilneas,,1,7,0,0,73172,0,0,0,1,0,0,0,0,0,0
90736,Senegos,,,,1,2,0,0,62515,0,0,0,1,0,0,0,0,0,0
90738,Stellagosa,,,,0,2,0,0,64545,0,0,0,1,0,0,0,0,0,0
90739,Prince Farondis,,,,1,7,0,0,60845,0,0,0,1,0,0,0,13753,0,0
90742,Felsworn Berserker,,,,0,7,0,0,62000,62001,62002,0,1,1,1,1,110165,110164,0
90743,Felsworn Berserker,,,,0,7,0,0,62676,0,0,0,1,1,1,1,110165,110164,0
90749,Sky Admiral Rogers,,,,0,7,0,0,45220,0,0,0,1,0,0,0,3364,2526,61576
90750,Horde Grunt,,,,0,7,0,0,55307,55308,55309,55310,1,1,1,1,90032,0,0
90751,Alliance Soldier,,,,0,7,0,0,53840,53909,53835,53910,1,1,1,1,1899,143,0
90774,Hatecoil Deepsinger,,,,0,7,0,0,22590,0,0,0,1,0,0,0,0,0,0
90778,Hatecoil Reservist,,,,0,7,0,0,31291,0,0,0,1,0,0,0,54538,0,0
90793,Harrison Jones,,,,0,7,0,0,22354,0,0,0,1,0,0,0,0,0,0
90797,Infernal,,,,0,3,0,0,62196,0,0,0,1,0,0,0,0,0,0
90803,Infernal Lord,,,,4,3,0,0,62180,0,0,0,1,1,1,1,0,0,0
90866,Tinkmaster Overspark,,Chief Architect of Gnomish Engineering,,0,7,0,0,7028,0,0,0,100,0,0,0,1903,0,0
90901,Pridelord Meowl,,,,4,1,160,0,69191,0,0,0,1,1,1,1,0,0,0
90903,Adolescent Storm Drake,,,,0,2,0,0,70590,67199,0,0,2,1,0,0,0,0,0
90920,Aqoo,,,,0,12,0,0,60861,0,0,0,1,1,1,1,0,0,0
90921,Serpentus,,,,0,12,0,0,60975,0,0,0,1,1,1,1,0,0,0
90922,Thunderhoof,,,,0,12,0,0,55291,0,0,0,1,1,1,1,0,0,0
90924,Leonardo,,,,0,12,0,0,60875,0,0,0,1,1,1,1,0,0,0
90925,Terror,,,,0,12,0,0,38473,0,0,0,1,1,1,1,0,0,0
90926,Dr. Dragon,,,,0,12,0,0,6292,0,0,0,1,1,1,1,0,0,0
90927,Gooey,,,,0,12,0,0,59352,0,0,0,1,1,1,1,0,0,0
90928,Grinder,,,,0,12,0,0,58736,0,0,0,1,1,1,1,0,0,0
90929,Jenner,,,,0,12,0,0,2176,0,0,0,1,1,1,1,0,0,0
90930,Bye,,,,0,12,0,0,2176,0,0,0,1,1,1,1,0,0,0
90931,Critter,,,,0,12,0,0,2176,0,0,0,1,1,1,1,0,0,0
90932,Doom,,,,0,12,0,0,60732,0,0,0,1,1,1,1,0,0,0
90934,Bitey,,,,0,12,0,0,60732,0,0,0,1,1,1,1,0,0,0
90935,Flower Child,,,,0,12,0,0,57824,0,0,0,1,1,1,1,0,0,0
90981,Balnazzar,,,,0,3,0,0,62571,0,0,0,1,1,1,1,0,0,0
91014,Erris the Collector,,,,0,7,0,0,62074,0,0,0,1,1,1,1,0,0,0
91015,Erris the Collector,,,,0,7,0,0,62074,0,0,0,1,1,1,1,0,0,0
91016,Erris the Collector,,,,0,7,0,0,62074,0,0,0,1,1,1,1,0,0,0
91017,Erris the Collector,,,,0,7,0,0,62074,0,0,0,1,1,1,1,0,0,0
91026,Kura Thunderhoof,,,,0,7,0,0,62438,0,0,0,1,1,1,1,0,0,0
91042,Koda Steelclaw,,Archdruid of the Claw,,0,7,0,0,63641,0,0,0,1,0,0,0,0,0,0
91073,Shadowfiend,,,,6,15,0,0,39541,0,0,0,1,0,0,0,0,0,0
91074,Fallen Priestess,,,,0,6,0,3,10702,0,0,0,1,0,0,0,0,0,0
91100,Brogozog,,,,4,3,0,0,62262,0,0,0,1,1,1,1,128279,0,0
91109,Malfurion Stormrage,,,,1,7,0,0,35095,0,0,0,1,0,0,0,0,0,0
91111,Cenarius,,,,1,7,0,0,66177,0,0,0,1,0,0,0,0,0,0
91113,Tide Behemoth,,,,4,7,0,0,62271,0,0,0,1,0,0,0,0,0,0
91114,Tide Behemoth,,,,4,7,0,0,62272,0,0,0,1,1,1,1,0,0,0
91115,Tide Behemoth,,,,4,7,0,0,62273,0,0,0,1,1,1,1,0,0,0
91121,Stoneblood Ravager,,,,0,7,0,3,63596,0,0,0,1,0,0,0,0,0,0
91131,Runas the Shamed,,,,0,7,0,0,67717,0,0,0,1,0,0,0,0,0,0
91156,Withered Exile,,,,0,7,0,0,68062,0,0,0,1,0,0,0,0,0,0
91159,Azurewing Keeper,,,,1,2,0,0,25195,0,0,0,1,0,0,0,88794,0,0
91187,Beacher,,,,4,4,0,0,61075,0,0,0,1,0,0,0,0,0,0
91188,Son of Beacher,,,,6,4,0,0,61076,0,0,0,1,0,0,0,0,0,0
91194,Bitterbrine Raider,,,,0,7,0,0,61623,0,0,0,1,0,0,0,88553,0,0
91203,Nightshade Consort,,,,0,3,0,0,60839,0,0,0,1,0,0,0,0,0,0
91204,Tideskorn Longaxe,,,,0,7,0,0,62319,62320,63102,63103,1,1,1,1,111373,0,0
91226,Graves,,,,0,12,0,0,62354,0,0,0,1,1,1,1,0,0,0
91241,Doom Lord,,,,1,3,0,0,62370,62401,62399,62400,1,1,1,1,124085,124085,0
91242,Solog Roark,,The Iron Shipwright,,0,7,0,0,62361,0,0,0,1,0,0,0,0,0,0
91251,Felsworn Bulwark,,,,0,7,0,0,63023,0,0,0,1,1,1,1,103951,108593,0
91252,Felsworn Bulwark,,,,0,7,0,0,62366,0,0,0,1,1,1,1,103951,108593,0
91259,Fel Imp,,,,0,3,0,0,62652,19718,62653,0,0,1,0,0,0,0,0
91270,Dread Infernal,,,,1,3,0,0,62374,62196,0,0,0,1,0,0,0,0,0
91272,Grappling Hook Bunny,,,,0,10,0,0,328,27823,0,0,0,1,0,0,0,0,0
91283,Dread Infernal,,,,1,3,0,0,62378,0,0,0,1,0,0,0,0,0,0
91289,Cailyn Paledoom,,Felsworn,,4,7,0,0,67183,0,0,0,1,0,0,0,134029,134030,0
91300,Grappling Hook Bunny,,,,0,10,0,0,328,27823,0,0,0,1,0,0,0,0,0
91305,Fel Iron Summoner,,,,1,7,0,0,62388,62389,0,0,1,0,0,0,0,0,0
91309,Barrow Wisp,,,,0,12,0,3,1825,0,0,0,1,1,1,1,0,0,0
91310,Barrow Wisp,,,,0,10,0,3,1825,0,0,0,1,1,1,1,0,0,0
91326,Gul'dan,,Lord of the Shadow Council,,1,7,0,3,62403,0,0,0,1,0,0,0,0,0,0
91332,Stoneclaw Hunter,,,,1,7,0,0,64667,0,0,0,1,1,1,1,36490,0,0
91335,Spores,,,,0,12,0,3,60974,0,0,0,1,1,1,1,0,0,0
91336,Dusty,,,,0,12,0,2,60618,0,0,0,1,1,1,1,0,0,0
91337,Salad,,,,0,12,0,0,60732,0,0,0,1,0,0,0,0,0,0
91338,Mouthy,,,,0,12,0,0,60016,0,0,0,1,0,0,0,0,0,0
91339,Carl,,,,0,12,0,0,58768,0,0,0,1,1,1,1,0,0,0
91340,Mal,,,,0,12,0,3,60864,0,0,0,1,1,1,1,0,0,0
91341,Enbi'see,,,,0,12,0,0,59130,0,0,0,1,0,0,0,0,0,0
91342,Bones,,,,0,12,0,2,60975,0,0,0,1,1,1,1,0,0,0
91343,Sprouts,,,,0,12,0,0,57824,0,0,0,1,1,1,1,0,0,0
91344,Runts,,,,0,12,0,0,58606,0,0,0,1,1,1,1,0,0,0
91345,Prince Charming,,,,0,12,0,0,47992,0,0,0,1,0,0,0,0,0,0
91346,Brisby,,,,0,12,0,0,2176,0,0,0,1,1,1,1,0,0,0
91347,Nicodemus,,,,0,12,0,0,2176,0,0,0,1,1,1,1,0,0,0
91349,Mannoroth,,,,1,3,0,0,62410,0,0,0,1,0,0,0,127648,0,0
91361,Kura Thunderhoof,,,,0,7,0,0,62438,0,0,0,1,1,1,1,0,0,0
91362,Kura Thunderhoof,,,,0,7,0,0,62438,0,0,0,1,1,1,1,0,0,0
91363,Kura Thunderhoof,,,,0,7,0,0,62438,0,0,0,1,1,1,1,0,0,0
91364,Kura Thunderhoof,,,,0,7,0,0,62438,0,0,0,1,1,1,1,0,0,0
91369,Mannoroth,,,,1,3,0,0,62417,0,0,0,1,0,0,0,127648,0,0
91375,Reshad,,Scrollkeeper,,0,7,0,0,57143,0,0,0,0,0,0,0,20468,0,0
91379,Senegos,,,,0,2,0,0,62419,0,0,0,1,0,0,0,0,0,0
91390,Kilrogg Deadeye,,,,1,7,0,0,62424,0,0,0,1,0,0,0,122528,0,0
91402,Vision of Queen Azshara,,,,1,7,0,0,62428,0,0,0,1,1,1,1,0,0,0
91407,Slithershock Elver,,,,0,14,0,0,62440,0,0,0,1,1,1,1,0,0,0
91408,Young Talbuk,,,,0,12,0,0,60609,0,0,0,1,0,0,0,0,0,0
91423,Hillstalker Worg,,,,0,1,1,0,70266,0,0,0,1,0,0,0,0,0,0
91450,Palebelly Croaker,,,,0,1,0,0,54643,0,0,0,1,0,0,0,0,0,0
91459,Naga Brute,,,,0,7,0,0,66813,0,0,0,1,1,1,1,120477,0,0
91472,Thistleleaf Menace,,,,0,7,0,0,70891,0,0,0,1,1,1,1,0,0,0
91474,Thistleleaf Ruffian,,,,0,7,0,0,70892,0,0,0,1,1,1,1,0,0,0
91479,Fen Tao,,,,0,7,0,0,62467,0,0,0,1,0,0,0,119602,0,0
91480,Doomguard,,,,1,10,0,0,19945,20930,63144,0,1,1,1,1,0,0,0
91496,Elothir,,Archdruid of Lore,,1,7,0,0,65511,0,0,0,1,0,0,0,0,0,0
91502,Undercity Guard,,,,0,6,0,0,62477,0,0,0,1,1,1,1,109640,110158,0
91529,Glimar Ironfist,,,,4,7,0,0,62488,0,0,0,0,1,1,1,0,0,0
91537,Bleakwater Helsquid,,,,0,1,0,0,63970,0,0,0,0,0,0,0,0,0,0
91542,Gul'dan,,Lord of the Shadow Council,,1,7,0,0,62495,0,0,0,1,0,0,0,0,0,0
91559,Peon Prisoner,,,,6,7,0,0,56405,55641,60956,60958,1,1,1,1,0,0,0
91565,Raging Tempest,,,,0,4,0,0,48256,0,0,0,0,1,0,0,0,0,0
91575,Kvaldir Soulflayer,,,,0,7,0,0,25633,28072,25773,23553,1,1,0,0,34058,0,0
91579,Doomlord Kazrok,,,,4,3,0,0,20915,0,0,0,1,1,1,1,0,0,0
91600,Blood Pillar Bunny,,,,0,10,0,0,20570,11686,0,0,0,1,0,0,0,0,0
91643,Azurewing Scalewarden,,,,1,2,0,3,70402,0,0,0,1,0,0,0,0,0,0
91670,Felguard Legionnaire,,,,0,3,0,0,62534,0,0,0,1,0,0,0,71445,0,0
91744,Dalaran Teleport Client Actor,,,,1,7,0,3,73421,0,0,0,1,0,0,0,0,0,0
91759,Felskorn Subduer,,,,0,3,0,0,62551,0,0,0,1,0,0,0,0,0,0
91795,Stormwing Matriarch,,,,4,2,0,0,67132,0,0,0,0,1,1,1,0,0,0
91799,Juvenile Stormwing,,,,0,2,0,3,70590,0,0,0,0,1,0,0,0,0,0
91803,Fathnyr,,,,4,2,0,0,67127,0,0,0,0,1,1,1,0,0,0
91823,Fel Pup,,,,0,12,0,0,61986,0,0,0,1,1,1,1,0,0,0
91825,Bay Hunter,,,,0,1,0,0,12209,12202,0,0,1,2,0,0,0,0,0
91847,Risen Hound,,,,0,6,52,0,64471,0,0,0,1,1,1,1,0,0,0
91866,Lord Maxwell Tyrosus,,,,1,7,0,0,62762,0,0,0,1,0,0,0,108923,0,0
91874,Bladesquall,,,,4,4,0,0,62651,0,0,0,0,1,1,1,0,0,0
91892,Thane Irglov the Merciless,,,,4,7,0,0,62359,0,0,0,1,1,1,1,40534,0,0
91893,Erling the Lightningborn,,Stormbreaker Champion,,0,7,0,0,62485,0,0,0,0,1,0,0,36543,0,0
91894,Strider Cuyler,,Pathfinder Champion,,0,7,0,0,62451,0,0,0,1,0,0,0,40534,40534,112340
91895,Asger Jarlborn,,Longaxe Champion,,0,7,0,0,69126,0,0,0,1,0,0,0,111373,0,0
91896,Grappling Hook Bunny,,,,0,10,0,0,328,27823,0,0,0,1,1,1,0,0,0
91911,Draenei Vindicator,,,,1,7,0,0,54463,0,0,0,1,0,0,0,111523,0,0
91913,Exarch Yrel,,,,1,7,0,0,54119,0,0,0,1,0,0,0,111523,0,0
91948,Geir,,The Eternal Nemesis,,1,5,0,0,24301,0,0,0,1,1,1,1,0,0,0
91949,Gnomeregan Tinkerer,,,,0,7,0,0,72227,72228,72233,72234,1,1,0,0,0,0,59367
91971,Grappling Hook Bunny,,,,0,10,0,0,328,27823,0,0,0,1,1,1,0,0,0
91981,Grappling Hook Bunny,,,,0,10,0,0,328,27823,0,0,0,1,1,1,0,0,0
91995,Gul'dan,,Lord of the Shadow Council,,1,7,0,0,62403,0,0,0,1,0,0,0,0,0,0
92019,Grappling Hook Bunny,,,,0,10,0,0,328,27823,0,0,0,1,1,1,0,0,0
92040,Fenri,,,,4,1,52,0,70084,0,0,0,1,1,1,1,0,0,0
92045,01 Grapple Point Marker,,,,0,10,0,0,328,27823,0,0,0,1,0,0,0,0,0
92056,02 Grapple Point Marker,,,,0,10,0,0,328,27823,0,0,0,1,0,0,0,0,0
92057,03 Grapple Point Marker,,,,0,10,0,0,328,27823,0,0,0,1,0,0,0,0,0
92061,Cannon,,,,0,9,0,0,45101,0,0,0,1,0,0,0,0,0,0
92064,Grappling Hook Bunny,,,,0,10,0,0,328,27823,0,0,0,1,1,1,0,0,0
92102,Gul'dan,,Lord of the Shadow Council,,1,7,0,0,59808,0,0,0,1,0,0,0,0,0,0
92104,Thistleleaf Rascal,,,,6,7,0,0,39802,0,0,0,1,0,0,0,88553,0,0
92117,Gorebeak,,,,4,1,7,3,31979,31981,0,0,1,0,1,1,0,0,0
92122,Gnomeregan Tinkerer,,,,0,7,0,0,72231,72232,72229,72230,0,0,1,1,0,0,59367
92123,Stormwind Guard,,,,0,7,0,0,3258,0,0,0,1,1,1,1,1899,143,0
92130,Solog Roark,,The Iron Shipwright,,0,7,0,0,62361,0,0,0,1,0,0,0,0,0,0
92132,Blood Mender,,,,0,7,0,0,62346,62347,62348,62349,1,1,1,1,89714,34206,0
92133,Silver Hand Mender,,,,0,7,0,0,62326,62327,62328,62329,1,1,1,1,132871,49160,0
92139,Blood Knight,,,,0,7,0,0,62155,62156,62157,62158,1,1,1,1,34298,0,0
92145,Silver Hand Protector,,,,0,7,0,0,62790,62791,62792,62793,1,1,1,1,132872,132874,0
92147,Silver Hand Protector,,,,0,7,0,0,62794,62795,62796,62797,1,1,1,1,132872,132874,0
92148,Silver Hand Protector,,,,0,7,0,0,62798,62799,62800,62801,1,1,1,1,132872,132874,0
92152,Whitewater Typhoon,,,,4,4,0,0,62814,0,0,0,1,1,1,1,0,0,0
92153,Defender of Argus,,,,0,7,0,0,62806,62807,62808,62809,1,1,1,1,105938,118555,0
92156,Fist of Argus,,,,0,7,0,0,62821,62822,62823,62824,1,1,1,1,106271,0,0
92158,Argus Purifier,,,,0,7,0,0,62831,62832,62833,62834,1,1,1,1,106268,115082,0
92170,Lord Solanar Bloodwrath,,,,1,7,0,0,22994,0,0,0,1,0,0,0,34311,0,0
92171,Knight-Lord Bloodvalor,,,,1,7,0,0,17199,0,0,0,1,0,0,0,34311,0,0
92172,Mehlar Dawnblade,,,,1,7,0,0,16851,0,0,0,1,0,0,0,26003,0,0
92173,Master Kelerun Bloodmourn,,,,1,7,0,0,17257,0,0,0,1,0,0,0,23673,24038,0
92174,Sunwalker Dezco,,,,0,7,0,0,62306,0,0,0,1,0,0,0,49357,38635,0
92175,Sunwalker Saern,,,,0,7,0,0,145208,0,0,0,1,1,1,1,108729,217807,0
92176,Sunwalker Reha,,,,0,7,0,0,145156,0,0,0,1,1,1,1,108731,94214,0
92177,Sunwalker Atohmo,,,,0,7,0,0,62778,0,0,0,1,0,0,0,30902,0,0
92180,Seersei,,,,4,7,0,2,63713,0,0,0,1,1,1,1,0,0,0
92205,Darkest Fear,,,,4,1,41,0,71272,0,0,0,1,1,1,1,0,0,0
92213,Archmage Khadgar,,Sons of Lothar,,1,7,0,0,56765,0,0,0,1,0,0,0,28067,0,0
92222,Darkfiend Corruptor,,,,0,3,0,0,2014,0,0,0,1,0,0,0,0,0,0
92228,Oronok Torn-heart,,,,0,7,0,0,62854,0,0,0,0,0,0,0,0,0,0
92286,Highlord of the Silver Hand,,,,1,10,0,0,1126,38795,0,0,0,1,0,0,0,0,0
92315,Grappling Hook Bunny,,,,0,10,0,3,328,27823,0,0,0,1,1,1,0,0,0
92346,Lady Liadrin,,Blood Knight Matriarch,,1,7,0,0,61971,0,0,0,1,1,1,1,163831,163832,0
92347,Aponi Brightmane,,Sunwalker Chieftain,,1,7,0,0,62788,0,0,0,1,0,0,0,42322,0,0
92368,Brother Wilhelm,,,,0,7,0,0,63005,0,0,0,1,0,0,0,14082,0,0
92369,Brother Sammuel,,,,0,7,0,0,63006,0,0,0,1,0,0,0,14082,0,0
92371,Azar Stronghammer,,,,0,7,0,0,63007,0,0,0,1,0,0,0,14082,0,0
92372,Bromos Grummner,,,,0,7,0,0,63008,0,0,0,1,0,0,0,14082,0,0
92373,Tiza Battleforge,,,,0,7,0,0,63009,0,0,0,1,0,0,0,14082,0,0
92376,Arthur the Faithful,,,,0,7,0,0,63010,0,0,0,1,0,0,0,14082,0,0
92378,Duthorian Rall,,,,0,7,0,0,63011,0,0,0,1,0,0,0,14082,0,0
92400,Vol'jin,,Warchief,,1,7,0,0,31232,0,0,0,100,0,0,0,14085,0,14118
92401,Durotan,,,,1,7,0,0,62056,0,0,0,1,0,0,0,94647,0,0
92419,Araxxas,,,,0,3,0,0,62553,0,0,0,1,0,0,0,0,0,0
92423,Theryssia,,,,4,6,0,0,8783,0,0,0,1,1,1,1,0,0,0
92455,Camera Bunny,,,,0,10,0,3,328,27823,0,0,0,1,0,0,0,0,0
92472,Aerial Diagnostic System,,,,0,9,0,0,32786,0,0,0,1,0,0,0,0,0,0
92488,Camera Bunny,,,,0,10,0,3,328,27823,0,0,0,1,0,0,0,0,0
92556,Tinkmaster Overspark,,Chief Architect of Gnomish Engineering,,0,7,0,0,7028,0,0,0,100,0,0,0,1903,0,0
92557,Sky Admiral Rogers,,,,0,7,0,0,45220,0,0,0,1,0,0,0,3364,2526,61576
92558,Arkethrax,,,,1,3,0,0,71715,0,0,0,1,0,0,0,85737,0,0
92564,Mo'arg Painbringer,,,,1,3,0,0,65304,0,0,0,1,1,1,1,128519,0,0
92583,Camera Bunny,,,,0,10,0,3,328,27823,0,0,0,1,0,0,0,0,0
92590,Hook,,,,4,6,0,0,27773,0,0,0,1,0,0,0,40534,0,0
92591,Sinker,,,,4,7,0,0,63163,0,0,0,1,0,0,0,50225,0,0
92608,Malgalor,,,,1,3,0,0,73674,0,0,0,1,1,1,1,28365,0,0
92622,Ram's Belly,,,,0,9,0,0,63894,0,0,0,1,0,0,0,0,0,0
92626,Deathguard Adams,,,,4,7,0,0,63196,0,0,0,1,1,1,1,25160,0,0
92718,Maiev Shadowsong,,,,1,7,0,0,20628,0,0,0,1,0,0,0,32425,0,27543
92735,Resting Dauorbjorn,,,,1,1,4,0,41014,0,0,0,0,0,0,0,0,0,0
92737,Altruis the Sufferer,,Illidari,,1,7,0,0,63985,0,0,0,1,0,0,0,0,0,0
92742,Ysera,,The Awakened,,1,7,0,0,62849,0,0,0,1,0,0,0,0,0,0
92751,Ivory Sentinel,,,,4,9,0,0,24814,0,0,0,1,1,1,1,0,0,0
92763,The Nameless King,,,,4,6,0,0,25940,0,0,0,0,1,1,1,43580,33220,0
92764,Valkyra Aspirant,,,,0,7,0,0,68954,0,0,0,1,0,1,1,124548,89116,140345
92788,Darkfiend Dreamtwister,,,,0,3,0,0,70884,0,0,0,1,0,0,0,0,0,0
92813,Wounded Druid,,,,0,7,0,0,63273,0,0,0,1,1,1,1,0,0,0
92841,Stormwing Hatchling,,,,6,2,0,3,70591,0,0,0,0,1,0,0,0,0,0
92889,Heimir of the Black Fist,,King of the Tideskorn,,0,6,0,0,63347,0,0,0,0,1,0,0,81396,0,0
92899,Karabor Vindicator,,,,0,7,0,0,59202,59203,59204,59206,1,1,1,1,118799,0,0
92900,Rangari Sharpshooter,,,,0,7,0,0,59675,59677,0,0,1,1,0,0,119175,0,119175
92906,Frostwolf,,,,0,1,1,0,52598,0,0,0,1,1,1,0,0,0,0
92918,Rythas the Oracle,,High Runeseer,,0,6,0,0,63369,0,0,0,0,1,0,0,0,0,0
92920,Oktel Dragonblood,,Thane of the Drekirjar,,0,6,0,0,63370,0,0,0,0,1,0,0,107703,107703,0
92927,Ariok,,,,0,7,0,0,63466,0,0,0,1,0,0,0,0,0,0
92930,Sky Admiral Rogers,,,,0,7,0,0,45220,0,0,0,1,0,0,0,3364,2526,61576
92932,Tinkmaster Overspark,,Chief Architect of Gnomish Engineering,,0,7,0,0,7028,0,0,0,100,0,0,0,1903,0,0
92951,Houndmaster Ely,,,,4,7,0,0,63377,0,0,0,1,0,0,0,56170,0,56170
92956,Attack Mastiff,,,,6,1,52,0,30211,0,0,0,1,1,1,1,0,0,0
92965,Darkshade,,,,4,6,0,0,64387,0,0,0,1,0,0,0,0,0,0
92972,Spirit Fragment,,,,0,10,0,3,328,27823,0,0,0,1,0,0,0,0,0
92985,Altruis the Sufferer,,Illidari,,1,7,0,0,63985,0,0,0,1,0,0,0,128360,128370,0
92987,Maiev Shadowsong,,,,1,7,0,0,63393,0,0,0,1,0,0,0,0,0,0
92988,Gul'dan,,Lord of the Shadow Council,,1,7,0,0,59808,0,0,0,1,0,0,0,0,0,0
92990,Sledge,,,,1,3,0,0,65304,0,0,0,1,0,0,0,0,0,0
93011,Kayn Sunfury,,Illidari,,1,7,0,0,61698,0,0,0,1,0,0,0,128359,128371,0
93030,Ironbranch,,Ancient of War,,4,4,0,0,65064,0,0,0,1,1,1,1,0,0,0
93061,Risen Saber,,,,0,6,0,0,62486,0,0,0,1,0,0,0,0,0,0
93065,Ysera,,,,1,7,0,0,66764,0,0,0,1,0,0,0,0,0,0
93066,Bonespeaker Runeaxe,,,,0,7,0,0,63414,65809,65810,65811,1,1,1,1,107112,107112,0
93070,Bonespeaker Carver,,,,0,7,0,0,64200,0,0,0,1,1,1,1,56230,0,0
93093,Runeseer Faljar,,,,1,7,0,0,64593,0,0,0,1,1,1,1,0,0,0
93094,Restless Ancestor,,,,0,6,0,3,63417,64729,63122,63112,1,1,1,1,0,0,0
93095,Voracious Bear,,,,0,1,4,0,33920,0,0,0,1,1,1,1,0,0,0
93142,Lost Netherpup,,,,0,12,0,0,63447,0,0,0,1,1,1,1,0,0,0
93143,Cinder Pup,,,,0,12,0,0,63446,0,0,0,1,1,1,1,0,0,0
93144,Durotan's Pride,,,,0,9,0,0,63474,0,0,0,1,0,0,0,0,0,0
93155,Tormented Dryad,,,,0,7,0,0,69207,0,0,0,1,0,0,0,6680,0,5870
93157,Defiled Grovewalker,,,,0,4,0,0,69789,0,0,0,1,0,0,0,0,0,0
93166,Tiptog the Lost,,,,4,5,0,0,34706,0,0,0,1,1,1,1,105954,0,0
93200,Tyrande's Prayer,,,,0,9,0,0,63476,0,0,0,1,0,0,0,0,0,0
93201,Spirit of Auberdine,,,,0,9,0,0,64388,0,0,0,1,0,0,0,0,0,0
93202,Light of the Naaru,,,,0,9,0,0,64375,0,0,0,1,0,0,0,0,0,0
93205,Thondrax,,Darkgrove Keeper,,4,3,0,0,64255,0,0,0,1,1,1,1,0,0,0
93329,Frenzybound Doe,,,,6,1,151,0,70576,0,0,0,1,0,0,0,0,0,0
93352,Periwinkle Calf,,,,0,12,0,0,58760,0,0,0,1,1,1,1,0,0,0
93371,Mordvigbjorn,,,,4,7,0,0,63533,0,0,0,0,1,1,1,0,0,0
93401,Urgev the Flayer,,Champion of the Runeaxes,,4,7,0,0,63553,0,0,0,0,1,1,1,124531,124531,0
93410,Vindicator Boros,,Triumvirate of the Hand,,1,7,0,0,63585,0,0,0,1,0,0,0,105940,126759,0
93437,Highlord Darion Mograine,,,,1,7,0,0,30869,0,0,0,0,1,1,1,50252,0,0
93471,Knight of the Ebon Blade,,,,1,6,0,0,63575,63576,63577,63578,1,1,1,1,117049,0,0
93483,Nightmare Bell,,,,0,12,0,3,63584,0,0,0,0,0,0,0,0,0,0
93547,Obsidian Watcher,,,,0,6,0,0,25753,0,0,0,1,0,0,0,0,0,0
93548,Voragosa,,,,1,6,0,3,27981,0,0,0,1,0,0,0,0,0,0
93555,Amal'thazad,,,,1,6,0,0,25468,0,0,0,1,0,0,0,0,0,0
93556,Savage Felbat,,,,0,3,0,3,65204,0,0,0,1,1,1,1,0,0,0
93577,Smolderhide Chanter,,,,0,7,0,0,63591,0,0,0,1,0,0,0,106879,0,0
93584,Tideskorn Shieldmaiden,,,,0,7,0,0,68913,68916,70977,70976,1,1,1,1,127346,77408,0
93597,Doom Lord Xorgok,,,,1,3,0,0,62370,62401,62399,62400,1,0,0,0,124085,124085,0
93598,Doom Lord Asrogol,,,,1,3,0,0,62370,62401,62399,62400,0,1,0,0,124085,124085,0
93599,Doom Lord Usael,,,,1,3,0,0,62370,62401,62399,62400,0,0,1,0,124085,124085,0
93605,Doom Lord Kaz'eth,,,,1,3,0,0,62370,62401,62399,62400,0,0,0,1,124085,124085,0
93622,Mortiferous,,,,2,3,0,0,63166,0,0,0,1,0,0,0,138757,0,0
93654,Skul'vrax,,,,4,3,0,0,21122,0,0,0,1,1,1,1,0,0,0
93661,Gul'dan,,Lord of the Shadow Council,,1,7,0,0,62403,0,0,0,1,0,0,0,0,0,0
93684,Malicious Sprite,,,,6,7,0,0,41876,63659,0,0,1,1,0,0,55146,0,0
93686,Jinikki the Puncturer,,,,4,7,0,0,50910,0,0,0,1,0,0,0,132258,0,0
93692,VFX Bunny,,,,6,10,0,3,11686,0,0,0,1,0,0,0,0,0,0
93705,Eversong,,,,0,9,0,0,63647,0,0,0,1,0,0,0,0,0,0
93707,Priestess of Dementia,,Servant of Illidan,,0,3,0,0,64780,0,0,0,1,0,0,0,0,0,0
93708,Thunder Bluff Brave,,,,0,7,0,0,73067,73068,0,0,1,1,0,0,12754,0,0
93745,Small Fire,,,,0,10,0,0,47399,11686,0,0,0,1,0,0,0,0,0
93748,Medium Fire,,,,0,10,0,0,47399,11686,0,0,0,1,0,0,0,0,0
93808,Ghostshell Crab,,,,0,12,0,0,63691,0,0,0,1,1,1,1,0,0,0
93814,Blorp,,,,0,12,0,0,63693,0,0,0,0,0,0,0,0,0,0
93819,Val'kyr of Odyn,,,,0,7,0,3,67162,67161,0,0,1,1,0,0,0,0,0
93879,Lady Liadrin,,Blood Knight Matriarch,,1,7,0,0,61971,0,0,0,1,1,1,1,163831,163832,0
93880,Vindicator Boros,,Triumvirate of the Hand,,1,7,0,0,63504,0,0,0,1,0,0,0,105940,126759,0
93882,Aponi Brightmane,,Sunwalker Chieftain,,1,7,0,0,62305,0,0,0,1,0,0,0,42322,0,0
93919,Lord Solanar Bloodwrath,,,,1,7,0,0,22994,0,0,0,1,0,0,0,34311,0,0
93920,Knight-Lord Bloodvalor,,,,1,7,0,0,17199,0,0,0,1,0,0,0,34311,0,0
93929,Lady Liadrin,,Blood Knight Matriarch,,0,7,0,0,61971,0,0,0,1,1,1,1,163831,163832,0
93933,Khadgar's Servant,,,,1,4,0,0,19113,0,0,0,1,0,0,0,0,0,0
93980,Generic Bunny,,,,0,10,0,0,20570,11686,0,0,0,1,0,0,0,0,0
93994,Lady Liadrin,,Blood Knight Matriarch,,1,7,0,0,61971,0,0,0,1,1,1,1,163831,163832,0
93995,Knight-Lord Bloodvalor,,,,1,7,0,0,17199,0,0,0,1,0,0,0,34311,0,0
93996,Lord Solanar Bloodwrath,,,,1,7,0,0,22994,0,0,0,1,0,0,0,34311,0,0
94000,Lady Liadrin,,Blood Knight Matriarch,,1,7,0,0,61971,0,0,0,1,1,1,1,163831,163832,0
94001,Knight-Lord Bloodvalor,,,,1,7,0,0,17199,0,0,0,1,0,0,0,34311,0,0
94002,Lord Solanar Bloodwrath,,,,1,7,0,0,22994,0,0,0,1,0,0,0,34311,0,0
94003,Lady Liadrin,,Blood Knight Matriarch,,1,7,0,0,61971,0,0,0,1,1,1,1,163831,163832,0
94004,Knight-Lord Bloodvalor,,,,1,7,0,0,17199,0,0,0,1,0,0,0,34311,0,0
94005,Lord Solanar Bloodwrath,,,,1,7,0,0,22994,0,0,0,1,0,0,0,34311,0,0
94011,Lady Liadrin,,Blood Knight Matriarch,,1,7,0,0,61971,0,0,0,1,1,1,1,163831,163832,0
94012,Knight-Lord Bloodvalor,,,,1,7,0,0,17199,0,0,0,1,0,0,0,34311,0,0
94013,Lord Solanar Bloodwrath,,,,1,7,0,0,22994,0,0,0,1,0,0,0,34311,0,0
94015,Supreme Lord Kazzak,,,,1,3,0,0,64119,0,0,0,1,1,1,1,124085,0,0
94023,Lady Liadrin,,Blood Knight Matriarch,,1,7,0,0,61971,0,0,0,1,1,1,1,163831,163832,0
94036,Aponi Brightmane,,Sunwalker Chieftain,,0,7,0,0,62305,0,0,0,1,0,0,0,42322,0,0
94037,Vindicator Boros,,Triumverate of the Hand,,0,7,0,0,63504,0,0,0,1,0,0,0,105940,126759,0
94054,Cordana Felsong,,Warden,,1,7,0,0,63893,0,0,0,1,0,0,0,32425,0,0
94084,Nightfallen Fanatic,,,,1,7,0,0,22845,0,0,0,1,0,0,0,0,0,0
94086,Azsuna Bear,,,,1,7,0,0,62636,0,0,0,1,0,0,0,0,0,0
94092,Azsuna Mana Wyrm,,,,1,4,0,0,62387,0,0,0,1,0,0,0,0,0,0
94096,Coral Breaker,,,,1,7,0,0,32568,0,0,0,1,0,0,0,0,0,0
94103,Lady Liadrin,,Blood Knight Matriarch,,1,7,0,0,61971,0,0,0,1,1,1,1,163831,163832,0
94104,Knight-Lord Bloodvalor,,,,1,7,0,0,17199,0,0,0,1,0,0,0,34311,0,0
94105,Lord Solanar Bloodwrath,,,,1,7,0,0,22994,0,0,0,1,0,0,0,34311,0,0
94110,Druid of the Moon,,,,0,7,0,0,63273,64036,64037,64038,1,1,1,1,0,0,0
94111,Lady Liadrin,,Blood Knight Matriarch,,1,7,0,0,61971,0,0,0,1,1,1,1,163831,163832,0
94119,Lady Liadrin,,Blood Knight Matriarch,,1,7,0,0,61971,0,0,0,1,1,1,1,163831,163832,0
94121,Aponi Brightmane,,Sunwalker Chieftain,,1,7,0,0,62305,0,0,0,1,0,0,0,42322,0,0
94123,Wrathion,,The Black Prince,,1,2,0,0,497,0,0,0,1,0,0,0,0,0,0
94127,Silver Hand Knight,,,,0,7,0,0,61955,61956,61957,61958,1,1,1,1,2557,0,0
94129,Silver Hand Mender,,,,0,7,0,0,62326,62327,62328,62329,1,1,1,1,13312,49160,0
94131,Silver Hand Protector,,,,0,7,0,0,62790,62791,62792,62793,1,1,1,1,25127,72983,0
94132,Silver Hand Protector,,,,0,7,0,0,62794,62795,62796,62797,1,1,1,1,25127,72983,0
94135,Silver Hand Protector,,,,0,7,0,0,62798,62799,62800,62801,1,1,1,1,25127,72983,0
94141,Garona Halforcen,,,,1,7,0,0,69541,0,0,0,1,0,0,0,61297,61297,0
94145,Vol'mar Grunt,,,,1,7,0,0,55581,55579,0,0,1,1,1,1,90032,0,0
94146,Lion's Watch Footman,,,,1,7,0,0,53840,53909,53835,53910,1,1,1,1,1899,143,0
94164,The Lich King,,,,1,10,0,3,16480,26241,0,0,0,1,0,0,0,0,0
94174,Lord Maxwell Tyrosus,,,,0,7,0,0,66765,0,0,0,1,0,0,0,108923,0,0
94175,Vindicator Boros,,Triumvirate of the Hand,,1,7,0,0,63585,0,0,0,1,0,0,0,105940,126759,0
94178,Moira's Hammer,,,,0,9,0,0,63895,0,0,0,1,0,0,0,0,0,0
94202,Cannon Barrage Bunny,,,,6,10,0,3,11686,0,0,0,1,0,0,0,0,0,0
94209,Stormwind Knight,,,,0,7,0,0,73090,73089,0,0,2,1,1,1,1899,117413,0
94229,Karabor Citizen,,,,0,7,0,0,59941,59943,59938,59940,1,1,1,1,0,0,0
94243,Sound Test Creature,,,,0,7,0,0,94012,94009,94010,94020,1,1,1,1,0,0,0
94244,Sound Test Creature,,,,0,7,0,0,93168,0,0,0,1,1,1,1,179382,0,0
94257,Spirit of Prophet Velen,,,,1,7,0,0,63922,0,0,0,1,0,0,0,35714,0,0
94261,Bitestone Rockbeater,,,,0,7,0,0,64985,0,0,0,1,0,0,0,133776,0,0
94287,Oakin Ironbull,,,,0,7,0,0,65464,0,0,0,1,0,0,0,0,0,0
94313,"Daniel ""Boomer"" Vorick",,Master Demolitionist,,4,7,0,0,63930,0,0,0,1,1,1,1,0,0,110599
94354,Spirit of Ga'nar,,,,1,7,0,0,49191,0,0,0,1,0,0,0,0,0,0
94362,Mannoroth,,,,1,3,0,0,63958,0,0,0,1,0,0,0,0,0,0
94375,Felsoul Stalker,,,,0,3,0,0,62512,0,0,0,1,0,0,0,0,0,0
94413,Isel the Hammer,,Forger of Shields,,4,9,0,0,69471,0,0,0,1,1,1,1,109597,52524,0
94414,Kiranys Duskwhisper,,,,4,7,0,0,63999,0,0,0,1,1,1,1,28633,0,0
94429,Solog Roark,,The Iron Shipwright,,0,7,0,0,62361,0,0,0,1,1,1,1,0,0,0
94485,Pollous the Fetid,,,,4,4,0,0,49027,0,0,0,1,1,1,1,0,0,0
94503,Dreadflight Enforcer,,,,0,3,0,0,63778,0,0,0,1,0,0,0,0,0,0
94506,Fetid Marsh Spray,,,,0,4,0,0,39411,0,0,0,1,0,0,0,0,0,0
94507,Enraged Ambershard,,,,0,4,0,0,67772,0,0,0,1,0,0,0,0,0,0
94548,Fel Seeker,,,,1,7,0,0,62511,0,0,0,1,0,0,0,0,0,0
94549,Eredar Supplicant,,,,1,7,0,0,29353,0,0,0,1,0,0,0,113451,0,0
94552,Legion Infernal,,,,1,7,0,0,62261,0,0,0,1,0,0,0,0,0,0
94564,Salteye Tide-Shaman,,,,1,7,0,0,486,0,0,0,1,0,0,0,0,0,0
94565,Sea Skrog,,,,1,7,0,0,25659,0,0,0,1,0,0,0,0,0,0
94568,Lady Liadrin,,Blood Knight Matriarch,,1,7,0,0,61971,0,0,0,1,1,1,1,163831,163832,0
94569,Matron Mother Malevolence,,Shivarra Captain,,1,3,0,0,64013,0,0,0,1,0,0,0,0,0,0
94573,Uther The Lightbringer,,Knights of the Silver Hand,,1,7,0,0,30821,0,0,0,1,0,0,0,37579,12860,0
94579,Highmountain Defender,,,,1,7,0,0,63943,63946,0,0,1,1,0,0,34818,36449,0
94601,Felsworn Sentry,,,,0,14,0,0,64112,0,0,0,1,1,1,1,0,0,0
94610,Dargrul,,The Underking,,1,7,0,0,62392,0,0,0,1,1,0,0,132179,0,0
94611,Totem,,,,0,11,0,0,54900,0,0,0,1,0,0,0,0,0,0
94613,Totem,,,,0,11,0,0,54902,0,0,0,1,0,0,0,0,0,0
94623,Corrupted Nest Guardian,,,,0,12,0,0,64097,0,0,0,1,1,1,1,0,0,0
94635,Doctor DB 2,,,,0,14,0,0,55961,0,0,0,1,1,1,1,0,0,0
94636,Kalazzius the Guileful,,,,4,3,0,0,64296,0,0,0,1,0,0,0,0,0,0
94637,Corrupted Thundertail,,,,0,14,0,0,64118,0,0,0,1,1,1,1,0,0,0
94638,Chaos Pup,,,,0,14,0,0,64123,0,0,0,1,1,1,1,0,0,0
94639,Cursed Spirit,,,,0,14,0,0,64128,0,0,0,1,1,1,1,0,0,0
94640,Felfly,,,,0,14,0,0,64129,0,0,0,1,1,1,1,0,0,0
94641,Tainted Maulclaw,,,,0,14,0,0,64130,0,0,0,1,1,1,1,0,0,0
94642,Direflame,,,,0,14,0,0,64131,0,0,0,1,1,1,1,0,0,0
94643,Mirecroak,,,,0,14,0,0,53776,0,0,0,1,1,1,1,0,0,0
94644,Dark Gazer,,,,0,14,0,0,46582,0,0,0,1,1,1,1,0,0,0
94645,Bleakclaw,,,,0,14,0,3,64133,0,0,0,1,1,1,1,0,0,0
94646,Vile Blood of Draenor,,,,0,14,0,0,64134,0,0,0,1,1,1,1,0,0,0
94647,Dreadwalker,,,,0,14,0,0,64135,0,0,0,1,1,1,1,0,0,0
94648,Netherfist,,,,0,14,0,0,64136,0,0,0,1,1,1,1,0,0,0
94649,Skrillix,,,,0,14,0,0,62185,0,0,0,1,1,1,1,0,0,0
94650,Defiled Earth,,,,0,14,0,0,64127,0,0,0,1,1,1,1,0,0,0
94687,Infectious Worm,,,,0,1,42,0,68370,0,0,0,1,0,0,0,0,0,0
94699,Magnar Icebreaker,,Wielder of the Blackwyrm Armaments,,1,6,0,0,64124,0,0,0,1,0,0,0,128288,128289,0
94712,Twisted Reflection,,,,0,3,0,0,23767,0,0,0,1,0,0,0,0,0,0
94722,Meteor,,,,1,3,0,0,31341,0,0,0,0,0,0,0,0,0,0
94738,Eitrigg,,,,1,7,0,0,36191,0,0,0,1,0,0,0,10612,0,0
94774,Sea Monster,,,,1,4,0,0,64158,0,0,0,1,0,0,0,0,0,0
94775,The Dealmaker,,,,0,9,0,0,63647,0,0,0,1,0,0,0,0,0,0
94776,The Loan Shark,,,,0,9,0,0,63647,0,0,0,1,0,0,0,0,0,0
94778,The Briny Expedition,,,,0,9,0,0,63647,0,0,0,1,0,0,0,0,0,0
94780,Hoard of Gallywix,,,,0,9,0,0,63475,0,0,0,1,0,0,0,0,0,0
94781,Maiev's Blade,,,,0,9,0,0,64388,0,0,0,1,0,0,0,0,0,0
94782,Theramore's Revenge,,,,0,9,0,0,64388,0,0,0,1,0,0,0,0,0,0
94783,The Dawnchaser,,,,0,9,0,0,63474,0,0,0,1,0,0,0,0,0,0
94784,Lor'themar's Arrow,,,,0,9,0,0,63474,0,0,0,1,0,0,0,0,0,0
94785,Echo Hunter,,,,0,9,0,0,63647,0,0,0,1,0,0,0,0,0,0
94786,Yrel's Command,,,,0,9,0,0,63895,0,0,0,1,0,0,0,0,0,0
94787,Rage of the Storm,,,,0,9,0,0,63895,0,0,0,1,0,0,0,0,0,0
94788,Greymane's Pride,,,,0,9,0,0,63895,0,0,0,1,0,0,0,0,0,0
94790,Chen's Favorite Brew,,,,0,9,0,0,63894,0,0,0,1,0,0,0,0,0,0
94791,Kobold's Candle,,,,0,9,0,0,63894,0,0,0,1,0,0,0,0,0,0
94792,Acheon Kor,,,,0,9,0,0,63894,0,0,0,1,0,0,0,0,0,0
94793,Falstad's Return,,,,0,9,0,0,64375,0,0,0,1,0,0,0,0,0,0
94794,Protector of the Pack,,,,0,9,0,0,64375,0,0,0,1,0,0,0,0,0,0
94795,Varian's Blade,,,,0,9,0,0,64375,0,0,0,1,0,0,0,0,0,0
94797,Gnomercy,,,,0,9,0,0,63476,0,0,0,1,0,0,0,0,0,0
94798,Mekkatorque's Secret,,,,0,9,0,0,63476,0,0,0,1,0,0,0,0,0,0
94799,The Briny Expedition,,,,0,9,0,0,63476,0,0,0,1,0,0,0,0,0,0
94836,Varedis Felsoul,,,,0,3,0,0,67368,0,0,0,1,0,0,0,127829,127830,0
94852,Fey Moonwing,,,,0,2,303,0,68270,0,0,0,1,1,1,1,0,0,0
94856,Priestess of Eyir,,,,0,7,0,0,68940,0,0,0,1,1,1,1,0,0,0
94864,Cymre Brightblade,,The Reliquary,,0,7,0,0,57982,0,0,0,1,1,1,1,107254,0,0
94867,Left Shark,,,,0,12,0,3,64194,0,0,0,1,0,0,0,0,0,0
94877,Brogrul the Mighty,,,,4,7,0,0,64340,0,0,0,1,0,0,0,133777,133777,0
94879,Tyrande Whisperwind,,,,0,7,0,0,64709,0,0,0,1,1,1,1,77365,0,77364
94880,Totem,,,,0,11,0,0,30762,0,0,0,1,0,0,0,0,0,0
94881,Totem,,,,0,11,0,0,30763,0,0,0,1,0,0,0,0,0,0
94882,Totem,,,,0,11,0,0,19074,0,0,0,1,0,0,0,0,0,0
94883,Totem,,,,0,11,0,0,19075,0,0,0,1,0,0,0,0,0,0
94884,Totem,,,,0,11,0,0,30758,0,0,0,1,0,0,0,0,0,0
94885,Totem,,,,0,11,0,0,30759,0,0,0,1,0,0,0,0,0,0
94886,Totem,,,,0,11,0,0,30754,0,0,0,1,0,0,0,0,0,0
94887,Totem,,,,0,11,0,0,30755,0,0,0,1,0,0,0,0,0,0
94888,Totem,,,,0,11,0,0,30783,0,0,0,1,0,0,0,0,0,0
94889,Totem,,,,0,11,0,0,30784,0,0,0,1,0,0,0,0,0,0
94890,Totem,,,,0,11,0,0,4589,0,0,0,1,0,0,0,0,0,0
94891,Totem,,,,0,11,0,0,4587,0,0,0,1,0,0,0,0,0,0
94892,Totem,,,,0,11,0,0,41670,0,0,0,1,0,0,0,0,0,0
94893,Totem,,,,0,11,0,0,41671,0,0,0,1,0,0,0,0,0,0
94898,Mana Orb,,,,0,1,0,0,58836,0,0,0,1,1,1,0,0,0,0
94925,Lady Sylvanas Windrunner,,,,0,7,0,0,64711,0,0,0,1,0,0,0,0,0,42775
94927,Crusher,,,,0,12,0,0,64222,0,0,0,1,1,1,1,116913,0,0
94931,Lumbering Kodo,,,,0,9,0,0,63894,0,0,0,1,0,0,0,0,0,0
94932,The Abomination,,,,0,9,0,0,63894,0,0,0,1,0,0,0,0,0,0
94933,Chen's Favorite Brew,,,,0,9,0,0,63894,0,0,0,1,0,0,0,0,0,0
94934,Razormane's Dread,,,,0,9,0,0,63894,0,0,0,1,0,0,0,0,0,0
94935,Wail of the Banshee Queen,,,,0,9,0,0,64376,0,0,0,1,0,0,0,0,0,0
94936,Vol'jin's Glaive,,,,0,9,0,0,63474,0,0,0,1,0,0,0,0,0,0
94937,Strength and Honor,,,,0,9,0,0,64376,0,0,0,1,0,0,0,0,0,0
94938,Baine's Vengeance,,,,0,9,0,0,64376,0,0,0,1,0,0,0,0,0,0
94939,Slice of Undeath,,,,0,9,0,0,63475,0,0,0,1,0,0,0,0,0,0
94940,Rommath's Fire,,,,0,9,0,0,63475,0,0,0,1,0,0,0,0,0,0
94941,Fizzcrank's Launching,,,,0,9,0,0,64388,0,0,0,1,0,0,0,0,0,0
94942,Liadrin's Shield,,,,0,9,0,0,63475,0,0,0,1,0,0,0,0,0,0
94946,Arthas Menethil,,,,0,7,0,0,64712,0,0,0,0,0,0,0,37579,0,0
94953,Altruis the Sufferer,,Illidari,,1,7,0,0,63985,0,0,0,1,0,0,0,128360,128370,0
94983,Crawliac Skywitch,,,,0,7,0,2,63604,0,0,0,1,0,0,0,0,0,0
95005,Altruis the Sufferer,,Illidari,,1,7,0,0,63985,0,0,0,1,0,0,0,128360,128370,0
95011,Altruis the Sufferer,,Illidari,,1,7,0,0,63985,0,0,0,1,0,0,0,128360,128370,0
95012,Nethrandamus,,Altruis the Sufferer's Companion,,1,2,0,3,62039,0,0,0,1,0,0,0,0,0,0
95014,Malfurion Stormrage,,,,1,7,0,3,38042,0,0,0,1,1,1,1,0,0,0
95015,Altruis the Sufferer,,Illidari,,1,7,0,0,63985,0,0,0,1,0,0,0,128360,128370,0
95016,Nethrandamus,,Altruis the Sufferer's Companion,,1,2,0,3,62039,0,0,0,1,0,0,0,0,0,0
95019,Altruis the Sufferer,,Illidari,,1,7,0,0,63985,0,0,0,1,0,0,0,128360,128370,0
95020,Altruis the Sufferer,,Illidari,,1,7,0,0,63985,0,0,0,1,0,0,0,128360,128370,0
95025,Vile Stalker,,,,1,7,0,0,62511,0,0,0,1,0,0,0,0,0,0
95033,Altruis the Sufferer,,Illidari,,1,7,0,0,63985,0,0,0,1,0,0,0,128360,128370,0
95063,Allari the Souleater,,Illidari,,1,7,0,0,60079,0,0,0,1,0,0,0,122430,0,0
95071,Rotwood Sapling,,,,6,4,0,0,70174,0,0,0,1,0,0,0,0,0,0
95096,Allari the Souleater,,Illidari,,1,7,0,0,60079,0,0,0,1,1,1,1,122430,0,0
95123,Grelda the Hag,,,,4,7,0,3,65231,0,0,0,1,1,1,1,0,0,0
95133,Altruis the Sufferer,,Illidari,,1,7,0,0,63985,0,0,0,1,0,0,0,128360,128370,0
95138,Wormtalon Witch,,,,0,7,0,3,64298,0,0,0,1,0,0,0,0,0,0
95152,Wormtalon Huntress,,,,0,7,0,0,64302,0,0,0,1,0,0,0,0,0,0
95160,Vrykul,,,,0,7,0,0,64305,0,0,0,1,1,1,1,0,0,0
95161,Eredar Riftweaver,,,,1,7,0,0,63047,0,0,0,1,0,0,0,113988,0,0
95163,Felguard Invader,,,,1,7,0,0,62534,0,0,0,1,0,0,0,119458,0,0
95178,Halvonoth,,,,1,3,0,0,62555,0,0,0,1,0,0,0,0,0,0
95204,Oubdob da Smasher,,,,2,5,0,0,67881,0,0,0,1,0,0,0,105954,0,0
95208,Altruis the Sufferer,,Illidari,,1,7,0,0,63985,0,0,0,1,0,0,0,128360,128370,0
95216,Master of the Vaults,,,,0,10,0,0,21955,11686,0,0,0,1,0,0,0,0,0
95221,Mad Henryk,,,,4,7,0,0,64327,0,0,0,1,0,0,0,0,0,108426
95237,Altruis the Sufferer,,Illidari,,1,7,0,0,63985,0,0,0,1,0,0,0,128360,128370,0
95238,Allari the Souleater,,Illidari,,1,7,0,0,60079,0,0,0,1,0,0,0,122430,0,0
95240,Kayn Sunfury,,Illidari,,1,7,0,0,61698,0,0,0,1,0,0,0,128359,128371,0
95241,Jace Darkweaver,,Illidari,,1,7,0,0,60791,0,0,0,1,0,0,0,128360,128370,0
95242,Falara Nightsong,,Illidari Provisioner,,0,7,0,0,61734,0,0,0,1,1,1,1,5597,5597,0
95243,Mannethrel Darkstar,,Illidari,,0,7,0,0,61732,0,0,0,1,0,0,0,0,0,0
95244,Belath Dawnblade,,Illidari,,0,7,0,0,60090,0,0,0,1,0,0,0,0,0,0
95246,Izal Whitemoon,,Illidari,,1,7,0,0,60550,0,0,0,1,0,0,0,128358,128372,0
95270,Bewitched Bear,,,,0,1,4,0,23966,0,0,0,1,0,0,0,0,0,0
95284,Felsoul Chaosweaver,,,,0,3,0,0,64362,64363,0,0,1,1,0,0,0,0,0
95308,Coven Bloodscreamer,,,,0,7,0,3,63596,0,0,0,1,0,0,0,0,0,0
95310,Witchwood Hag,,,,0,7,0,2,63596,0,0,0,1,0,0,0,0,0,0
95318,Perrexx,,,,4,3,0,0,64801,0,0,0,1,1,1,1,0,0,108627
95330,Memory of Magni,,,,0,9,0,0,64388,0,0,0,1,0,0,0,0,0,0
95331,Ysera's Dream,,,,0,9,0,0,64388,0,0,0,1,0,0,0,0,0,0
95332,Light's Hope,,,,0,9,0,0,64388,0,0,0,1,0,0,0,0,0,0
95333,Master's Call,,,,0,9,0,0,64388,0,0,0,1,0,0,0,0,0,0
95334,The Blightcaller,,,,0,9,0,0,63475,0,0,0,1,0,0,0,0,0,0
95335,Ysera's Dream,,,,0,9,0,0,63475,0,0,0,1,0,0,0,0,0,0
95336,Light's Hope,,,,0,9,0,0,63475,0,0,0,1,0,0,0,0,0,0
95337,Master's Call,,,,0,9,0,0,63475,0,0,0,1,0,0,0,0,0,0
95338,The Counterspell,,,,0,9,0,0,64388,0,0,0,1,0,0,0,0,0,0
95339,Hammer of Justice,,,,0,9,0,0,64388,0,0,0,1,0,0,0,0,0,0
95340,The Counterspell,,,,0,9,0,0,63475,0,0,0,1,0,0,0,0,0,0
95341,Hammer of Justice,,,,0,9,0,0,63475,0,0,0,1,0,0,0,0,0,0
95342,The Surging Mist,,,,0,9,0,0,63895,0,0,0,1,0,0,0,0,0,0
95343,Tiger's Palm,,,,0,9,0,0,63895,0,0,0,1,0,0,0,0,0,0
95344,Ra-Den's Lightning,,,,0,9,0,0,63895,0,0,0,1,0,0,0,0,0,0
95345,Tyr's Hand,,,,0,9,0,0,63895,0,0,0,1,0,0,0,0,0,0
95346,Tortolla's Shield,,,,0,9,0,0,63895,0,0,0,1,0,0,0,0,0,0
95347,Bladefist's Undoing,,,,0,9,0,0,63895,0,0,0,1,0,0,0,0,0,0
95348,The Surging Mist,,,,0,9,0,0,63474,0,0,0,1,0,0,0,0,0,0
95349,Tiger's Palm,,,,0,9,0,0,63474,0,0,0,1,0,0,0,0,0,0
95350,Ra-den's Lightning,,,,0,9,0,0,63474,0,0,0,1,0,0,0,0,0,0
95351,Tyr's Hand,,,,0,9,0,0,63474,0,0,0,1,0,0,0,0,0,0
95352,Tortolla's Shield,,,,0,9,0,0,63474,0,0,0,1,0,0,0,0,0,0
95353,Bladefist's Undoing,,,,0,9,0,0,63474,0,0,0,1,0,0,0,0,0,0
95354,Algalon's Watch,,,,0,9,0,0,64375,0,0,0,1,0,0,0,0,0,0
95355,Mimiron's Folly,,,,0,9,0,0,64375,0,0,0,1,0,0,0,0,0,0
95356,Thorim's Hammer,,,,0,9,0,0,64375,0,0,0,1,0,0,0,0,0,0
95357,Arthas's Downfall,,,,0,9,0,0,64375,0,0,0,1,0,0,0,0,0,0
95358,Soul Reaper,,,,0,9,0,0,64375,0,0,0,1,0,0,0,0,0,0
95359,The Spellweaver,,,,0,9,0,0,64375,0,0,0,1,0,0,0,0,0,0
95360,Algalon's Watch,,,,0,9,0,0,64376,0,0,0,1,0,0,0,0,0,0
95361,Mimiron's Folly,,,,0,9,0,0,64376,0,0,0,1,0,0,0,0,0,0
95362,Thorim's Hammer,,,,0,9,0,0,64376,0,0,0,1,0,0,0,0,0,0
95363,Arthas's Downfall,,,,0,9,0,0,64376,0,0,0,1,0,0,0,0,0,0
95364,Soul Reaper,,,,0,9,0,0,64376,0,0,0,1,0,0,0,0,0,0
95365,The Spellweaver,,,,0,9,0,0,64376,0,0,0,1,0,0,0,0,0,0
95366,Aviana's Feather,,,,0,9,0,0,63476,0,0,0,1,0,0,0,0,0,0
95367,Xuen's Paw,,,,0,9,0,0,63476,0,0,0,1,0,0,0,0,0,0
95368,Neltharion's Madness,,,,0,9,0,0,63476,0,0,0,1,0,0,0,0,0,0
95369,Cheap Shot,,,,0,9,0,0,63476,0,0,0,1,0,0,0,0,0,0
95370,Golin's Bane,,,,0,9,0,0,63476,0,0,0,1,0,0,0,0,0,0
95371,The Prowler,,,,0,9,0,0,63476,0,0,0,1,0,0,0,0,0,0
95372,Aviana's Feather,,,,0,9,0,0,63647,0,0,0,1,0,0,0,0,0,0
95373,Xuen's Paw,,,,0,9,0,0,63647,0,0,0,1,0,0,0,0,0,0
95374,Neltharion's Madness,,,,0,9,0,0,63647,0,0,0,1,0,0,0,0,0,0
95375,Cheap Shot,,,,0,9,0,0,63647,0,0,0,1,0,0,0,0,0,0
95376,Golin's Bane,,,,0,9,0,0,63647,0,0,0,1,0,0,0,0,0,0
95377,The Prowler,,,,0,9,0,0,63647,0,0,0,1,0,0,0,0,0,0
95379,Unwashed Yak,,,,0,9,0,0,63894,0,0,0,1,0,0,0,0,0,0
95380,The Libation,,,,0,9,0,0,63894,0,0,0,1,0,0,0,0,0,0
95381,The Cloud Serpent,,,,0,9,0,0,63894,0,0,0,1,0,0,0,0,0,0
95382,Trick of the Trade,,,,0,9,0,0,63894,0,0,0,1,0,0,0,0,0,0
95383,The Sea Foam,,,,0,9,0,0,63894,0,0,0,1,0,0,0,0,0,0
95384,The Hungry Riverbeast,,,,0,9,0,0,63894,0,0,0,1,0,0,0,0,0,0
95385,Unwashed Yak,,,,0,9,0,0,63894,0,0,0,1,0,0,0,0,0,0
95386,The Libation,,,,0,9,0,0,63894,0,0,0,1,0,0,0,0,0,0
95387,The Cloud Serpent,,,,0,9,0,0,63894,0,0,0,1,0,0,0,0,0,0
95388,Trick of the Trade,,,,0,9,0,0,63894,0,0,0,1,0,0,0,0,0,0
95389,The Sea Foam,,,,0,9,0,0,63894,0,0,0,1,0,0,0,0,0,0
95390,The Hungry Riverbeast,,,,0,9,0,0,63894,0,0,0,1,0,0,0,0,0,0
95413,Doom Commander Beliash,,,,0,3,0,0,65308,0,0,0,1,0,0,0,0,0,0
95414,Brood Queen Tyranna,,"Leader of Mardum, the Shattered Abyss",,1,3,0,0,65935,0,0,0,1,0,0,0,0,0,0
95445,Prism Creature,,,,0,10,0,3,23767,38484,0,0,1,0,1,1,0,0,0
95446,Battlelord Gaardoun,,Ashtongue Captain,,1,7,0,0,61903,0,0,0,1,0,0,0,17383,0,0
95447,Ashtongue Warrior,,Servant of Illidan,,0,7,0,0,67885,0,0,0,1,0,0,0,17383,0,0
95449,Ashtongue Mystic,,Servant of Illidan,,0,7,0,0,67883,0,0,0,1,0,0,0,29685,0,0
95450,Ashtongue Stalker,,Servant of Illidan,,0,7,0,0,67884,0,0,0,1,0,0,0,31669,31669,0
95472,Victory Rush,,,,0,9,0,0,64388,0,0,0,1,0,0,0,0,0,0
95473,The Jade Wisdom,,,,0,9,0,0,64388,0,0,0,1,0,0,0,0,0,0
95474,Light of Elune,,,,0,9,0,0,64388,0,0,0,1,0,0,0,0,0,0
95475,Pride of Ironforge,,,,0,9,0,0,64388,0,0,0,1,0,0,0,0,0,0
95476,Alleria's Valor,,,,0,9,0,0,64388,0,0,0,1,0,0,0,0,0,0
95477,The Lesson of Southshore,,,,0,9,0,0,64388,0,0,0,1,0,0,0,0,0,0
95478,Menethil March,,,,0,9,0,0,64388,0,0,0,1,0,0,0,0,0,0
95479,Anduin's Prayer,,,,0,9,0,0,64388,0,0,0,1,0,0,0,0,0,0
95480,The Lion of Azeroth,,,,0,9,0,0,64388,0,0,0,1,0,0,0,0,0,0
95481,Lin's Undying Will,,,,0,9,0,0,64388,0,0,0,1,0,0,0,0,0,0
95482,Victory Rush,,,,0,9,0,0,63475,0,0,0,1,0,0,0,0,0,0
95483,The Jade Wisdom,,,,0,9,0,0,63475,0,0,0,1,0,0,0,0,0,0
95484,Savagery,,,,0,9,0,0,63475,0,0,0,1,0,0,0,0,0,0
95485,Nazgrim's Fist,,,,0,9,0,0,63475,0,0,0,1,0,0,0,0,0,0
95486,Zalazane's Fall,,,,0,9,0,0,63475,0,0,0,1,0,0,0,0,0,0
95487,Might of Grom'gol,,,,0,9,0,0,63475,0,0,0,1,0,0,0,0,0,0
95488,The Bilgewater Bargain,,,,0,9,0,0,63475,0,0,0,1,0,0,0,0,0,0
95489,Pact of the Val'kyr,,,,0,9,0,0,63475,0,0,0,1,0,0,0,0,0,0
95490,Lok'tar Ogar,,,,0,9,0,0,63475,0,0,0,1,0,0,0,0,0,0
95491,Lin's Undying Will,,,,0,9,0,0,63475,0,0,0,1,0,0,0,0,0,0
95492,Leap of Faith,,,,0,9,0,0,63895,0,0,0,1,0,0,0,0,0,0
95493,Ursoc's Roar,,,,0,9,0,0,63895,0,0,0,1,0,0,0,0,0,0
95494,Thaurissan's Reach,,,,0,9,0,0,63895,0,0,0,1,0,0,0,0,0,0
95495,Tempest's Wake,,,,0,9,0,0,63895,0,0,0,1,0,0,0,0,0,0
95496,Turalyon's Hope,,,,0,9,0,0,63895,0,0,0,1,0,0,0,0,0,0
95497,Ursol's Bite,,,,0,9,0,0,63895,0,0,0,1,0,0,0,0,0,0
95498,Whisperwind,,,,0,9,0,0,63895,0,0,0,1,0,0,0,0,0,0
95499,The Cutting Edge,,,,0,9,0,0,63895,0,0,0,1,0,0,0,0,0,0
95500,Loken's Bargain,,,,0,9,0,0,63895,0,0,0,1,0,0,0,0,0,0
95501,Mrgrggrgl Mark III,,,,0,9,0,0,63895,0,0,0,1,0,0,0,0,0,0
95502,Leap of Faith,,,,0,9,0,0,63474,0,0,0,1,0,0,0,0,0,0
95503,Ursoc's Roar,,,,0,9,0,0,63474,0,0,0,1,0,0,0,0,0,0
95504,Thaurissan's Reach,,,,0,9,0,0,63474,0,0,0,1,0,0,0,0,0,0
95505,Tempest's Wake,,,,0,9,0,0,63474,0,0,0,1,0,0,0,0,0,0
95506,Bad Juju,,,,0,9,0,0,63474,0,0,0,1,0,0,0,0,0,0
95507,Ursol's Bite,,,,0,9,0,0,63474,0,0,0,1,0,0,0,0,0,0
95508,The Shadow Hunter,,,,0,9,0,0,63474,0,0,0,1,0,0,0,0,0,0
95509,The Shattered Sun,,,,0,9,0,0,63474,0,0,0,1,0,0,0,0,0,0
95510,Loken's Bargain,,,,0,9,0,0,63474,0,0,0,1,0,0,0,0,0,0
95511,Mrgrggrgl Mark III,,,,0,9,0,0,63474,0,0,0,1,0,0,0,0,0,0
95512,The Flame of Hope,,,,0,9,0,0,64375,0,0,0,1,0,0,0,0,0,0
95513,Freya's Compassion,,,,0,9,0,0,64375,0,0,0,1,0,0,0,0,0,0
95514,Doomhammer's Legacy,,,,0,9,0,0,64375,0,0,0,1,0,0,0,0,0,0
95515,Heroism,,,,0,9,0,0,64375,0,0,0,1,0,0,0,0,0,0
95516,The Stonemother,,,,0,9,0,0,64375,0,0,0,1,0,0,0,0,0,0
95517,Boughs of Cenarius,,,,0,9,0,0,64375,0,0,0,1,0,0,0,0,0,0
95518,The Indomitable,,,,0,9,0,0,64375,0,0,0,1,0,0,0,0,0,0
95519,Full Judgment,,,,0,9,0,0,64375,0,0,0,1,0,0,0,0,0,0
95520,Watkins's Relentless Assault,,,,0,9,0,0,64375,0,0,0,1,0,0,0,0,0,0
95521,The Core Hammer,,,,0,9,0,0,64375,0,0,0,1,0,0,0,0,0,0
95522,The Flame of Hope,,,,0,9,0,0,64376,0,0,0,1,0,0,0,0,0,0
95523,Freya's Compassion,,,,0,9,0,0,64376,0,0,0,1,0,0,0,0,0,0
95524,Doomhammer's Legacy,,,,0,9,0,0,64376,0,0,0,1,0,0,0,0,0,0
95525,Bloodlust,,,,0,9,0,0,64376,0,0,0,1,0,0,0,0,0,0
95526,The Stonemother,,,,0,9,0,0,64376,0,0,0,1,0,0,0,0,0,0
95527,Boughs of Cenarius,,,,0,9,0,0,64376,0,0,0,1,0,0,0,0,0,0
95528,Nemesis of the Scourge,,,,0,9,0,0,64376,0,0,0,1,0,0,0,0,0,0
95529,Full Judgment,,,,0,9,0,0,64376,0,0,0,1,0,0,0,0,0,0
95530,Watkins's Relentless Assault,,,,0,9,0,0,64376,0,0,0,1,0,0,0,0,0,0
95531,The Core Hammer,,,,0,9,0,0,64376,0,0,0,1,0,0,0,0,0,0
95532,Eye of Kilrogg,,,,0,9,0,0,63476,0,0,0,1,0,0,0,0,0,0
95533,Shadowmeld,,,,0,9,0,0,63476,0,0,0,1,0,0,0,0,0,0
95534,Akama's Scythe,,,,0,9,0,0,63476,0,0,0,1,0,0,0,0,0,0
95535,Scarlet Raven,,,,0,9,0,0,63476,0,0,0,1,0,0,0,0,0,0
95536,The Crimson Harvest,,,,0,9,0,0,63476,0,0,0,1,0,0,0,0,0,0
95537,Terokk's Terror,,,,0,9,0,0,63476,0,0,0,1,0,0,0,0,0,0
95538,The Starlight Endurance,,,,0,9,0,0,63476,0,0,0,1,0,0,0,0,0,0
95539,Terror of the Deeps,,,,0,9,0,0,63476,0,0,0,1,0,0,0,0,0,0
95540,Deep Sea Nine,,,,0,9,0,0,63476,0,0,0,1,0,0,0,0,0,0
95541,Brgrggrgl Mark II,,,,0,9,0,0,63476,0,0,0,1,0,0,0,0,0,0
95542,Eye of Kilrogg,,,,0,9,0,0,63647,0,0,0,1,0,0,0,0,0,0
95543,Will of the Forsaken,,,,0,9,0,0,63647,0,0,0,1,0,0,0,0,0,0
95544,The Dark Defiance,,,,0,9,0,0,64376,0,0,0,1,0,0,0,0,0,0
95545,Scarlet Raven,,,,0,9,0,0,63647,0,0,0,1,0,0,0,0,0,0
95546,The Crimson Harvest,,,,0,9,0,0,63647,0,0,0,1,0,0,0,0,0,0
95547,Terokk's Terror,,,,0,9,0,0,63647,0,0,0,1,0,0,0,0,0,0
95548,The Starlight Endurance,,,,0,9,0,0,63647,0,0,0,1,0,0,0,0,0,0
95549,Terror of the Deeps,,,,0,9,0,0,63647,0,0,0,1,0,0,0,0,0,0
95550,Deep Sea Nine,,,,0,9,0,0,63647,0,0,0,1,0,0,0,0,0,0
95551,Brgrggrgl Mark II,,,,0,9,0,0,63647,0,0,0,1,0,0,0,0,0,0
95552,The Emerald Turtle,,,,0,9,0,0,63894,0,0,0,1,0,0,0,0,0,0
95553,The Rolling Barrel,,,,0,9,0,0,63894,0,0,0,1,0,0,0,0,0,0
95554,Screeching Harpy,,,,0,9,0,0,63894,0,0,0,1,0,0,0,0,0,0
95555,Old Blanchy,,,,0,9,0,0,63894,0,0,0,1,0,0,0,0,0,0
95556,The Explorer,,,,0,9,0,0,63894,0,0,0,1,0,0,0,0,0,0
95557,Booty Bay's Bounty,,,,0,9,0,0,63894,0,0,0,1,0,0,0,0,0,0
95558,The Slash Dance,,,,0,9,0,0,63894,0,0,0,1,0,0,0,0,0,0
95559,Master Looter,,,,0,9,0,0,63894,0,0,0,1,0,0,0,0,0,0
95560,Bonus Roll,,,,0,9,0,0,63894,0,0,0,1,0,0,0,0,0,0
95561,A Free Kill,,,,0,9,0,0,63894,0,0,0,1,0,0,0,0,0,0
95562,The Emerald Turtle,,,,0,9,0,0,63894,0,0,0,1,0,0,0,0,0,0
95563,The Rolling Barrel,,,,0,9,0,0,63894,0,0,0,1,0,0,0,0,0,0
95564,Screeching Harpy,,,,0,9,0,0,63894,0,0,0,1,0,0,0,0,0,0
95565,Lazy Tallstrider,,,,0,9,0,0,63894,0,0,0,1,0,0,0,0,0,0
95566,Snickering Hyena,,,,0,9,0,0,63894,0,0,0,1,0,0,0,0,0,0
95567,Booty Bay's Bounty,,,,0,9,0,0,63894,0,0,0,1,0,0,0,0,0,0
95568,The Slash Dance,,,,0,9,0,0,63894,0,0,0,1,0,0,0,0,0,0
95569,Master Looter,,,,0,9,0,0,63894,0,0,0,1,0,0,0,0,0,0
95570,Bonus Roll,,,,0,9,0,0,63894,0,0,0,1,0,0,0,0,0,0
95571,A Free Kill,,,,0,9,0,0,63894,0,0,0,1,0,0,0,0,0,0
95572,Shard of Cyrukh,,,,0,12,0,0,64425,0,0,0,1,1,1,1,0,0,0
95579,Iron Horde Destroyer,,,,0,9,0,0,63477,0,0,0,1,0,0,0,0,0,0
95581,Mistress Synrae,,,,1,7,0,0,64434,0,0,0,1,0,0,0,0,0,0
95654,Squirrel,,,,0,8,0,0,134,58382,0,0,1,1,1,1,0,0,0
95717,Skyhorn Interceptor,,,,0,7,0,0,65478,0,0,0,1,0,0,0,0,0,36628
95718,War Eagle,,,,1,1,26,3,70260,0,0,0,1,0,0,0,0,0,0
95735,Storm Drake Hunter,,,,0,2,0,2,62147,0,0,0,1,1,1,1,0,0,0
95771,Dreadsoul Ruiner,,,,1,7,0,0,64539,64540,0,0,1,1,1,1,52529,0,0
95777,Cheetah Cub,,,,0,1,2,0,42362,0,0,0,1,0,0,0,0,0,0
95841,Nibbles,,,,0,12,0,0,64585,0,0,0,1,0,0,0,0,0,0
95842,Valarjar Thundercaller,,,,1,7,0,0,67277,0,0,0,1,1,1,1,36543,0,0
95855,Baine's Vengeance,,,,0,9,0,0,64573,0,0,0,1,0,0,0,0,0,0
95872,Skullhat,,Skywhisker Taskmaster,,4,7,0,0,65068,0,0,0,1,1,1,1,0,0,0
95873,Skywhisker Scrapper,,,,6,7,0,0,163,0,0,0,1,0,0,0,30855,0,0
95888,Cordana Felsong,,,,1,7,0,0,66480,0,0,0,1,1,1,1,132101,0,0
95900,Minerva Ravensorrow,,,,0,7,0,0,64614,0,0,0,1,1,1,1,41261,0,0
95904,Dagnar Stonebrow,,,,0,7,0,0,64615,0,0,0,1,1,1,1,51010,51010,0
95924,Frightened Hatchling,,,,0,12,0,0,16259,0,0,0,1,1,1,1,0,0,0
95933,Rescued Hatchling,,,,0,12,0,0,16259,0,0,0,1,1,1,1,0,0,0
95941,Arthas,,The Lich King,,1,6,0,0,64641,0,0,0,0,0,0,0,33475,0,0
95946,Ner'zhul,,The Lich King,,1,7,0,0,64643,0,0,0,1,0,0,0,110990,0,0
95951,Dreadsting Lurker,,,,0,1,44,3,64744,0,0,0,1,0,0,0,0,0,0
95955,Frosty Cloud,,,,0,3,0,0,64644,0,0,0,1,0,0,0,0,0,0
95990,Mannoroth,,,,1,3,0,0,64659,0,0,0,1,0,0,0,127648,0,0
96057,Soul Gateway,,,,0,10,0,0,64697,64699,0,0,0,1,0,0,0,0,0
96070,Hill Prince Urgo,,,,1,5,0,0,68226,0,0,0,1,0,0,0,0,0,0
96072,Durguth,,King of the Hill,,2,5,0,0,68264,0,0,0,1,0,0,0,113621,0,0
96086,Solar Priest Vayx,,,,0,7,0,0,57912,0,0,0,1,0,0,0,0,0,0
96087,Dowser Bigspark,,,,0,7,0,0,64715,0,0,0,1,0,0,0,119680,0,0
96088,Pallas,,,,0,7,0,0,64703,0,0,0,1,0,0,0,0,0,0
96089,Dragon Scale Wall Stalker,,,,0,7,0,0,23767,0,0,0,1,1,1,1,0,0,0
96114,Dowser Goodwell,,,,0,7,0,0,64716,0,0,0,1,0,0,0,119680,0,0
96123,Blazing Firehawk,,,,0,12,0,3,38310,0,0,0,1,1,1,1,0,0,0
96126,Savage Cub,,,,0,12,0,0,64720,0,0,0,1,0,0,0,0,0,0
96129,Felskorn Raider,,,,0,7,0,0,70595,70596,70597,70598,1,1,1,1,57005,56913,0
96136,The Awakener,,,,0,9,0,0,63474,0,0,0,1,0,0,0,0,0,0
96137,The Awakener,,,,0,9,0,0,63895,0,0,0,1,0,0,0,0,0,0
96175,Yotnar,,,,0,5,0,0,25217,0,0,0,0,1,1,1,0,0,0
96194,Cairne Bloodhoof,,,,0,7,0,0,64785,0,0,0,1,1,1,1,14084,0,0
96199,Nazgrim,,,,0,7,0,0,64894,0,0,0,1,0,0,0,7612,0,0
96202,Daelin Proudmoore,,,,0,7,0,0,64792,0,0,0,0,0,0,0,1493,56166,0
96204,Skeletal Gryphon,,,,0,10,0,0,26303,0,0,0,0,0,0,0,0,0,0
96209,General Marcus Jonathan,,,,1,7,0,0,66833,0,0,0,1,1,1,1,46987,143,0
96214,Wrathion,,The Black Prince,,1,2,0,0,39797,0,0,0,1,0,0,0,0,0,0
96216,Lady S'theno,,Coilskar Captain,,1,7,0,0,60790,0,0,0,1,0,0,0,120477,0,0
96218,Joanna Blueheart,,,,1,7,0,0,54865,0,0,0,1,0,0,0,85736,0,0
96219,Modimus Anvilmar,,,,0,7,0,0,64890,0,0,0,0,0,0,0,93850,57928,0
96228,Coilskar Sea-Caller,,Servant of Illidan,,0,7,0,0,67886,0,0,0,1,0,0,0,0,0,0
96230,Coilskar Myrmidon,,Servant of Illidan,,0,7,0,0,67888,0,0,0,1,0,0,0,28965,0,0
96231,Coilskar Harpooner,,Servant of Illidan,,0,7,0,0,67887,0,0,0,1,0,0,0,14535,0,0
96252,Priestess of Delight,,Servant of Illidan,,0,3,0,0,64779,0,0,0,1,0,0,0,0,0,0
96253,Shivarra Destroyer,,Servant of Illidan,,0,3,0,0,64781,0,0,0,1,0,0,0,28133,28133,0
96268,Mountain Prowler,,,,0,1,2,0,64595,0,0,0,1,0,0,0,0,0,0
96270,Ebyssian,,,,1,2,0,0,12869,0,0,0,1,0,0,0,0,0,0
96273,Wrathion,,The Black Prince,,1,2,0,0,39797,0,0,0,1,0,0,0,0,0,0
96275,Wrathion,,The Black Prince,,1,2,0,0,39797,0,0,0,1,0,0,0,0,0,0
96318,Huln Highmountain,,,,1,6,0,0,64845,0,0,0,1,0,0,0,129899,0,0
96401,Valarjar Aspirant,,,,0,7,0,0,65678,65679,65680,65681,1,1,1,1,0,0,0
96403,Enchanted Cauldron,,,,0,12,0,3,69490,0,0,0,1,0,0,0,0,0,0
96404,Enchanted Torch,,,,0,12,0,3,69489,0,0,0,1,0,0,0,0,0,0
96405,Enchanted Pen,,,,0,12,0,3,69488,0,0,0,1,0,0,0,0,0,0
96410,Majestic Elderhorn,,,,4,1,151,0,64893,0,0,0,1,1,1,1,0,0,0
96458,Wrathion,,The Black Prince,,1,2,0,0,39797,0,0,0,1,0,0,0,0,0,0
96519,Wrathion,,The Black Prince,,1,2,0,0,39797,0,0,0,1,0,0,0,0,0,0
96527,Thrall,,The Earthen Ring,,1,7,0,0,61727,0,0,0,1,0,0,0,109674,0,0
96549,Danica the Reclaimer,,,,0,7,0,2,73300,0,0,0,1,0,0,0,140345,0,0
96550,Vindicator Aesom,,Triumvirate of the Hand,,0,7,0,0,63506,0,0,0,1,0,0,0,105938,111461,0
96551,Vindicator Kuros,,Triumvirate of the Hand,,0,7,0,0,63505,0,0,0,1,0,0,0,105939,111462,0
96552,Champion Bachi,,Paladin Trainer,,1,7,0,0,62923,0,0,0,1,0,0,0,108926,0,0
96553,Katherine the Pure,,,,1,7,0,0,62921,0,0,0,1,0,0,0,122354,109675,0
96554,Valgar Highforge,,Master Smith,,1,7,0,0,62307,0,0,0,1,0,0,0,122448,0,0
96555,Lord Grayson Shadowbreaker,,,,1,7,0,0,62304,0,0,0,1,0,0,0,85428,0,0
96556,Archivist Seline,,,,0,7,0,0,62891,0,0,0,1,0,0,0,0,49160,0
96557,Archivist Thomas,,,,0,7,0,0,62890,0,0,0,1,0,0,0,0,49160,0
96558,Apprentice Eriya,,,,0,7,0,0,62935,0,0,0,1,0,0,0,94564,0,0
96559,Apprentice Sampson,,,,0,7,0,0,62938,0,0,0,1,0,0,0,94564,0,0
96560,Apprentice Joanna,,,,0,7,0,0,63162,0,0,0,1,0,0,0,94564,0,0
96572,Stormforged Valarjar,,,,0,7,0,0,67361,67937,67938,0,1,1,1,0,137174,140748,0
96587,Felsworn Infester,,,,1,3,0,0,64253,0,0,0,1,1,1,1,0,0,0
96589,Odyn,,,,1,7,0,0,67230,0,0,0,1,0,0,0,0,0,0
96594,Crusade Commander Eligor Dawnbringer,,Brotherhood of the Light,,1,7,0,0,73522,0,0,0,1,0,0,0,18876,0,0
96595,Lord Irulon Trueblade,,,,1,7,0,0,22200,0,0,0,1,0,0,0,124389,0,0
96596,Crusader Lord Lantinga,,,,1,7,0,0,73524,0,0,0,1,0,0,0,108938,0,0
96597,Commander Falstaav,,,,0,7,0,0,25080,0,0,0,1,0,0,0,29409,0,0
96598,Crusade Commander Entari,,,,0,7,0,0,73582,0,0,0,1,0,0,0,29409,0,0
96599,Crusader Lord Dalfors,,,,0,7,0,0,73583,0,0,0,1,0,0,0,39290,40596,0
96600,General Tiras'alan,,,,1,7,0,0,22968,0,0,0,1,0,0,0,34531,34553,0
96601,Vindicator Baatun,,,,0,7,0,0,17225,0,0,0,1,0,0,0,0,0,0
96602,Vindicator Corin,,,,0,7,0,0,17388,0,0,0,1,0,0,0,24333,24331,0
96603,Justicar Julia Celeste,,,,1,7,0,0,23035,0,0,0,1,0,0,0,13316,0,0
96604,Jorad Mace,,,,1,7,0,0,19382,0,0,0,1,0,0,0,22213,143,0
96605,Leoric Von Zeldig,,,,1,7,0,0,73589,0,0,0,1,0,0,0,21573,21572,0
96606,Arator,,,,1,7,0,0,16624,0,0,0,1,0,0,0,0,0,0
96621,"Mellok, Son of Torok",,,,4,7,0,0,66107,0,0,0,1,1,1,1,80979,0,0
96622,Grumpy,,,,0,12,0,0,65071,0,0,0,1,1,1,1,0,0,0
96649,Ashmaw Cub,,,,0,12,0,0,65070,0,0,0,1,1,1,1,0,0,0
96653,Izal Whitemoon,,Illidari Flight Master,,1,7,0,0,60550,0,0,0,1,0,0,0,128358,128372,0
96654,Belath Dawnblade,,Illidari,,1,7,0,0,60090,0,0,0,1,0,0,0,128361,128369,0
96665,Kayn Sunfury,,Illidari,,1,7,0,0,61698,0,0,0,1,0,0,0,128359,128371,0
96693,Argus Purifier,,,,0,7,0,0,62831,0,0,0,1,0,0,0,106268,115082,0
96694,Silver Hand Protector,,,,0,7,0,0,62794,0,0,0,1,0,0,0,25127,72983,0
96695,Silver Hand Knight,,,,0,7,0,0,61947,0,0,0,1,0,0,0,2557,0,0
96696,Silver Hand Knight,,,,0,7,0,0,61951,0,0,0,1,0,0,0,2557,0,0
96697,Silver Hand Knight,,,,0,7,0,0,61959,0,0,0,1,0,0,0,2557,0,0
96698,Blood Knight,,,,0,7,0,0,62151,0,0,0,1,0,0,0,34298,0,0
96699,Sunwalker Keeper,,,,0,7,0,0,62768,0,0,0,1,0,0,0,108731,38635,0
96700,Sunwalker Keeper,,,,0,7,0,0,62772,0,0,0,1,0,0,0,108731,38635,0
96701,Blood Mender,,,,0,7,0,0,62342,0,0,0,1,0,0,0,89714,34206,0
96702,Blood Mender,,,,0,7,0,0,62346,0,0,0,1,0,0,0,89714,34206,0
96703,Silver Hand Mender,,,,0,7,0,0,62326,0,0,0,1,0,0,0,13312,49160,0
96704,Silver Hand Mender,,,,0,7,0,0,62330,0,0,0,1,0,0,0,13312,49160,0
96706,Silver Hand Mender,,,,0,7,0,0,62334,0,0,0,1,0,0,0,13312,49160,0
96707,Silver Hand Mender,,,,0,7,0,0,62338,0,0,0,1,1,1,1,13312,49160,0
96708,Blood Knight,,,,0,7,0,0,62155,0,0,0,1,0,0,0,34298,0,0
96709,Silver Hand Protector,,,,0,7,0,0,62790,0,0,0,1,0,0,0,25127,72983,0
96710,Silver Hand Protector,,,,0,7,0,0,62798,0,0,0,1,0,0,0,25127,72983,0
96711,Silver Hand Protector,,,,0,7,0,0,62802,0,0,0,1,0,0,0,25127,72983,0
96712,Blood Guardian,,,,0,7,0,0,62151,0,0,0,1,0,0,0,24034,27406,0
96713,Blood Guardian,,,,0,7,0,0,62155,0,0,0,1,0,0,0,24034,27406,0
96714,Defender of Argus,,,,0,7,0,0,62806,0,0,0,1,0,0,0,105938,118555,0
96715,Defender of Argus,,,,0,7,0,0,62810,0,0,0,1,0,0,0,105938,118555,0
96716,Fist of Argus,,,,0,7,0,0,62817,0,0,0,1,0,0,0,106271,0,0
96717,Fist of Argus,,,,0,7,0,0,62821,0,0,0,1,0,0,0,106271,0,0
96718,Argus Purifier,,,,0,7,0,0,62827,0,0,0,1,0,0,0,106268,115082,0
96719,Sunwalker Dawnchaser,,,,0,7,0,0,62901,0,0,0,1,0,0,0,108731,113270,0
96720,Sunwalker Dawnchaser,,,,0,7,0,0,62905,0,0,0,1,0,0,0,108731,113270,0
96721,Sunwalker Brave,,,,0,7,0,0,62909,0,0,0,1,0,0,0,50052,0,0
96722,Sunwalker Brave,,,,0,7,0,0,62913,0,0,0,1,0,0,0,50052,0,0
96724,Silver Hand Knight,,,,0,7,0,0,61955,61956,61957,61958,1,1,1,1,2557,0,0
96738,Highlord Darion Mograine,,,,0,7,0,0,30869,0,0,0,1,1,1,1,50252,50252,0
96754,Harbaron,,The Ferryman,,1,7,0,0,67556,0,0,0,1,1,1,1,88793,0,0
96755,Lyanis Moonfall,,Temple Priestess,,0,7,0,0,65039,0,0,0,1,0,0,0,0,0,0
96984,Oenia Skyhorn,,,,1,7,0,0,65056,0,0,0,1,0,0,0,0,0,121336
97018,Albatross Chick,,,,0,14,0,3,65066,0,0,0,1,1,1,1,0,0,0
97020,Albatross Chick,,,,0,8,0,3,65066,0,0,0,1,0,0,0,0,0,0
97043,Seacursed Slaver,,,,1,7,0,0,66091,0,0,0,1,1,1,1,81357,0,0
97055,Shambling Horror,,,,0,6,0,0,61334,0,0,0,0,0,0,0,0,0,0
97068,Storm Drake,,,,1,1,0,3,67203,0,0,0,1,1,1,1,0,0,0
97071,Arator,,,,1,7,0,0,16624,0,0,0,1,0,0,0,0,0,0
97076,Fledgling Kingfeather,,,,0,14,0,3,62219,0,0,0,1,0,0,0,0,0,0
97078,Fledgling Oliveback,,,,0,14,0,3,62217,0,0,0,1,0,0,0,0,0,0
97079,Skyhorn Nestling,,,,0,12,0,3,62216,0,0,0,1,0,0,0,0,0,0
97080,Golden Eaglet,,,,0,14,0,3,62218,0,0,0,1,0,0,0,0,0,0
97086,Arator,,,,1,7,0,0,16624,0,0,0,1,0,0,0,0,0,0
97093,Shara Felbreath,,Feltotem Warlock,,4,7,0,0,65446,0,0,0,1,1,1,1,0,3699,0
97111,Illanna Dreadmoore,,Ebon Blade Archivist,,0,7,0,0,65086,0,0,0,1,1,1,1,0,72515,0
97118,Long-Eared Owl,,,,0,14,0,3,65089,0,0,0,1,0,0,0,0,0,0
97126,Northern Hawk Owl,,,,0,14,0,3,65091,0,0,0,1,0,0,0,0,0,0
97127,Nightwatch Swooper,,,,0,14,0,3,65090,0,0,0,1,0,0,0,0,0,0
97128,Fledgling Warden Owl,,,,0,14,0,3,65087,0,0,0,1,1,1,1,0,0,0
97132,Amal'thazad,,,,1,6,0,0,25468,0,0,0,1,0,0,0,0,0,0
97134,Lord Thorval,,,,1,6,0,0,25459,0,0,0,1,0,0,0,0,0,0
97136,Lady Alistra,,,,1,6,0,0,25458,0,0,0,1,0,0,0,0,0,0
97155,Vanessa Fairgraves,,,,0,6,0,0,65103,0,0,0,1,0,0,0,0,0,0
97164,Rantuko Grimtouch,,,,0,6,0,0,65107,0,0,0,1,0,0,0,0,0,0
97170,Hatecoil Wavebinder,,,,1,7,0,0,19365,0,0,0,1,0,0,0,51881,0,0
97174,Extinguished Eye,,,,0,14,0,3,65113,0,0,0,1,0,0,0,0,0,0
97178,Hateful Eye,,,,0,14,0,3,65111,0,0,0,1,0,0,0,0,0,0
97179,Eye of Inquisition,,,,0,14,0,3,65112,0,0,0,1,0,0,0,0,0,0
97204,Shadow Whelpling,,,,0,14,0,3,65119,0,0,0,1,0,0,0,0,0,0
97205,Stormborne Whelpling,,,,0,12,0,3,71835,0,0,0,1,0,0,0,0,0,0
97206,Dream Whelpling,,,,0,14,0,3,65121,0,0,0,1,1,1,1,0,0,0
97207,Emmigosa,,,,0,14,0,3,65120,0,0,0,1,0,0,0,0,0,0
97217,Understone Earthrender,,,,1,4,0,0,66369,0,0,0,1,0,0,0,0,0,0
97229,Grumpling,,,,0,14,0,0,65128,0,0,0,1,0,0,0,0,0,0
97235,Understone Rocklord,,,,0,7,0,0,65131,0,0,0,1,0,0,0,0,0,0
97236,Burrow Spiderling,,,,0,14,0,0,65129,0,0,0,1,1,1,1,0,0,0
97237,Freezing Blast,,,,0,10,0,0,23767,0,0,0,0,0,0,0,0,0,0
97238,Nursery Spider,,,,0,12,0,0,65130,0,0,0,1,1,1,1,0,0,0
97241,Understone Breacher,,,,0,7,0,0,64679,0,0,0,1,0,0,0,127332,0,0
97243,Siouxsie the Banshee,,,,0,6,0,0,24935,0,0,0,1,0,0,0,0,0,0
97283,Juvenile Scuttleback,,,,0,14,0,0,65151,0,0,0,1,0,0,0,0,0,0
97289,Juvenile Scuttleback,,,,0,8,0,0,65151,0,0,0,1,1,1,1,0,0,0
97290,Fledgling Kingfeather,,,,0,8,0,3,62219,0,0,0,1,0,0,0,0,0,0
97291,Fledgling Oliveback,,,,0,8,0,3,62217,0,0,0,1,0,0,0,0,0,0
97294,Olivetail Hare,,,,0,14,0,0,4626,0,0,0,1,0,0,0,0,0,0
97296,Archmage Khadgar,,,,1,7,0,0,65834,0,0,0,1,0,0,0,28067,0,0
97303,Kayn Sunfury,,Illidari,,1,7,0,0,61698,0,0,0,1,0,0,0,128359,128371,0
97313,Commander Lynore Windstryke,,,,0,7,0,0,24349,0,0,0,1,0,0,0,124084,106892,0
97314,Nazgrel,,,,0,7,0,0,64784,0,0,0,1,0,0,0,14870,0,0
97317,Nazgrel,,,,0,7,0,0,64784,0,0,0,1,1,1,1,14870,0,0
97323,Felspider,,,,0,14,0,0,72868,0,0,0,1,1,0,0,0,0,0
97324,Spectral Spinner,,,,0,14,0,0,65159,0,0,0,1,1,1,1,0,0,0
97326,Hartli the Snatcher,,,,4,7,0,0,65224,0,0,0,1,1,1,1,0,0,0
97345,Crawshuk the Hungry,,,,4,1,26,0,65258,0,0,0,1,1,1,1,0,0,0
97348,Abesha,,The Snowbringer,,4,1,2,0,65263,0,0,0,1,0,0,0,0,0,0
97386,Geth'xun,,,,1,3,0,0,64093,0,0,0,1,0,0,0,128279,0,0
97418,Marakhan,,,,1,3,0,0,64018,0,0,0,1,1,1,1,128278,0,0
97420,Huge Toad,,,,0,14,0,0,5379,0,0,0,1,1,1,1,0,0,0
97426,Koltira Deathweaver,,,,0,7,0,0,23920,0,0,0,1,0,0,0,35939,0,0
97428,Thassarian,,,,0,7,0,0,33911,0,0,0,1,0,0,0,35561,35561,0
97443,Unworthy Combatant,,,,0,6,0,0,25245,25241,65214,65215,1,1,1,1,57005,56913,0
97449,Bristlemaul,,,,4,1,4,0,51827,0,0,0,1,1,1,1,0,0,0
97453,Scouting Map,,,,0,7,0,0,69091,0,0,0,1,0,0,0,0,0,0
97468,Felguard Devastator,,,,1,7,0,0,62534,0,0,0,1,1,1,1,119458,0,0
97485,Archivist Zubashi,,Class Hall Upgrades,,0,7,0,0,65225,0,0,0,1,1,1,1,0,0,0
97488,Donavan Bale,,,,0,7,0,0,65226,0,0,0,1,0,0,0,0,0,0
97489,Garl Grimgrizzle,,,,0,7,0,0,65227,0,0,0,1,0,0,0,0,0,0
97490,Halga Steelbarrow,,,,0,7,0,0,65228,0,0,0,1,0,0,0,0,0,0
97491,Moon Priestess Nici,,,,0,7,0,0,65229,0,0,0,1,0,0,0,124381,0,0
97492,Dak'hal the Black,,,,0,7,0,0,65230,0,0,0,1,0,0,0,0,0,0
97493,Narestel Palestar,,,,0,7,0,0,65232,0,0,0,1,0,0,0,124379,0,0
97498,Highmountain Warbrave,,,,1,7,0,0,63943,0,0,0,1,0,0,0,34058,0,0
97500,Hunaka Greenhoof,,,,0,7,0,0,65233,0,0,0,1,0,0,0,119448,0,0
97501,Linzi Redgrin,,,,0,7,0,0,65234,0,0,0,1,0,0,0,0,0,0
97504,Wraithtalon,,,,4,1,160,3,65235,0,0,0,1,1,1,1,0,0,0
97505,Drool,,The Griefer,,0,7,0,0,65236,0,0,0,1,0,0,0,0,0,0
97506,Rivermane Shaman,,Rivermane Tribe,,0,7,0,0,65482,65483,0,0,0,1,0,0,55369,119725,0
97507,Disidra Stormglory,,,,0,7,0,0,65239,0,0,0,1,0,0,0,0,0,0
97509,Great Hexer Ohodo,,,,0,7,0,0,65240,0,0,0,1,0,0,0,0,0,0
97511,Shimmering Aquafly,,,,0,14,0,3,65237,0,0,0,1,0,0,0,0,0,0
97512,Warp-Huntress Kula,,,,0,7,0,0,65242,0,0,0,1,0,0,0,0,0,0
97513,Juwanamana,,,,0,7,0,0,65243,0,0,0,1,0,0,0,113857,0,0
97514,Danric the Bold,,,,0,7,0,0,65244,0,0,0,1,0,0,0,0,0,0
97515,Sorrow,,,,0,7,0,0,65250,0,0,0,1,0,0,0,115309,0,0
97516,Foothills Greatstag,,,,0,1,151,0,70444,0,0,0,1,0,0,0,0,0,0
97517,Dreadbog,,,,4,4,0,0,70202,0,0,0,0,1,1,1,0,0,0
97518,Saedelin Whitedawn,,,,0,7,0,0,65251,0,0,0,1,0,0,0,0,0,0
97520,Drog Skullbreaker,,,,0,7,0,0,65252,0,0,0,1,0,0,0,0,0,0
97525,Thunder Bluff Brave,,,,0,7,0,0,73065,73066,0,0,1,1,0,0,12754,0,0
97526,Deathguard Elite,,,,0,7,0,0,73054,73053,0,0,1,1,0,0,5286,5286,0
97529,The Amazing Zanzo,,,,0,7,0,0,65253,0,0,0,1,1,1,1,124382,0,0
97530,Half-Eaten Rat,,,,0,8,0,0,1141,1418,2176,0,2,2,1,0,0,0,0
97531,Terror Larva,,,,0,14,0,0,30995,0,0,0,1,1,1,1,0,0,0
97532,Violetta,,,,0,7,0,0,65254,0,0,0,1,0,0,0,124381,0,0
97533,Felcaster Virim,,,,0,7,0,0,65255,0,0,0,1,0,0,0,113639,0,0
97537,Garona Halforcen,,,,0,7,0,0,61879,0,0,0,1,0,0,0,61297,61297,0
97542,Slithering Brownscale,,,,0,14,0,0,63674,0,0,0,1,1,1,1,0,0,0
97546,Siegebrul Olgrul,,Mightstone Leader,,0,7,0,0,65260,0,0,0,1,0,0,0,133776,133776,0
97547,Vale Flitter,,,,0,14,0,3,51292,0,0,0,1,1,1,1,0,0,0
97555,Auburn Ringtail,,,,0,14,0,0,64651,0,0,0,1,1,1,1,0,0,0
97559,Spring Strider,,,,0,14,0,0,43798,0,0,0,1,0,0,0,0,0,0
97568,Ghastly Rat,,,,0,14,0,0,65273,0,0,0,1,1,1,1,0,0,0
97569,Ghost Maggot,,,,0,14,0,0,65274,0,0,0,1,1,1,1,0,0,0
97603,Doom Slayer,,,,0,10,0,0,63270,16269,63144,0,1,1,1,0,138751,138751,0
97630,Soulthirster,,,,4,1,0,0,65302,0,0,0,0,1,1,1,0,0,0
97632,Crusher,,,,1,3,0,0,64823,0,0,0,1,0,0,0,0,0,0
97653,Taurson,,The Beastly Boxer,,4,7,0,0,65324,0,0,0,1,1,0,0,94252,94250,0
97662,Jale Rivermane,,Rivermane Chieftain,,1,7,0,0,63712,0,0,0,1,0,0,0,82383,0,0
97666,Warbrave Oro,,,,1,7,0,0,65455,0,0,0,1,0,0,0,34058,0,0
97682,Draenei Anchorite,,,,0,7,0,0,65341,65342,65343,65344,1,1,1,1,0,0,0
97686,Draenei Grand Anchorite,,,,0,7,0,0,65346,65347,0,0,1,1,0,0,0,0,0
97687,Draenei Grand Anchorite,,,,0,7,0,0,65348,65349,0,0,1,1,0,0,0,0,0
97688,Draenei Anchorite,,,,0,7,0,0,65350,65351,65352,65353,1,1,1,1,0,0,0
97690,Master Tamer Flummox,,Super Epic Grand Master Pet Tamer,,0,14,0,0,64476,0,0,0,1,1,1,1,0,0,0
97692,Brother of the Light,,,,0,7,0,0,65354,65355,65357,65356,1,1,1,1,0,0,0
97693,Sister of the Light,,,,0,7,0,0,65358,65359,65360,65361,1,1,1,1,0,0,0
97698,Grand Priest,,,,0,7,0,0,65362,65363,65364,0,1,1,1,0,0,0,0
97699,Grand Priest,,,,0,7,0,0,65365,65366,0,0,1,1,0,0,0,0,0
97706,Fel Weaver,,,,0,3,0,0,66865,0,0,0,1,0,0,0,0,0,0
97709,Master Tamer Flummox,,Super Epic Grand Master Pet Tamer,,0,7,0,0,46003,39633,0,0,0,1,1,1,0,0,0
97725,Priestess of Elune,,,,0,7,0,0,65369,65370,65371,65372,1,1,1,1,0,0,0
97727,Grand Priestess of Elune,,,,0,7,0,0,65383,65373,65384,0,1,1,1,0,0,0,0
97728,Blood Elf Priestess,,,,0,7,0,0,65385,65386,65387,65388,1,1,1,1,0,0,0
97729,Disturbed Apparition,,,,0,6,0,0,66620,0,0,0,1,1,1,1,0,0,0
97741,Black-Footed Fox Kit,,,,0,14,0,0,65389,0,0,0,1,1,1,1,0,0,0
97742,Blood Elf Priest,,,,0,7,0,0,65396,65397,65398,65399,1,1,1,1,0,0,0
97743,Mist Fox Kit,,,,0,14,0,0,65390,0,0,0,1,0,0,0,0,0,0
97744,Blood Elf Grand Priestess,,,,0,7,0,0,65400,65401,0,0,1,1,0,0,0,0,0
97745,Blood Elf Grand Priest,,,,0,7,0,0,65402,65403,0,0,1,1,0,0,0,0,0
97763,Grand Priestess,,,,0,7,0,0,65407,65408,0,0,1,1,0,0,0,0,0
97764,Grand Priest,,,,0,7,0,0,65409,65410,0,0,1,1,0,0,0,0,0
97767,Hexpriest,,,,0,7,0,0,65412,65413,0,0,1,1,0,0,0,0,0
97768,Hexpriest,,,,0,7,0,0,65414,65415,0,0,1,1,0,0,0,0,0
97778,Master Hight,,Grand Master,,1,7,0,0,45419,0,0,0,1,0,0,0,88846,0,0
97791,Sun Priest,,,,0,7,0,0,65420,65421,0,0,1,1,0,0,64632,0,0
97792,Sun Priest,,,,0,7,0,0,65422,65424,0,0,1,1,0,0,64632,0,0
97793,Flamescale,,,,4,1,0,2,65423,0,0,0,1,1,1,1,0,0,0
97804,Tiffany Nelson,,Grand Master Pet Tamer,,0,7,0,0,65430,0,0,0,1,0,0,0,0,0,0
97808,Infernal Siegebreaker,,,,1,3,0,0,62180,0,0,0,1,0,0,0,0,0,0
97814,Shadow Priest,,,,0,7,0,0,65431,65432,65433,65434,1,1,1,1,0,0,0
97815,Void Priest,,,,0,7,0,0,65441,65442,65443,65444,1,1,1,1,87170,0,0
97817,Highmountain Survivalist,,,,1,7,0,0,65465,74357,0,0,0,1,1,1,0,0,0
97818,Marshmallow,,,,0,12,0,0,65463,0,0,0,1,1,1,1,0,0,0
97819,Shadow Priest,,,,0,7,0,0,65437,65438,65439,65440,1,1,1,1,0,0,0
97823,Rocket,,,,0,12,0,3,44551,0,0,0,1,1,1,1,0,0,0
97826,Jinx,,,,0,12,0,0,42365,0,0,0,1,1,1,1,0,0,0
97827,Ularogg Cragshaper,,,,1,7,0,0,62390,0,0,0,1,1,0,0,0,0,0
97829,Onslaught Apostate,,,,0,7,0,0,65450,65451,65452,65453,1,1,1,1,44091,0,0
97840,Rose Taipan,,,,0,14,0,0,65457,0,0,0,1,0,0,0,0,0,0
97851,Felskorn Chosen,,,,0,7,0,0,62508,63088,63089,63091,1,1,0,0,42920,108594,0
97904,Command Table,,,,0,7,0,0,64062,65496,0,0,0,1,0,0,0,0,0
97905,Cenarius,,,,1,7,0,0,34804,0,0,0,1,0,0,0,0,0,0
97908,Highlord Darion Mograine,,,,1,7,0,0,30869,0,0,0,0,1,1,1,50252,0,0
97933,Crab Rider Grmlrml,,,,4,7,0,0,1995,0,0,0,1,1,1,1,60765,0,0
97952,Tiny Apparition,,,,0,14,0,0,65516,0,0,0,1,1,1,1,0,0,0
97964,Jace Darkweaver,,Illidari,,1,7,0,0,60791,0,0,0,1,0,0,0,128360,128370,0
97965,Allari the Souleater,,Illidari,,1,7,0,0,60079,0,0,0,1,0,0,0,122430,0,0
97966,Felblade Destroyer,,,,0,3,0,0,18832,0,0,0,1,0,0,0,113913,0,0
97978,Archmage Khadgar,,,,1,7,0,0,65834,0,0,0,1,0,0,0,28067,0,0
97999,Deeprock Wormtamer,,,,0,7,0,0,64599,0,0,0,1,0,0,0,0,0,0
98004,Son of Goredome,,,,0,12,0,0,65527,0,0,0,1,1,1,1,0,0,0
98007,Vigfus Bladewind,,,,0,6,0,0,65528,0,0,0,1,1,1,1,134562,134548,0
98021,Manasaber,,,,0,1,2,0,65535,0,0,0,1,0,0,0,0,0,0
98024,Luggut the Eggeater,,,,4,1,0,0,68669,0,0,0,1,1,1,1,0,0,0
98035,Dreadstalker,,,,6,3,0,0,77402,77403,77404,0,1,1,1,1,0,0,0
98038,Fledgling Rockcrawler,,,,6,1,42,0,65697,0,0,0,1,0,0,0,0,0,0
98047,Dreaming Guardian,,,,0,7,0,0,29417,29416,29415,29413,1,1,1,1,0,0,0
98075,Illidan Stormrage,,,,1,7,0,0,21135,0,0,0,1,0,0,0,0,0,0
98076,Maiev Shadowsong,,,,1,7,0,0,27401,0,0,0,1,0,0,0,0,0,0
98077,Crispin,,,,0,12,0,0,65590,0,0,0,1,1,1,1,0,0,0
98090,Blighthawk,,,,0,8,0,3,42265,0,0,0,1,0,0,0,0,0,0
98102,Valeera Sanguinar,,,,1,7,0,0,26365,0,0,0,1,1,1,1,171193,171193,0
98116,Bleakwater Jelly,,,,0,12,0,2,65630,0,0,0,1,0,0,0,0,0,0
98128,Sewer-Pipe Jelly,,,,0,12,0,2,65637,0,0,0,1,0,0,0,0,0,0
98132,Plump Jelly,,,,0,12,0,2,65638,0,0,0,1,0,0,0,0,0,0
98141,Razzok,,,,0,3,0,0,62749,0,0,0,1,0,0,0,0,0,0
98157,Lyana Darksorrow,,Illidari,,1,7,0,0,67019,0,0,0,1,0,0,0,128359,128371,0
98158,Asha Ravensong,,Illidari,,0,7,0,0,64447,0,0,0,1,0,0,0,128359,128371,0
98160,Sirius Ebonwing,,Illidari,,1,7,0,0,64444,0,0,0,1,0,0,0,128361,128369,0
98165,Cassiel Nightthorn,,Illidari,,1,7,0,0,64446,0,0,0,1,0,0,0,128359,128371,0
98169,Illidan,,,,0,7,0,0,27571,0,0,0,0,0,0,0,0,0,0
98172,Ridgeback Piglet,,,,0,14,0,0,65667,0,0,0,1,1,1,1,0,0,0
98181,Brown Piglet,,,,0,14,0,0,65669,0,0,0,1,1,1,1,0,0,0
98182,Black Piglet,,,,0,14,0,0,65670,0,0,0,1,1,1,1,0,0,0
98183,Thaumaturgical Piglet,,,,0,14,0,0,65671,0,0,0,1,1,1,1,0,0,0
98185,Fel Piglet,,,,0,14,0,0,65672,0,0,0,1,1,1,1,0,0,0
98188,Egyl the Enduring,,,,4,6,0,0,65687,0,0,0,1,1,1,1,55169,55170,0
98189,Unseeing Watcher,,,,0,6,0,0,25771,0,0,0,1,0,0,0,39382,0,0
98191,Legion Command Center,,,,0,10,0,3,65683,0,0,0,1,0,0,0,0,0,0
98192,Hog-Nosed Bat,,,,0,14,0,3,65982,0,0,0,1,1,1,1,0,0,0
98195,The Doomhammer,,,,0,10,0,0,60362,0,0,0,1,1,1,1,0,0,0
98203,Ivanyr,,,,1,7,0,0,65741,0,0,0,1,0,0,0,0,0,0
98205,Corstilax,,,,1,9,0,0,65791,0,0,0,1,0,0,0,0,0,0
98206,General Xakal,,,,1,3,0,0,65792,0,0,0,1,0,0,0,128279,0,0
98207,Nal'tira,,,,1,1,0,0,65793,0,0,0,1,0,0,0,0,0,0
98208,Advisor Vandros,,,,1,7,0,0,65794,0,0,0,1,1,1,1,133174,0,0
98211,Spiketail Beaver,,,,0,14,0,0,40713,40716,40717,0,1,1,0,0,0,0,0
98227,Allari the Souleater,,Illidari,,1,7,0,0,60079,0,0,0,1,0,0,0,122430,0,0
98228,Jace Darkweaver,,Illidari,,1,7,0,0,60791,0,0,0,1,0,0,0,128360,128370,0
98236,Energized Manafiend,,,,0,12,0,0,65713,0,0,0,1,1,1,1,0,0,0
98237,Empowered Manafiend,,,,0,12,0,0,65717,0,0,0,1,1,1,1,0,0,0
98238,Empyreal Manafiend,,,,0,12,0,0,65714,0,0,0,1,1,1,1,0,0,0
98241,Lyrath Moonfeather,,,,4,7,0,0,63669,0,0,0,0,1,1,1,0,0,0
98242,Fallen Moonfeather,,,,0,7,0,0,29764,0,0,0,1,0,0,0,0,0,0
98243,Soul-Torn Champion,,,,1,6,0,0,65762,0,0,0,1,1,1,1,87510,100955,0
98270,Robert Craig,,Grand Master Pet Tamer,,0,7,0,0,65740,0,0,0,1,0,0,0,0,0,0
98290,Cyana Nightglaive,,Illidari,,1,7,0,0,63986,0,0,0,1,0,0,0,128359,128371,0
98292,Kor'vas Bloodthorn,,Illidari,,1,7,0,0,66159,0,0,0,1,0,0,0,128359,128371,0
98294,Thrugtusk,,,,0,12,0,0,65527,0,0,0,1,1,1,1,0,0,0
98295,Baeloth,,,,0,12,0,0,65755,0,0,0,1,1,1,1,0,0,0
98296,Wumpas,,,,0,12,0,0,58768,0,0,0,1,1,1,1,0,0,0
98299,Bodash the Hoarder,,,,4,5,0,0,66811,0,0,0,1,1,1,1,0,0,0
98306,Cliffclutch Screecher,,,,0,7,0,3,63596,0,0,0,1,0,0,0,0,0,0
98307,Generic Bunny,,,,0,10,0,0,22712,17200,0,0,0,1,0,0,0,0,0
98353,Master Fel Stone,,,,0,10,0,3,65773,0,0,0,1,0,0,0,0,0,0
98379,Geth'xun,,,,1,3,0,0,64093,0,0,0,1,0,0,0,128279,0,0
98385,Erudite Manafiend,,,,0,14,0,0,65715,0,0,0,1,1,1,1,0,0,0
98386,Eldritch Manafiend,,,,0,14,0,0,65716,0,0,0,1,1,1,1,0,0,0
98411,Bonespeaker Inkbinder,,,,0,7,0,0,64200,0,0,0,1,1,1,1,56230,0,0
98421,Kottr Vondyr,,High Inkbinder,,4,7,0,0,71158,0,0,0,0,1,1,1,56230,0,0
98427,Coralback Fiddler,,,,0,8,0,0,65800,0,0,0,1,1,1,1,0,0,0
98428,Coralback Fiddler,,,,0,14,0,0,65800,0,0,0,1,0,0,0,0,0,0
98445,Mudshell Conch,,,,0,8,0,0,45883,0,0,0,1,1,1,1,0,0,0
98446,Mudshell Conch,,,,0,14,0,0,45883,0,0,0,1,0,0,0,0,0,0
98463,Broot,,,,0,12,0,0,65813,0,0,0,1,0,0,0,0,0,0
98489,Shipwrecked Captive,,Grand Master Pet Tamer,,0,7,0,0,714,0,0,0,1,1,1,1,0,0,0
98498,Bilgefin Invader,,,,0,7,0,0,486,0,0,0,1,1,1,1,127346,0,0
98503,Grrvrgull the Conqueror,,Champion of the Bilgefin,,4,7,0,0,5293,0,0,0,0,1,1,1,42920,77408,0
98506,Dust Bunny,,,,0,14,0,0,65854,0,0,0,1,1,1,1,0,0,0
98536,Cogburn P. Gigawatt,,Explorer Extraordinaire,,1,7,0,0,65831,0,0,0,1,0,0,0,0,0,91901
98572,Rocko,,,,0,14,0,0,66308,0,0,0,1,0,0,0,0,0,0
98588,Fel Creep,,,,0,10,0,0,23767,0,0,0,0,0,0,0,0,0,0
98592,Clamps,,,,0,12,0,0,57803,0,0,0,1,1,1,1,0,0,0
98593,Scuttles,,,,0,12,0,0,65151,0,0,0,1,0,0,0,0,0,0
98595,Kiazor the Destroyer,,,,6,12,0,0,4626,0,0,0,1,0,0,0,0,0,0
98602,Vigfus Bladewind,,,,0,6,0,0,65528,0,0,0,1,0,0,0,134562,134548,0
98613,Scouting Map,,,,0,7,0,0,68325,0,0,0,1,0,0,0,0,0,0
98624,Lady S'theno,,Coilskar Captain,,1,7,0,0,60790,0,0,0,1,0,0,0,120477,0,0
98650,Battlelord Gaardoun,,Ashtongue Captain,,0,7,0,0,61903,0,0,0,1,0,0,0,17383,0,0
98652,Coilskar Myrmidon,,Servant of Illidan,,0,7,0,0,64766,0,0,0,1,1,1,0,28965,0,0
98653,Manaspine Basilisk,,,,0,1,130,0,67021,0,0,0,1,0,0,0,0,0,0
98665,Fel Fire,,,,0,10,0,0,23767,0,0,0,0,0,0,0,0,0,0
98713,Kor'vas Bloodthorn,,Illidari,,1,7,0,0,66159,0,0,0,1,0,0,0,128359,128371,0
98714,Cyana Nightglaive,,Illidari,,1,7,0,0,63986,0,0,0,1,0,0,0,128359,128371,0
98786,Doomguard,,,,0,3,0,3,63144,0,0,0,1,0,0,0,0,0,0
98787,Fel Lord,,,,0,3,0,0,65980,0,0,0,1,0,0,0,124524,0,0
98788,Ancestral Warbrave,,,,1,7,0,0,65983,0,0,0,1,0,0,0,34058,0,0
98802,Vision of Deathwing,,,,1,2,0,3,70507,0,0,0,1,1,0,0,0,0,0
98825,Spiritwalker Ebonhorn,,,,1,7,0,0,63690,0,0,0,1,0,0,0,119206,118005,0
98890,Slumber,,,,4,1,4,0,37737,0,0,0,1,1,1,1,0,0,0
98939,Number Nine Jia,,Class Hall Upgrades,,1,7,0,0,41700,0,0,0,1,1,1,1,79719,0,0
98957,Coldscale Deatheye,,,,0,1,130,0,67021,0,0,0,1,0,0,0,0,0,0
99000,Mr. Burns,,PTR PET BATTLE VENDOR,,0,7,0,0,65740,0,0,0,1,0,0,0,0,0,0
99007,Slatecrusher Raider,,,,0,7,0,0,64339,0,0,0,1,0,0,0,0,0,0
99015,Sunny,,,,0,12,0,0,37154,0,0,0,1,0,0,0,0,0,0
99016,Beaky,,,,0,12,0,0,16943,0,0,0,1,0,0,0,0,0,0
99017,Roots,,,,0,12,0,0,48934,48932,48933,48935,1,1,1,1,0,0,0
99035,Durian Strongfruit,,Grand Master Pet Tamer,,0,7,0,0,40690,0,0,0,1,0,0,0,0,0,0
99077,Bredda Tenderhide,,Grand Master Pet Tamer,,0,7,0,0,66068,0,0,0,1,0,0,0,0,0,0
99080,Fearsome Jang,,Senior Master Tiger,,1,7,0,0,41461,0,0,0,1,0,0,0,0,0,0
99084,Fethyr,,,,0,12,0,3,62216,0,0,0,1,0,0,0,0,0,0
99085,Lil' Spirit Guide,,,,0,12,0,3,46939,46955,46956,0,1,1,1,0,0,0,0
99086,Quillino,,,,0,12,0,0,47732,0,0,0,1,1,1,1,0,0,0
99126,Crane Style Initiate,,,,0,7,0,0,69044,69005,69046,69328,1,1,1,1,0,0,0
99134,Serpent Style Monk,,,,0,7,0,0,41817,41818,0,0,1,1,0,0,0,0,0
99135,Tiger Style Initiate,,,,0,7,0,0,69163,69188,69162,69189,1,1,1,1,0,0,0
99136,Ox Style Initiate,,,,0,7,0,0,69170,68999,69169,0,1,1,1,0,0,0,0
99150,Grixis Tinypop,,Grand Master Pet Tamer,,0,7,0,0,66089,0,0,0,1,0,0,0,0,0,63180
99151,Red Wire,,,,0,12,0,0,51268,0,0,0,1,1,1,1,0,0,0
99152,Weird Thing,,,,0,12,0,0,45527,0,0,0,1,1,1,1,0,0,0
99156,Egcellent,,,,0,12,0,0,21382,0,0,0,1,0,0,0,0,0,0
99158,Gulp,,,,0,12,0,0,47991,0,0,0,1,0,0,0,0,0,0
99181,Fearsome Jang,,Senior Master Tiger,,1,7,0,0,41461,0,0,0,1,0,0,0,54877,54878,0
99182,Sir Galveston,,Grand Master Pet Tamer,,0,7,0,0,66099,0,0,0,1,0,0,0,46090,0,0
99185,Coach,,,,0,12,0,2,69047,0,0,0,0,0,0,0,0,0,0
99186,Sir Murkeston,,,,0,12,0,0,51990,0,0,0,1,0,0,0,0,0,0
99187,Greatest Foe,,,,0,12,0,3,65119,0,0,0,1,0,0,0,0,0,0
99210,Bodhi Sunwayver,,Grand Master Pet Tamer,,0,7,0,0,66109,0,0,0,1,0,0,0,0,0,0
99223,Adult Squallhunter,,Brood of Nithogg,,0,2,0,3,69898,0,0,0,0,1,0,0,0,0,0
99239,Itchy,,,,0,12,0,0,45880,0,0,0,1,0,0,0,0,0,0
99243,Salty Bird,,,,0,12,0,3,65066,0,0,0,1,0,0,0,0,0,0
99245,Grommet,,,,0,12,0,0,15369,0,0,0,1,0,0,0,0,0,0
99360,Vilethorn Blossom,,,,1,4,0,0,69687,0,0,0,1,1,1,1,0,0,0
99367,Corrupted Wasp Elite [PH],,,,1,1,44,3,66132,0,0,0,1,1,0,0,0,0,0
99371,Trapmaster Nixxa [UNUSED],,,,0,7,0,0,66134,0,0,0,1,0,0,0,29167,9644,0
99374,Apata Highmountain,,,,0,7,0,0,66135,0,0,0,1,0,0,0,34058,0,0
99376,Deesa,,Apata's Pet,,0,1,2,0,64246,0,0,0,1,0,0,0,0,0,0
99389,Thistleleaf Adventurer,,,,0,12,0,0,66147,0,0,0,1,1,1,1,0,0,0
99394,Fetid Waveling,,,,0,12,0,0,66155,0,0,0,1,1,1,1,0,0,0
99403,Risen Saber Kitten,,,,0,12,0,0,66157,0,0,0,1,0,0,0,0,0,0
99419,Baric Stormrunner,,Illidari,,1,7,0,0,65394,0,0,0,1,0,0,0,128361,128369,0
99423,Zaria Shadowheart,,Illidari,,1,7,0,0,65392,0,0,0,1,0,0,0,128361,128369,0
99425,Alarm-o-Bot,,,,0,12,0,0,74484,0,0,0,1,1,1,1,0,0,0
99460,Dargrul,,The Underking,,1,7,0,0,62392,0,0,0,1,0,0,0,132179,0,0
99480,Dakarr,,Highmountain's Bane,,1,1,2,0,66188,0,0,0,1,1,1,1,0,0,0
99505,Knockoff Blingtron,,,,0,12,0,0,59042,0,0,0,1,1,1,1,0,0,0
99513,Vicious Broodling,,,,0,14,0,0,66210,0,0,0,1,1,1,1,0,0,0
99518,Vision of Ysera,,,,0,2,0,3,66207,0,0,0,1,1,1,1,0,0,0
99526,Leyline Broodling,,,,0,14,0,0,66212,0,0,0,1,1,1,1,0,0,0
99527,Crystalline Broodling,,,,0,14,0,0,66211,0,0,0,1,1,1,1,0,0,0
99528,Thornclaw Broodling,,,,0,14,0,0,66213,0,0,0,1,1,1,1,0,0,0
99531,Aggra,,Shaman Trainer,,1,7,0,0,66216,0,0,0,1,0,0,0,58137,110159,0
99540,Mother Volaz,,,,1,3,0,0,68027,0,0,0,1,1,1,0,0,0,0
99548,Jailing Crystal,,,,0,10,0,3,59610,0,0,0,1,0,0,0,0,0,0
99552,Dark Mistress Repentia,,,,1,3,0,0,66228,0,0,0,1,1,1,0,124002,126057,0
99556,Lady Elosar,,,,1,3,0,0,66231,0,0,0,1,1,1,0,126793,0,0
99581,Wrathguard Fury,,,,0,3,0,0,64001,0,0,0,1,0,0,0,79734,79734,0
99584,Ravenous Magehunter,,,,0,3,0,0,6173,65055,0,0,1,1,0,0,0,0,0
99587,Izir the Lidless Eye,,,,1,3,0,0,67964,0,0,0,1,0,0,0,0,0,0
99601,Illidari Enforcer,,,,0,7,0,0,62532,0,0,0,1,0,0,0,128361,128369,0
99602,Illidari Enforcer,,,,0,7,0,0,62531,0,0,0,1,0,0,0,128361,128369,0
99603,Illidari Enforcer,,,,0,7,0,0,62530,0,0,0,1,0,0,0,128361,128369,0
99650,Thornclaw Broodling,,,,0,8,0,0,66213,0,0,0,1,0,0,0,0,0,0
99653,Crystalline Broodling,,,,0,8,0,0,66211,0,0,0,1,0,0,0,0,0,0
99654,Blue Broodling,,,,0,8,0,0,66211,0,0,0,1,0,0,0,0,0,0
99656,Red Broodling,,,,0,8,0,0,66210,0,0,0,1,0,0,0,0,0,0
99736,Dreadstalker,,,,6,3,0,0,63225,65541,65542,0,1,1,1,1,0,0,0
99737,Wild Imp,,,,6,3,0,0,77405,77406,77407,0,1,1,1,1,0,0,0
99738,Dreadstalkers,,,,6,3,0,0,13069,0,0,0,1,1,1,1,0,0,0
99739,Wild Imps,,,,6,3,0,0,13069,0,0,0,1,1,1,1,0,0,0
99742,Heliosus,,,,0,14,0,0,66360,0,0,0,1,0,0,0,0,0,0
99762,Legion Endbringer,,,,0,3,0,0,18832,0,0,0,1,0,0,0,82810,0,0
99764,Felsoul Crusher,,,,1,3,0,0,62716,0,0,0,1,1,0,0,0,0,0
99787,Marius Felbane,,Illidari,,1,7,0,0,62259,0,0,0,1,0,0,0,128358,128372,0
99791,Koralune Ettin,,,,1,5,0,0,71134,0,0,0,1,0,0,0,62907,0,0
99792,Elfbane,,,,2,5,0,0,66341,0,0,0,1,1,1,1,62907,0,0
99856,Mini Magmatron,,,,0,14,0,0,66378,0,0,0,1,0,0,0,0,0,0
99874,Mini Arcanotron,,,,0,14,0,0,66373,0,0,0,1,0,0,0,0,0,0
99876,Mini Electron,,,,0,14,0,0,66379,0,0,0,1,0,0,0,0,0,0
99878,Ominitron Defense System,,,,0,9,0,0,72742,0,0,0,1,0,0,0,0,0,0
99880,Ominitron Defense System,,,,0,9,0,0,66374,0,0,0,1,0,0,0,0,0,0
99918,Sevis Brightflame,,Illidari,,1,7,0,0,66396,0,0,0,1,0,0,0,128361,128369,0
99920,Sevis Brightflame,,Illidari,,1,7,0,0,66396,0,0,0,1,0,0,0,128361,128369,0
99924,Vindicator Aesom,,Triumvirate of the Hand,,1,7,0,0,63506,0,0,0,1,0,0,0,105938,111461,0
99925,Vindicator Kuros,,Triumvirate of the Hand,,1,7,0,0,63505,0,0,0,1,0,0,0,105939,111462,0
99926,Sunwalker Dezco,,,,1,7,0,0,62306,0,0,0,1,0,0,0,49357,38635,0
99927,Sunwalker Saern,,,,1,7,0,0,145208,0,0,0,1,1,1,1,108729,217807,0
99929,Flotsam,,,,2,5,0,0,66811,0,0,0,1,1,1,1,37812,0,0
99958,Wuho Highmountain,,,,0,7,0,0,66408,0,0,0,1,0,0,0,2522,89157,0
99986,Apata Highmountain,,,,0,7,0,0,66135,0,0,0,1,0,0,0,34058,0,0
99995,Justicar Julia Celeste,,,,0,7,0,0,23035,0,0,0,1,0,0,0,13316,0,0
99997,Arator,,,,0,7,0,0,16624,0,0,0,1,0,0,0,26003,0,0
100005,Dorro Highmountain,,,,0,7,0,0,72823,0,0,0,1,0,0,0,0,0,0
100014,Withered Husk,,,,0,7,0,0,68238,68239,0,0,1,1,0,0,0,0,0
100031,Lord Maxwell Tyrosus,,,,1,7,0,0,62762,0,0,0,1,0,0,0,108923,0,0
100048,Wrathguard Soulflayer,,,,0,3,0,0,64006,0,63994,0,1,0,1,0,138422,138422,0
100068,Defender Adrielle,,,,0,7,0,0,63508,0,0,0,1,0,0,0,107209,118555,0
100069,Defender Sorli,,,,0,7,0,0,17441,0,0,0,1,0,0,0,107209,118555,0
100070,Crusader Valus,,,,0,7,0,0,25222,0,0,0,1,0,0,0,0,0,0
100071,Orik Trueheart,,,,0,7,0,0,24574,0,0,0,1,0,0,0,0,0,0
100072,Crusader Sunborn,,,,0,7,0,0,73590,0,0,0,1,0,0,0,0,0,0
100073,Crusader Rhydalla,,,,0,7,0,0,29131,0,0,0,1,0,0,0,39802,0,0
100074,Crusader MacKellar,,,,0,7,0,0,26428,0,0,0,1,0,0,0,11087,0,0
100075,Crusader Jonathan,,,,0,7,0,0,25131,0,0,0,1,0,0,0,0,0,0
100076,Talren Highbeacon,,,,0,7,0,0,37385,0,0,0,1,0,0,0,13160,0,0
100077,Gidwin Goldbraids,,,,0,7,0,0,34644,0,0,0,1,0,0,0,13312,58938,0
100078,Tarenar Sunstrike,,,,0,7,0,0,34643,0,0,0,1,0,0,0,57038,0,0
100080,Captain Arnath,,,,0,7,0,0,25066,0,0,0,1,0,0,0,1899,0,0
100081,Captain Brandon,,,,0,7,0,0,25063,0,0,0,1,0,0,0,1899,0,0
100082,Eadric the Pure,,,,0,7,0,0,28836,0,0,0,1,0,0,0,40595,40596,0
100084,Brandur Ironhammer,,,,0,7,0,0,62922,0,0,0,1,0,0,0,109595,109632,0
100085,Aenea,,,,0,7,0,0,46766,0,0,0,1,0,0,0,53098,0,0
100086,Master Pyreanor,,,,0,7,0,0,21264,0,0,0,1,0,0,0,29403,27406,0
100087,Champion Cyssa Dawnrose,,,,0,7,0,0,19596,0,0,0,1,0,0,0,27405,27406,0
100088,Champion Vranesh,,,,0,7,0,0,17536,0,0,0,1,0,0,0,27405,27406,0
100089,Sangrias Stillblade,,,,0,7,0,0,73523,0,0,0,1,0,0,0,14535,0,0
100090,Ithelis,,,,0,7,0,0,16811,0,0,0,1,0,0,0,0,0,0
100091,Noellene,,,,0,7,0,0,16685,0,0,0,1,0,0,0,1983,0,0
100092,Osselan,,,,0,7,0,0,16815,0,0,0,1,0,0,0,0,0,0
100093,Kavaan,,,,0,7,0,0,17227,0,0,0,1,0,0,0,0,0,0
100094,Jol,,,,0,7,0,0,17226,0,0,0,1,0,0,0,0,0,0
100095,Aurelon,,,,0,7,0,0,16224,0,0,0,1,0,0,0,29619,29638,0
100162,Priestess of Elune,,,,0,7,0,0,66527,66528,66529,66530,1,1,1,1,0,0,0
100168,Ward of the Hunters,,,,0,10,0,0,66483,0,0,0,1,0,0,0,0,0,0
100175,Huln Highmountain,,,,1,7,0,0,66492,0,0,0,1,0,0,0,37813,0,0
100195,Master Pyreanor,,,,0,7,0,0,21264,0,0,0,1,0,0,0,29403,27406,0
100196,Eadric the Pure,,Quartermaster,,0,7,0,0,28836,0,0,0,1,1,1,1,40595,40596,0
100197,Gidwin Goldbraids,,,,0,7,0,0,34644,0,0,0,1,0,0,0,13312,58938,0
100198,Tarenar Sunstrike,,,,0,7,0,0,34643,0,0,0,1,0,0,0,57038,0,0
100199,Champion Vranesh,,,,0,7,0,0,17536,0,0,0,1,0,0,0,0,27406,0
100200,Ithelis,,,,0,7,0,0,16811,0,0,0,1,0,0,0,0,0,0
100201,Aenea,,,,0,7,0,0,46766,0,0,0,1,0,0,0,53098,0,0
100202,Noellene,,,,0,7,0,0,16685,0,0,0,1,0,0,0,1983,0,0
100203,Osselan,,,,0,7,0,0,16815,0,0,0,1,0,0,0,0,0,0
100209,Rivermane Tauren,,,,0,7,0,0,66504,66505,66506,66507,1,1,1,1,0,0,0
100210,Cenarius,,,,1,7,0,0,66177,0,0,0,1,0,0,0,0,0,0
100211,Cenarius,,,,1,7,0,0,66178,0,0,0,1,0,0,0,0,0,0
100217,Great Eagle,,,,0,10,26,3,66514,0,0,0,1,0,0,0,0,0,0
100218,Skyhorn Tauren,,,,0,7,0,0,66515,66516,66517,66518,1,1,1,1,0,0,0
100219,Bloodtotem Tauren,,,,0,7,0,0,66519,66520,66521,66522,1,1,1,1,0,0,0
100220,Tribeless Tauren,,,,0,7,0,0,66523,66524,66525,66525,1,1,1,1,0,0,0
100221,Apata Highmountain,,,,0,7,0,0,66135,0,0,0,1,0,0,0,34058,0,0
100222,Wuho Highmountain,,,,0,7,0,0,66408,0,0,0,1,0,0,0,2522,89157,0
100235,Apata Highmountain,,,,0,7,0,0,66135,0,0,0,1,0,0,0,34058,0,0
100236,Wuho Highmountain,,,,0,7,0,0,66408,0,0,0,1,0,0,0,2522,89157,0
100259,Illusory Stalker,,,,0,1,2,0,66537,0,0,0,1,0,0,0,0,0,0
100285,Bat,,,,1,1,0,3,7534,65202,0,0,0,1,1,1,0,0,0
100302,Puck,,Unethical Adventurers,,4,7,0,0,66606,0,0,0,1,1,1,1,0,0,18713
100303,Zenobia,,Unethical Adventurers,,4,7,0,0,66607,0,0,0,1,1,0,0,18608,0,0
100316,Metamorphosis,,,,1,3,0,0,65312,0,0,0,1,0,0,0,0,0,0
100317,Metamorphosis,,,,1,3,0,0,67675,0,0,0,1,0,0,0,0,0,0
100318,Metamorphosis,,,,1,3,0,0,65309,0,0,0,1,0,0,0,0,0,0
100319,Metamorphosis,,,,1,3,0,0,63247,0,0,0,1,0,0,0,0,0,0
100320,Metamorphosis,,,,1,3,0,0,67673,0,0,0,1,0,0,0,0,0,0
100321,Metamorphosis,,,,1,3,0,0,64560,0,0,0,1,0,0,0,0,0,0
100333,Skittering Broodling,,,,0,1,3,0,66613,0,0,0,1,1,1,1,0,0,0
100334,Tyranna's Spawn,,,,0,1,3,0,65921,0,0,0,1,1,1,1,0,0,0
100336,Creeping Doom,,,,1,7,0,3,46710,0,0,0,1,1,1,1,0,0,0
100338,Serpent Style Monk,,,,0,7,0,0,41817,41818,0,0,1,1,0,0,0,0,0
100339,Tiger Style Monk,,,,0,7,0,0,65745,41710,0,0,1,1,0,0,0,0,0
100340,Crane Style Monk,,,,0,7,0,0,41823,41824,0,0,1,1,0,0,0,0,0
100341,Ox Style Monk,,,,0,7,0,0,66082,66083,0,0,1,1,0,0,0,0,0
100351,Avatar of Vengeance,,,,1,7,0,0,67618,0,0,0,1,1,1,1,132101,0,0
100355,Number Nine Jia,,Senior Master Crane,,1,7,0,0,41700,0,0,0,1,0,0,0,0,0,0
100364,Spirit of Vengeance,,,,1,7,0,0,66403,0,0,0,1,1,1,1,127986,0,0
100366,Illusory Stalker,,,,0,1,2,0,66537,0,0,0,1,0,0,0,0,0,0
100370,Transformation,,,,1,3,0,0,66877,0,0,0,1,0,0,0,0,0,0
100376,Dakarr,,Highmountain's Bane,,1,1,2,0,66188,0,0,0,1,1,1,1,0,0,0
100387,Malfurion Stormrage,,,,1,7,0,0,35095,0,0,0,1,0,0,0,0,0,0
100392,VO Bunny,,,,0,10,0,0,16480,21342,0,0,0,1,0,0,0,0,0
100396,Transformation,,,,1,3,0,0,66611,0,0,0,1,0,0,0,0,0,0
100401,Fog Bunny,,,,0,10,0,0,328,66635,0,0,0,1,0,0,0,0,0
100402,Highmountain Defender,,,,1,7,0,0,63943,63946,0,0,1,0,0,0,34818,36449,0
100443,Druid of the Moon,,,,0,7,0,0,63273,64036,64037,64038,1,1,1,1,0,0,0
100446,Tideskorn Huntress,,,,0,7,0,0,25811,0,0,0,1,1,1,1,107134,0,108479
100448,General Bret Hughes,,,,1,7,0,0,67690,0,0,0,1,1,1,1,923,0,0
100449,Stormwind Royal Guard,,,,1,7,0,0,34004,34005,0,0,1,1,0,0,1899,143,0
100455,Moira Thaurissan,,Dark Iron Representative,,1,7,0,0,32680,0,0,0,1,1,1,1,11928,0,0
100457,Malfurion Stormrage,,,,1,7,0,0,35095,0,0,0,1,0,0,0,0,0,0
100461,Vindicator Maraad,,,,1,7,0,0,58494,0,0,0,1,0,0,0,30802,0,0
100469,Generic Bunny,,,,0,10,0,0,20570,11686,0,0,0,1,0,0,0,0,0
100470,Generic Bunny,,,,0,10,0,0,20570,11686,0,0,0,1,0,0,0,0,0
100482,Senegos,,,,1,2,0,0,66481,0,0,0,1,0,0,0,0,0,0
100495,Devouring Darkness,,,,4,15,0,0,60684,0,0,0,1,1,1,1,0,0,0
100520,Rivermane Tauren,,,,0,7,0,0,66142,66143,66144,66145,1,1,1,1,118568,0,0
100537,Desecrated Ancient,,,,0,7,0,0,64777,0,0,0,1,0,0,0,0,0,0
100560,Creeping Deathblossom,,,,0,7,0,0,19034,0,0,0,1,0,0,0,0,0,0
100561,Shimmering Oleander,,,,0,7,0,0,60143,0,0,0,1,0,0,0,0,0,0
100621,Mother Virila,,,,1,3,0,3,71673,0,0,0,1,1,1,1,0,0,0
100622,Danica the Reclaimer,,,,0,7,0,3,73300,0,0,0,1,0,0,0,140345,0,0
100652,Malfurion Stormrage,,,,1,7,0,0,71689,0,0,0,1,1,1,1,0,0,0
100653,Eitrigg,,,,0,7,0,0,65757,0,0,0,1,0,0,0,10612,107339,0
100701,Spiritwalker Ebonhorn,,,,0,2,0,0,63690,0,0,0,1,1,1,1,119206,118005,0
100720,Trade Prince Gallywix,,Leader of the Bilgewater Cartel,,1,7,0,0,75730,0,0,0,1,0,0,0,0,0,0
100852,Orgrimmar Grunt,,,,0,7,0,0,4259,4260,4602,4601,1,1,1,1,5289,0,2507
100866,Lady Sylvanas Windrunner,,Warchief,,1,7,0,0,50181,0,0,0,100,1,1,1,2179,0,42775
100870,Baine Bloodhoof,,High Chieftain,,1,7,0,0,30272,0,0,0,1,1,1,1,58367,0,0
100873,Allari the Souleater,,Illidari,,1,7,0,0,60079,0,0,0,1,0,0,0,122430,0,0
100893,Rune Ward,,,,0,10,0,0,66876,66875,0,0,1,1,0,0,0,0,0
100973,Anduin Wrynn,,King of Stormwind,,1,7,0,0,65199,0,0,0,1,1,1,1,12748,0,0
100974,Aysa Cloudsinger,,,,0,7,0,0,41667,0,0,0,1,1,1,1,0,0,0
100975,Falstad Wildhammer,,Wildhammer Clan Representative,,1,7,0,0,32681,0,0,0,1,1,1,1,30445,0,0
100977,Malfurion Stormrage,,,,1,7,0,0,35095,0,0,0,1,1,1,1,0,0,0
100978,Gelbin Mekkatorque,,"High Tinker, King of Gnomes",,1,7,0,0,7006,0,0,0,100,1,1,1,53096,11587,0
100979,Moira Thaurissan,,Dark Iron Representative,,1,7,0,0,32680,0,0,0,1,1,1,1,11928,0,0
100980,Tyrande Whisperwind,,High Priestess of Elune,,1,7,0,0,62092,0,0,0,1,1,1,1,0,0,77364
100981,Prophet Velen,,,,1,7,0,0,17822,0,0,0,0,1,1,1,35714,0,0
100990,Apata Highmountain,,,,0,7,0,3,66135,0,0,0,1,0,0,0,34058,0,0
100992,Fel Visage,,,,0,3,0,2,38795,0,0,0,1,0,0,0,0,0,0
100993,Felblade Assassin,,,,0,3,0,0,63967,63968,63969,0,1,1,1,0,79734,79735,0
101010,Lor'themar Theron,,Regent Lord of Quel'Thalas,,1,7,0,0,17122,0,0,0,1,1,1,1,168606,0,0
101011,Nathanos Blightcaller,,Champion of the Banshee Queen,,1,6,0,0,66644,0,0,0,1,1,1,1,65795,65795,5258
101053,Apata Highmountain,,,,0,7,0,0,66135,0,0,0,1,0,0,0,34058,0,0
101055,Jace Darkweaver,,Illidari,,1,7,0,0,60791,0,0,0,1,0,0,0,128360,128370,0
101064,Archdruid Hamuul Runetotem,,,,1,7,0,0,31605,0,0,0,100,0,0,0,63052,0,0
101065,Keeper Remulos,,,,1,10,0,0,11906,0,0,0,1,0,0,0,0,0,0
101077,Sekhan,,,,4,1,2,0,64387,0,0,0,1,1,1,1,0,0,0
101148,Twilight Deacon Farthing,,,,0,7,0,0,67003,0,0,0,1,1,1,1,128827,0,0
101159,Archmage Khadgar,,,,1,7,0,0,65834,0,0,0,1,0,0,0,28067,0,0
101294,General Purpose Stalker,,,,0,10,0,3,47399,11686,0,0,0,1,0,0,0,0,0
101310,Moira Thaurissan,,Queen of the Dark Iron,,1,7,0,0,32680,0,0,0,1,0,0,0,22213,0,0
101313,Prophet Velen,,,,1,7,0,0,67048,0,0,0,1,0,0,0,35714,0,0
101314,Alonsus Faol,,Bishop of Secrets,,1,7,0,0,67043,0,0,0,1,0,0,0,0,0,0
101316,Li Li Stormstout,,,,0,7,0,0,44514,0,0,0,1,0,0,0,89545,0,0
101317,Illysanna Ravencrest,,Illidari,,1,7,0,0,67049,0,0,0,1,0,0,0,128360,128370,0
101368,Watchful Macaw,,,,0,1,0,3,6192,42509,5207,6189,1,1,1,1,0,0,0
101397,Cailyn Paledoom,,Illidari,,1,7,0,0,67176,0,0,0,1,0,0,0,128359,128371,0
101450,Archmage Karlain,,Kirin Tor,,1,7,0,0,67195,0,0,0,1,0,0,0,50725,0,0
101451,Archmage Ansirem Runeweaver,,Kirin Tor,,1,7,0,0,67193,0,0,0,1,0,0,0,12182,0,0
101452,Archmage Modera,,Kirin Tor,,1,7,0,0,63776,0,0,0,1,0,0,0,35781,0,0
101453,Archmage Vargoth,,Kirin Tor,,1,7,0,0,67196,0,0,0,1,0,0,0,28456,0,0
101518,Felsaber,,,,0,3,0,0,67575,0,0,0,1,0,0,0,0,0,0
101527,Blingtron 6000,,,,0,9,0,0,74526,0,0,0,1,1,1,1,0,0,0
101582,Dakarr,,Shadow of Helya,,1,1,2,0,67228,0,0,0,1,0,0,0,0,0,0
101596,Charfeather,,,,4,1,160,0,69191,0,0,0,1,0,0,0,0,0,0
101597,Tirathon Saltheril,,Illidari,,1,7,0,0,67232,0,0,0,1,0,0,0,128358,128372,0
101606,Trade Prince Gallywix,,,,1,7,0,0,75730,0,0,0,1,0,0,0,0,0,0
101630,Amberstone Earthrender,,,,0,4,0,0,67263,0,0,0,1,0,0,0,0,0,0
101692,Fel Portal,,,,0,10,0,0,39412,0,0,0,1,0,0,0,0,0,0
101696,Shadow Portal,,,,0,10,0,0,39412,0,0,0,1,0,0,0,0,0,0
101778,Gorelix the Fleshripper,,,,1,3,0,0,65514,0,0,0,1,0,0,0,0,0,0
101793,Feltotem Demonkindre,,,,0,3,0,0,73636,0,0,0,1,0,0,0,0,0,0
101826,Wyrmtongue Deathsearcher,,,,0,3,0,0,67344,0,0,0,1,0,0,0,0,0,0
101878,Felsoul Inquisitor,,,,0,3,0,0,63524,0,0,0,1,1,0,0,0,0,0
101881,Taran Zhu,,Lord of the Shado-Pan,,0,7,0,0,41827,0,0,0,1,1,1,1,14879,0,0
101916,Dreadscar Archivist,,,,0,3,0,2,73567,0,0,0,1,1,1,1,0,0,0
101919,Portal,,,,0,10,0,0,23767,0,0,0,1,0,0,0,0,0,0
101985,Lulubelle Fizzlebang,,Council of the Black Harvest,,0,6,0,0,67425,0,0,0,1,1,1,1,0,0,0
101986,Ritssyn Flamescowl,,Council of the Black Harvest,,0,7,0,0,65975,0,0,0,1,0,0,0,110248,0,0
102005,Underbelly Guard,,,,0,7,0,0,65287,65288,65289,65290,1,1,1,1,43618,0,0
102039,Zakajz the Corruptor,,,,1,15,0,0,67454,0,0,0,0,0,0,0,0,0,0
102040,Image of Millhouse Manastorm,,,,0,7,0,0,68818,0,0,0,1,1,1,1,18842,0,0
102166,Murkwater Warrior,,,,0,7,0,0,4764,0,0,0,1,1,1,1,133792,0,0
102167,Corrupted Sister,,,,0,7,0,0,67519,0,0,0,1,0,0,0,125668,0,0
102195,Fargo Flintlocke,,,,0,7,0,0,34116,0,0,0,1,0,0,0,0,0,15460
102196,Fargo Flintlocke,,,,0,7,0,0,34116,0,0,0,1,0,0,0,0,0,15460
102197,Fargo Flintlocke,,,,0,7,0,0,34116,0,0,0,1,0,0,0,0,0,15460
102198,Fargo Flintlocke,,,,0,7,0,0,34116,0,0,0,1,0,0,0,0,0,15460
102202,Malfurion Stormrage,,,,1,7,0,2,35095,0,0,0,1,0,0,0,0,0,0
102206,Xavius,,Nightmare Lord,,1,3,0,0,68730,0,0,0,1,0,0,0,0,0,0
102226,Seabound Soldier,,,,0,6,0,0,67507,67508,67509,67510,1,1,1,1,0,0,0
102243,Spell Seeker Construct,,,,0,9,0,0,63866,0,0,0,1,0,0,0,0,0,0
102249,Dread Admiral Eliza,,,,0,7,0,0,67544,0,0,0,1,0,0,0,128872,134552,0
102273,Doomguard Infiltrator,,,,1,3,0,0,2727,63141,67561,0,1,1,1,0,0,0,0
102276,Brulworm,,,,1,1,42,0,66323,0,0,0,1,0,0,0,0,0,0
102284,Bitestone Snailsman,,,,0,7,0,0,64335,0,0,0,1,0,0,0,0,0,0
102293,Dread Admiral Eliza,,,,0,7,0,0,67544,0,0,0,1,0,0,0,128872,134552,10508
102294,Talgath,,,,0,3,0,0,67579,0,0,0,1,0,0,0,127127,125648,0
102317,Bloodfloor,,,,0,10,0,0,67585,0,0,0,1,0,0,0,0,0,0
102342,Hooded Priest,,,,0,7,0,0,67598,67599,67600,67601,1,1,1,1,129394,0,0
102343,Calia,,,,0,7,0,0,67797,0,0,0,1,1,1,1,0,0,0
102358,Alonsus Faol,,Bishop of Secrets,,1,7,0,0,67043,0,0,0,1,1,1,1,0,0,0
102363,Alonsus Faol,,Bishop of Secrets,,1,7,0,0,67043,0,0,0,1,0,0,0,0,0,0
102396,Glazer,,,,0,10,0,0,20570,11686,0,0,0,1,0,0,0,0,0
102444,Saraka the Lighteater,,,,1,15,0,0,61149,0,0,0,1,0,0,0,0,0,0
102448,Saraka the Lighteater,,,,1,15,0,0,67639,0,0,0,1,0,0,0,0,0,0
102453,Saa'ra,,,,1,10,0,0,67646,0,0,0,1,0,0,0,0,0,0
102456,Fel-Tainted Squirrel,,,,0,1,0,0,10090,0,0,0,1,0,1,1,0,0,0
102462,Prophet Velen,,,,1,7,0,0,67048,0,0,0,1,0,0,0,35714,0,0
102528,Effects Bunny,,,,1,3,0,0,65939,11686,0,0,0,1,0,0,0,0,0
102543,Felblade Assassin,,,,0,3,0,0,63967,63968,63969,0,1,1,1,0,79734,79735,0
102550,Vanessa VanCleef,,,,0,7,0,0,67671,0,0,0,1,0,0,0,18816,18816,0
102554,Muradin Bronzebeard,,,,1,7,0,0,62751,0,0,0,1,1,1,1,49775,49774,0
102587,Saa'ra,,,,1,10,0,0,67646,0,0,0,1,0,0,0,0,0,0
102639,Nat Pagle,,Master Fisherman,,0,7,0,0,13099,0,0,0,0,0,0,0,116826,0,0
102645,Margrave Dhakar,,,,0,7,0,0,67770,0,0,0,1,0,0,0,0,0,0
102649,Lilian Voss,,,,1,7,0,0,67721,0,0,0,1,0,0,0,49340,49340,0
102655,Alonsus Faol,,Bishop of Secrets,,1,7,0,0,67043,0,0,0,1,0,0,0,0,0,0
102667,O'ros,,,,1,10,0,0,18154,0,0,0,0,0,0,0,0,0,0
102690,Malfurion Roots,,,,0,10,0,0,67751,0,0,0,1,0,0,0,0,0,0
102708,Malfurion Roots,,,,0,10,0,0,67764,0,0,0,1,0,0,0,0,0,0
102709,Betild Deepanvil,,Master Artificer,,0,7,0,0,67763,0,0,0,1,1,1,1,45713,0,45713
102790,[PH] Calia Menethil,,,,0,7,0,0,67797,0,0,0,1,0,0,0,0,0,0
102791,Void Tendril Dummy,,,,0,10,0,0,169,23767,0,0,0,1,0,0,0,0,0
102824,Matron Mother Malevolence,,Shivarra Captain,,1,3,0,0,64013,0,0,0,1,0,0,0,0,0,0
102829,Murky,,,,0,7,0,0,67812,0,0,0,1,0,0,0,0,0,0
102831,Zithreenai Tidecaller,,,,1,7,0,0,66535,69440,0,0,0,1,1,1,79980,0,0
102855,Aegira,,Brewmaster,,1,7,0,0,72957,0,0,0,1,0,0,0,0,0,0
102863,Bruiser,,Champion Chomper,,4,1,130,0,66850,0,0,0,1,1,1,1,0,0,0
102886,Hill Ettin,,,,1,5,0,0,34706,0,0,0,1,1,1,1,0,0,0
102914,Emmarel Shadewarden,,Unseen Path,,0,7,0,0,66672,0,0,0,1,0,0,0,0,0,65972
102916,Well of Souls,,,,0,10,0,0,67894,0,0,0,0,0,0,0,0,0,0
102919,Yalia Sagewhisper,,,,0,7,0,0,41874,0,0,0,1,0,0,0,80280,0,0
102927,Void Tendril,,,,0,7,0,0,67914,67915,67916,67819,1,1,1,1,0,0,0
102938,Tyrande Whisperwind,,,,1,7,0,0,67912,0,0,0,1,0,0,0,0,0,0
102953,Tyrande Whisperwind,,,,1,7,0,0,67912,0,0,0,1,0,0,0,0,0,0
102956,Star Map,,,,0,10,0,0,67918,0,0,0,0,0,0,0,0,0,0
102957,Scouting Map,,,,0,7,0,0,73536,0,0,0,1,0,1,1,0,0,0
102963,Ragnvald Drakeborn,,,,0,7,0,0,67919,0,0,0,1,0,0,0,71445,0,0
102964,Haardgrim,,,,0,7,0,0,67921,0,0,0,1,0,0,0,66876,116807,0
102965,Alrik the Slayer,,,,0,7,0,0,67922,0,0,0,1,0,0,0,39730,39730,0
102968,Finna Bjornsdottir,,,,0,7,0,0,67923,0,0,0,1,0,0,0,127346,77408,0
102969,Nightborne Saboteur,,,,0,7,0,0,66269,66579,0,0,1,1,1,1,133177,132170,0
102988,Archmage Khadgar,,,,1,7,0,0,64045,0,0,0,1,0,0,0,23998,0,0
102989,Shadow Image,,,,0,7,0,0,67931,0,0,0,1,1,1,1,128827,0,0
102992,Highmountain Tracker,,,,1,7,0,0,67942,67944,67941,67943,1,1,1,1,116604,0,0
102994,Rivermane Shaman,,,,1,7,0,0,67945,67946,67947,67948,1,1,1,1,107839,0,0
103002,Banner,,,,0,7,0,0,73551,0,0,0,0,1,1,1,0,0,0
103007,Asha Ravensong,,Illidari,,0,7,0,0,64447,0,0,0,1,0,0,0,128359,128371,0
103008,Cassiel Nightthorn,,Illidari,,1,7,0,0,64446,0,0,0,1,0,0,0,128359,128371,0
103009,Tirathon Saltheril,,Illidari,,1,7,0,0,67232,0,0,0,1,0,0,0,128358,128372,0
103010,Kor'vas Bloodthorn,,Illidari,,1,7,0,0,66159,0,0,0,1,0,0,0,128359,128371,0
103011,Sevis Brightflame,,Illidari,,1,7,0,0,66396,0,0,0,1,0,0,0,128361,128369,0
103012,Sirius Ebonwing,,Illidari,,1,7,0,0,64444,0,0,0,1,0,0,0,128361,128369,0
103013,Illysanna Ravencrest,,Illidari,,1,7,0,0,67049,0,0,0,1,0,0,0,128360,128370,0
103014,Marius Felbane,,Illidari,,1,7,0,0,62259,0,0,0,1,0,0,0,128358,128372,0
103015,Zaria Shadowheart,,Illidari,,1,7,0,0,65392,0,0,0,1,0,0,0,128361,128369,0
103016,Baric Stormrunner,,Illidari,,1,7,0,0,65394,0,0,0,1,0,0,0,128361,128369,0
103017,Cailyn Paledoom,,Illidari,,1,7,0,0,67176,0,0,0,1,0,0,0,128359,128371,0
103022,Tyrande Whisperwind,,,,1,7,0,0,67912,0,0,0,1,0,0,0,0,0,0
103031,Skyhorn Windcaller,,,,1,7,0,0,67942,67941,67944,67943,1,1,1,1,0,0,121336
103035,Lady S'theno,,Coilskar Captain,,1,7,0,0,60790,0,0,0,1,0,0,0,120477,0,0
103039,Bloodtotem Warbrave,,,,1,7,0,0,67945,67946,67947,67948,1,1,1,1,107839,0,0
103071,Yalia Sagewhisper,,,,0,7,0,0,41874,0,0,0,1,0,0,0,80280,0,0
103092,The Great Akazamzarak,,,,0,7,0,0,68004,0,0,0,1,1,1,1,0,0,0
103106,Kayn Sunfury,,Illidari,,1,7,0,0,61698,0,0,0,1,0,0,0,128359,128371,0
103133,Naralex,,,,0,7,0,0,68026,0,0,0,1,0,0,0,0,0,0
103135,Zen'tabra,,,,0,7,0,3,37730,0,0,0,0,0,0,0,9477,0,0
103136,Zen'tabra,,,,0,7,0,0,68419,0,0,0,0,0,0,0,57020,0,0
103137,Broken Temple Monk,,,,0,7,0,0,66082,66082,41904,41905,1,1,1,1,0,0,0
103138,Chen Stormstout,,,,0,7,0,0,39698,0,0,0,1,0,0,0,0,0,0
103141,Rivermane Tauren,,,,0,7,0,0,67945,67946,67947,67948,1,1,1,1,115802,0,0
103142,Rivermane Tauren,,,,0,7,0,0,67945,67946,67947,67948,1,1,1,1,115802,0,0
103144,Thoradin,,King of Arathor,,1,7,0,0,68038,0,0,0,1,0,0,0,0,0,0
103151,Effects Bunny,,,,1,3,0,0,11686,65939,0,0,1,0,0,0,0,0,0
103154,Hati,,,,4,1,46,0,70574,0,0,0,1,1,1,1,0,0,0
103158,Treasure Chest FX,,,,0,10,0,3,328,27823,0,0,0,1,0,0,0,0,0
103159,Baby Winston,,,,0,12,0,0,68067,0,0,0,1,1,1,1,0,0,0
103176,Mo'arg Crusher,,,,0,3,0,0,67514,0,0,0,1,0,0,0,128519,0,0
103208,Withered Skulker,,,,0,7,0,0,68062,0,0,0,1,0,0,0,0,0,0
103223,Hertha Grimdottir,,,,4,7,0,0,71158,0,0,0,1,1,1,1,43580,0,0
103228,Nightfallen Commander,,,,0,7,0,0,68102,0,0,0,1,0,0,0,0,0,0
103273,Druid of the Antler,,,,0,7,0,0,64500,64501,64498,64499,1,1,1,0,0,0,0
103276,Druid of the Talon,,,,0,7,0,0,32255,32257,0,0,1,1,0,0,56004,0,0
103277,Druid of the Talon,,,,0,7,0,0,32256,32258,0,0,1,1,0,0,56004,0,0
103281,Druid of the Claw,,,,0,7,0,0,62394,65563,65553,65562,1,1,1,1,0,0,0
103291,Druid of the Claw,,,,0,7,0,0,65563,0,0,0,1,0,0,0,0,0,0
103293,Druid of the Claw,,,,0,7,0,0,65553,0,0,0,1,0,0,0,0,0,0
103294,Moonglade Warden,,,,0,7,0,0,11774,11775,0,0,25,25,0,0,14475,0,12523
103295,Moonglade Warden,,,,0,7,0,0,11776,11777,0,0,25,25,0,0,14475,0,12523
103296,Moonglade Warden,,,,0,7,0,0,29407,0,0,0,25,25,0,0,0,0,0
103297,Moonglade Warden,,,,0,7,0,0,8571,0,0,0,25,25,0,0,0,0,0
103299,Moonglade Warden,,,,0,7,0,0,64143,0,0,0,25,25,0,0,0,0,0
103300,Druid of the Antler,,,,0,7,0,0,40816,0,0,0,25,0,0,0,0,0,0
103302,Druid of the Talon,,,,0,7,0,0,65593,68114,0,0,1,1,0,0,56004,0,0
103344,Oakheart,,Father of the Glade,,1,4,0,0,68127,0,0,0,1,1,1,1,0,0,0
103345,Mog'dorg the Wizened,,,,0,7,0,0,37872,0,0,0,1,1,1,1,107328,0,0
103360,Forge Camp Invader,,,,0,7,0,0,67564,0,0,0,1,1,1,1,13504,0,0
103372,Zen'tabra,,,,0,7,0,0,68419,0,0,0,0,0,0,0,57020,0,0
103373,Naralex,,,,0,7,0,0,68026,0,0,0,1,0,0,0,0,0,0
103398,Zakajz the Corruptor,,,,1,15,0,0,68556,0,0,0,1,0,0,0,0,0,0
103472,Test Burd DNT,,,,0,1,160,3,34888,0,0,0,1,0,0,0,0,0,0
103479,Lord Maxwell Tyrosus,,,,1,7,0,0,62762,0,0,0,1,0,0,0,108923,0,0
103483,Effects Bunny,,,,1,3,0,3,65939,11686,0,0,0,1,0,0,0,0,0
103531,Ironhorn Claimjumper,,,,1,7,0,0,68234,0,0,0,1,0,0,0,1910,1910,0
103560,Generic Bunny,,,,0,10,0,0,20570,17612,0,0,0,1,0,0,0,0,0
103575,Reef Lord Raj'his,,,,4,7,0,0,68273,0,0,0,1,1,1,1,120477,0,0
103655,Altruis's Cell,,,,0,10,0,0,68307,0,0,0,1,1,1,1,0,0,0
103656,Gornoth the Lost,,,,1,5,0,0,70397,0,0,0,1,0,0,0,133982,0,0
103658,Kayn's Cell,,,,0,10,0,0,68307,0,0,0,1,1,1,1,0,0,0
103673,Darkglare,,,,0,3,19,0,116130,0,0,0,0,1,1,1,0,0,0
103678,Scenario Kill Credit NPC,,,,0,1,160,3,34888,0,0,0,1,0,0,0,0,0,0
103687,Spirit of Alrik,,,,0,7,0,3,68321,0,0,0,1,0,0,0,0,0,0
103688,Spirit of Haardgrim,,,,0,7,0,3,68322,0,0,0,1,0,0,0,0,0,0
103714,Aranasi Maiden,,,,0,3,0,0,65925,0,0,0,1,0,0,0,0,0,0
103728,Mylra Ride Kill Credit NPC,,,,0,1,160,3,34888,0,0,0,1,0,0,0,0,0,0
103732,Tylos Darksight,,Illidari Helmsman,,0,7,0,0,68342,0,0,0,1,0,0,0,0,0,0
103737,Sana Bloodletter,,Illidari,,0,7,0,0,68345,0,0,0,1,0,0,0,0,0,0
103738,Tian Netherwalker,,Illidari,,0,7,0,0,68346,0,0,0,1,0,0,0,0,0,0
103760,Ariana Fireheart,,Illidari,,1,7,0,0,68365,0,0,0,1,1,1,1,128360,128370,0
103763,Sevis Brightflame,,Illidari,,1,7,0,0,66396,0,0,0,1,0,0,0,128361,128369,0
103778,Naralex,,,,0,7,0,0,68026,0,0,0,1,0,0,0,0,0,0
103823,Druid Champion 1,,,,0,7,0,0,62317,0,0,0,1,0,0,0,0,0,0
103824,Druid Champion 2,,,,0,7,0,0,31605,0,0,0,1,0,0,0,0,0,0
103825,Druid Champion 3,,,,0,7,0,0,26364,0,0,0,1,0,0,0,0,0,0
103826,The Monkey King,,,,0,7,0,0,46707,0,0,0,1,0,0,0,92961,0,0
103875,Malfurion Stormrage,,,,1,7,0,0,35095,0,0,0,1,0,0,0,0,0,0
103975,Jade Darkhaven,,Felsworn Commander,,2,3,0,0,71941,0,0,0,1,1,1,1,128361,128369,0
103986,Windcaller Yessendra,,,,0,7,0,0,15477,0,0,0,0,0,0,0,13709,0,0
103988,Arthorn Windsong,,,,0,7,0,0,21136,0,0,0,0,0,0,0,0,0,0
103989,Mahuram Stouthoof,,,,0,7,0,0,16430,0,0,0,0,0,0,0,0,0,0
103990,Taronn Redfeather,,,,0,7,0,0,10254,0,0,0,0,0,0,0,0,0,0
103991,Ivy Leafrunner,,,,0,7,0,0,10646,0,0,0,0,0,0,0,12322,0,0
103993,Hierophant Liandra,,,,0,7,0,0,21243,0,0,0,0,0,0,0,0,0,0
103994,Zen'Balai,,,,0,7,0,0,13529,0,0,0,0,0,0,0,2200,0,0
103997,Bella Wilder,,,,0,7,0,0,68452,0,0,0,1,0,0,0,0,0,0
104012,Zen'tabra,,,,0,7,0,0,68419,0,0,0,1,0,0,0,57020,0,0
104013,Rufus Claybourne,,,,0,7,0,0,33651,0,0,0,1,0,0,0,57020,0,0
104015,Mahona,,,,0,7,0,0,58796,0,0,0,1,0,0,0,0,0,0
104043,Zen'kiki,,,,0,7,0,0,33878,0,0,0,1,0,0,0,43219,0,0
104046,Ysiel Windsinger,,,,0,7,0,0,17275,0,0,0,0,0,0,0,13709,0,0
104047,Dendrite Starblaze,,,,0,7,0,0,11769,0,0,0,0,0,0,0,0,0,0
104049,Windcaller Kaldon,,,,0,7,0,0,15550,0,0,0,0,0,0,0,10619,0,0
104050,Kelek Skykeeper,,,,0,7,0,0,10649,0,0,0,0,0,0,0,13061,0,0
104051,Arctyx Thunderfoot,,,,0,7,0,0,65549,0,0,0,0,0,0,0,0,0,0
104052,Lea Stonepaw,,,,0,7,0,0,68584,0,0,0,0,0,0,0,0,0,0
104053,Perla Nightfang,,,,0,7,0,0,65569,0,0,0,0,0,0,0,0,0,0
104054,Astran Rainfeather,,,,0,7,0,0,73575,0,0,0,0,0,0,0,0,0,0
104072,Arctyx Thunderfoot,,,,0,1,0,0,29416,0,0,0,1,1,1,1,0,0,0
104073,Arthorn Windsong,,,,0,1,0,0,20857,0,0,0,1,0,0,0,0,0,0
104074,Astran Rainfeather,,,,0,1,0,0,64143,0,0,0,1,0,0,0,0,0,0
104075,Dendrite Starblaze,,,,0,1,0,0,29406,0,0,0,1,0,0,0,0,0,0
104076,Ivy Leafrunner,,,,0,1,0,0,29408,0,0,0,1,0,0,0,0,0,0
104077,Windcaller Kaldon,,,,0,1,0,0,21243,0,0,0,1,0,0,0,0,0,0
104078,Kelek Skykeeper,,,,0,1,0,0,64143,0,0,0,1,0,0,0,0,0,0
104079,Lea Stonepaw,,,,0,1,0,0,29414,0,0,0,1,0,0,0,0,0,0
104080,Perla Nightfang,,,,0,1,0,0,58743,0,0,0,1,0,0,0,0,0,0
104081,Windcaller Yessendra,,,,0,1,0,0,64143,0,0,0,1,0,0,0,0,0,0
104082,Ysiel Windsinger,,,,0,1,0,0,42330,0,0,0,1,0,0,0,0,0,0
104083,Mahuram Stouthoof,,,,0,1,0,0,29420,0,0,0,1,0,0,0,0,0,0
104084,Taronn Redfeather,,,,0,1,0,0,43786,0,0,0,1,0,0,0,0,0,0
104086,Zen'Balai,,,,0,1,0,0,33666,0,0,0,1,0,0,0,0,0,0
104087,Zen'tabra,,,,0,1,0,0,37730,0,0,0,1,0,0,0,0,0,0
104088,Zen'kiki,,,,0,1,0,0,24929,0,0,0,1,0,0,0,0,0,0
104089,Bella Wilder,,,,0,1,0,0,33650,0,0,0,1,0,0,0,0,0,0
104091,Kirin Tor Guardian,,,,1,7,0,0,68480,47997,47999,48000,2,2,3,1,43617,0,0
104224,Suramar Snarler,,,,0,1,1,0,52601,0,0,0,1,1,1,1,0,0,0
104230,Mailemental,,The Postmaster's Familiar,,0,4,0,0,68547,0,0,0,1,0,0,0,0,0,0
104241,Malfurion Stormrage,,,,1,7,0,0,35095,0,0,0,1,0,0,0,0,0,0
104247,Duskwatch Arcanist,,,,1,7,0,0,70563,70564,0,0,1,1,1,1,132171,0,0
104276,Zakajz the Corruptor,,,,1,15,0,0,67454,0,0,0,1,0,0,0,0,0,0
104293,Avatar of Shadow,,,,1,7,0,3,67618,0,0,0,1,1,1,1,0,0,0
104306,Armored Wyvern,,,,0,1,160,0,46930,0,0,0,1,1,1,1,0,0,0
104307,Thoradin,,King of Arathor,,1,7,0,0,68038,0,0,0,1,0,0,0,0,0,0
104309,Zakajz the Corruptor,,,,1,15,0,0,68556,0,0,0,1,0,0,0,0,0,0
104313,Malfurion Stormrage,,,,1,7,0,3,38042,0,0,0,0,0,0,0,0,0,0
104328,Feltotem Bloodbinder,,,,0,7,0,0,65177,0,0,0,1,0,0,0,0,0,0
104349,Naralex,,,,0,7,0,0,68026,0,0,0,1,0,0,0,0,0,0
104382,Apata Highmountain,,,,0,7,0,0,66135,0,0,0,1,0,0,0,34058,0,0
104398,Bashana Runetotem,,,,0,7,0,0,65530,0,0,0,1,1,1,1,12322,0,0
104426,Felsoul Magus,,,,0,3,0,0,68764,68765,68766,68767,1,1,1,1,128962,0,0
104447,Hungering Manastalker,,,,0,3,0,0,62750,0,0,0,1,0,0,0,0,0,0
104505,Shadowflame Imp,,,,6,3,0,0,67910,68036,0,0,1,1,0,0,0,0,0
104535,Lea Stonepaw,,,,0,7,0,0,68584,0,0,0,1,1,1,1,12322,0,0
104553,Odrogg,,Snail Fighting Champion,,0,7,0,0,64671,0,0,0,1,0,0,0,0,0,0
104557,Navarrogg,,Stonedark Leader,,1,7,0,0,69863,0,0,0,1,0,0,0,107327,0,0
104558,Snot,,,,0,12,0,0,38135,0,0,0,1,0,0,0,0,0,0
104559,Slow Moe,,,,0,12,0,0,45882,0,0,0,1,0,0,0,0,0,0
104560,Rocklick,,,,0,12,0,0,34590,0,0,0,1,0,0,0,0,0,0
104563,The Grey One,,,,1,7,0,0,68897,0,0,0,1,1,0,0,0,0,0
104572,Image of Kalec,,,,1,7,0,0,68689,0,0,0,0,0,0,0,0,0,0
104573,Lyessa Bloomwatcher,,Guardian of G'Hanir,,1,7,0,0,68636,0,0,0,1,0,0,0,0,0,0
104577,Lyessa Bloomwatcher,,Guardian of G'Hanir,,1,7,0,0,68636,0,0,0,1,0,0,0,0,0,0
104611,Lyessa Bloomwatcher,,Guardian of G'Hanir,,1,7,0,0,73350,0,0,0,1,0,0,0,0,0,0
104619,Destromath,,,,1,3,0,0,17287,0,0,0,1,1,1,1,127648,0,0
104621,Skylord Omnuron,,,,1,7,0,0,68648,0,0,0,1,1,1,1,0,0,0
104622,Taran Zhu,,Lord of the Shado-Pan,,0,7,0,0,41827,0,0,0,1,0,0,0,0,0,0
104623,Sylara Steelsong,,,,0,7,0,0,68650,0,0,0,1,0,0,0,30648,30648,0
104628,Lyessa Bloomwatcher,,Guardian of G'Hanir,,1,7,0,0,68636,0,0,0,1,1,1,1,0,0,0
104631,Angus Ironfist,,,,0,7,0,0,68654,0,0,0,1,0,0,0,0,0,0
104632,Hiro,,,,0,7,0,0,68655,0,0,0,1,0,0,0,88471,0,0
104633,Aegira,,,,0,7,0,0,68959,0,0,0,1,0,0,0,90011,0,0
104636,Cenarius,,,,1,7,0,0,70947,0,0,0,1,1,1,1,0,0,0
104647,Stormcaller Mylra,,The Earthen Ring,,0,7,0,0,33020,0,0,0,1,0,0,0,58137,57763,0
104648,Duke Hydraxis,,,,0,4,0,0,58870,0,0,0,1,0,0,0,0,0,0
104649,Consular Celestos,,,,0,4,0,0,47254,0,0,0,1,0,0,0,0,0,0
104651,Farseer Nobundo,,,,0,7,0,0,17600,0,0,0,1,0,0,0,1908,0,0
104652,Rehgar Earthfury,,Hero of the Storm,,0,7,0,0,64946,0,0,0,1,0,0,0,0,44241,0
104653,Baron Scaldius,,,,0,4,0,0,69829,0,0,0,1,1,1,1,0,0,0
104654,Muln Earthfury,,Earthen Ring,,0,7,0,0,38658,0,0,0,1,0,0,0,27862,0,0
104655,Avalanchion the Unbroken,,,,0,4,0,0,64289,0,0,0,1,0,0,0,0,0,0
104659,Archdruid Hamuul Runetotem,,,,1,7,0,0,31605,0,0,0,1,1,1,1,63052,0,0
104669,Calydus,,,,0,3,0,0,64476,0,0,0,1,1,1,1,0,0,0
104670,Kira Iresoul,,,,0,7,0,0,68731,0,0,0,1,0,0,0,0,0,0
104671,Zinnin Smythe,,,,0,7,0,0,65985,0,0,0,1,0,0,0,0,0,0
104672,Jubeka Shadowbreaker,,,,0,7,0,0,46572,0,0,0,1,0,0,0,108468,0,0
104673,Shinfel Blightsworn,,,,0,7,0,0,65979,0,0,0,1,0,0,0,110456,0,0
104674,Eredar Twins,,,,0,3,0,0,23177,0,0,0,1,1,1,1,0,0,0
104728,Tyrande Whisperwind,,,,1,7,0,0,67912,0,0,0,1,0,0,0,0,0,0
104739,Tyrande Whisperwind,,,,1,7,0,0,67912,0,0,0,1,0,0,0,0,0,0
104750,Portal,,,,0,10,0,0,68690,0,0,0,0,0,0,0,0,0,0
104753,Tian Pupil,,,,0,7,0,0,68873,68872,41779,68874,1,1,1,1,0,0,0
104755,Lady Keletress,,Sister of Anguish,,0,3,0,0,71254,0,0,0,1,0,0,0,139160,0,0
104756,Skola Greatsword,,Tideskorn Captain,,0,7,0,0,68865,0,0,0,1,0,0,0,81396,0,0
104759,Ox Initiates,,,,0,7,0,0,68997,68999,69168,72577,1,1,1,1,85574,0,0
104762,Ysera,,The Corrupted,,1,3,0,3,68695,0,0,0,1,0,0,0,0,0,0
104764,Malfurion Stormrage,,,,1,7,0,0,35095,0,0,0,1,0,0,0,0,0,0
104776,Legion Portal,,,,0,10,0,3,39317,0,0,0,1,0,0,0,0,0,0
104777,Archdruid Hamuul Runetotem,,,,1,7,0,0,2289,0,0,0,1,1,1,1,0,0,0
104781,Elderhorn Calf,,,,0,7,0,0,66485,0,0,0,1,0,0,0,0,0,0
104782,Hungry Icefang,,,,0,14,0,0,60076,0,0,0,1,0,0,0,0,0,0
104784,Taran Zhu,,Lord of the Shado-Pan,,0,7,0,0,41827,0,0,0,1,1,1,1,14879,0,0
104790,Fire Bunny,,,,0,10,0,0,20570,11686,0,0,0,1,0,0,0,0,0
104794,Rivermane Shaman,,,,1,7,0,0,66142,66143,66144,66145,1,1,1,1,107839,0,0
104796,Felguard Invader,,,,0,3,0,0,18342,0,0,0,1,1,1,1,82810,0,0
104799,Tyrande Whisperwind,,,,1,7,0,0,67912,0,0,0,1,0,0,0,0,0,0
104812,Lost Laborer,,,,0,6,0,3,66621,0,0,0,1,1,1,1,0,0,0
104813,Hatecoil Skrog,,,,1,5,0,0,66811,0,0,0,1,1,1,1,0,0,0
104814,Hatecoil Spitespeaker,,,,0,7,0,0,22590,0,0,0,1,1,1,1,0,0,0
104816,Mak'rana Warrior,,,,0,7,0,0,61620,0,0,0,1,1,1,1,0,0,0
104817,Salteye Tide-Shaman,,,,0,7,0,0,486,0,0,0,1,1,1,1,0,0,0
104825,Highmountain Tracker,,,,1,7,0,0,63943,63946,0,0,1,1,1,1,128808,0,0
104834,Tainted Ale,,,,0,10,0,0,68723,0,0,0,1,0,0,0,0,0,0
104841,Fel Fire,,,,0,10,0,0,20570,68728,0,0,0,1,0,0,0,0,0
104846,Shoal Leyclaw,,,,0,7,0,0,3900,0,0,0,1,1,1,1,0,0,0
104849,Skyhorn Windcaller,,,,1,7,0,0,65479,65480,65479,65475,1,1,1,1,0,0,121336
104850,The Monkey King,,,,0,7,0,0,46707,0,0,0,1,0,0,0,92961,0,0
104878,Narashi Spitescale,,,,0,7,0,0,20672,0,0,0,1,0,0,0,0,0,0
104881,Spellblade Aluriel,,Captain of the Magistrix's Guard,,1,7,0,0,70243,0,0,0,1,1,1,1,137255,137258,0
104885,Tyrande Whisperwind,,,,1,7,0,0,67912,0,0,0,1,0,0,0,0,0,0
104888,Necrodark Defiler,,,,0,7,0,0,68821,0,0,0,1,1,1,1,0,0,0
104903,Doomrogg,,Grey Zealot,,0,7,0,0,68821,0,0,0,1,0,0,0,116623,0,0
104911,The Grey One,,,,1,7,0,0,68634,0,0,0,1,1,0,0,0,0,0
104920,Darkfiend Dreadbringer,,,,0,7,0,0,70883,0,0,0,1,1,1,1,0,0,0
104921,Tyrande Whisperwind,,,,1,7,0,0,39623,0,0,0,1,0,0,0,0,0,0
104922,Darkfiend Dreamtwister,,,,0,7,0,0,70884,0,0,0,1,1,1,1,0,0,0
104923,Terrorfiend Bat,,,,0,1,0,3,61828,0,0,0,1,1,1,1,0,0,0
104924,Defiled Grovewalker,,,,0,7,0,0,69789,0,0,0,1,1,1,1,0,0,0
104925,Gorecrazed Mauler,,,,0,1,4,0,1007,3201,0,0,1,1,1,1,0,0,0
104928,Dreadsting Lurker,,,,0,1,0,3,64744,0,0,0,1,1,1,1,0,0,0
104930,Black Rook Archer,,,,0,6,0,0,62644,63833,63834,63835,1,1,1,1,34284,27496,65300
104931,Black Rook Warrior,,,,0,6,0,0,63439,63758,63759,63760,1,1,1,1,25156,0,0
104933,Gravewalker,,,,0,6,0,0,66620,0,0,0,1,1,1,1,0,0,0
104944,Golarb,,Shinfel's Minion,,0,3,0,0,67727,0,0,0,1,1,1,1,0,0,0
104952,Ox Adepts,,,,0,7,0,0,69010,69009,66083,66082,1,1,1,1,83761,83761,0
104953,Ox Masters,,,,0,7,0,0,68998,69000,69175,72590,1,1,1,1,90012,0,0
104955,Taran Zhu,,Lord of the Shado-Pan,,0,7,0,0,41827,0,0,0,1,1,1,1,14879,0,0
104957,Tiger Initates,,,,0,7,0,0,65747,68995,69164,69188,1,1,1,1,52492,52492,0
104958,Tiger Adepts,,,,0,7,0,0,65746,65745,69008,69007,1,1,1,1,89576,0,0
104959,Tiger Masters,,,,0,7,0,0,68994,68996,0,0,1,1,1,1,82595,82595,0
104960,Crane Initate,,,,0,7,0,0,70217,70218,70219,70220,1,1,1,1,0,0,0
104961,Crane Adept,,,,0,7,0,0,45003,45640,45641,45642,1,1,1,1,0,0,0
104962,Crane Master,,,,0,7,0,0,45003,45640,45641,45642,1,1,1,1,0,0,0
104964,The Grey One,,,,1,7,0,3,68867,0,0,0,1,1,0,0,0,0,0
104966,Malfurion Roots 02,,,,0,10,0,0,68870,0,0,0,1,0,0,0,0,0,0
104967,Malfurion Trapped Roots,,,,0,10,0,0,68871,0,0,0,1,0,0,0,0,0,0
104970,Xorvasc,,Grand Master Pet Tamer,,0,7,0,0,1014,0,0,0,1,0,0,0,0,0,0
104971,Injured Tian Pupil,,,,0,7,0,0,68876,68875,68877,68878,1,1,1,1,0,0,0
104972,Globs,,,,0,12,0,0,48704,0,0,0,1,0,0,0,0,0,0
104975,Trixy,,,,0,12,0,0,48662,0,0,0,1,1,1,1,0,0,0
104978,Nightmare Sprout,,,,0,12,0,0,72085,0,0,0,1,1,1,1,0,0,0
104983,Entrance  Kill Credit B,,,,0,10,0,0,47399,11686,0,0,0,1,0,0,0,0,0
104984,Taran Zhu,,Lord of the Shado-Pan,,0,7,0,0,41827,0,0,0,1,1,1,1,14879,0,0
104992,The Maw,,,,0,14,0,0,69051,0,0,0,1,1,1,1,0,0,0
104995,Navarrogg,,Stonedark Leader,,1,7,0,0,69863,0,0,0,1,0,0,0,107327,0,0
105009,Thistleleaf Bully,,,,0,14,0,0,70891,0,0,0,1,1,1,1,0,0,0
105045,Angus Ironfist,,,,0,7,0,0,68654,0,0,0,1,0,0,0,0,0,0
105062,Swamprock Reedweaver,,,,0,7,0,0,3617,0,0,0,1,1,1,1,0,0,0
105063,Swamprock Marshstomper,,,,0,7,0,0,1995,0,0,0,1,1,1,1,60765,0,0
105064,Feltotem Warmonger,,,,0,7,0,0,65175,0,0,0,1,1,1,1,124065,0,0
105065,Feltotem Bloodbinder,,,,0,7,0,0,65177,0,0,0,1,1,1,1,0,0,0
105066,Feltotem Bonehound,,,,0,6,52,0,56645,0,0,0,1,1,1,1,0,0,0
105067,Crawliac Hagfeather,,,,0,7,0,2,64239,0,0,0,1,1,1,1,0,0,0
105068,Crawliac Deathscreamer,,,,0,7,0,2,64592,0,0,0,1,1,1,1,0,0,0
105074,Vicious Ravenbear,,,,0,7,0,0,65125,0,0,0,0,1,1,1,0,0,0
105075,Bighorn Stormgoat,,,,0,1,129,0,68749,0,0,0,1,1,1,1,0,0,0
105076,Tideskorn Raider,,,,0,7,0,0,64729,64730,0,0,1,1,1,1,57005,56913,0
105077,Tideskorn Runetwister,,,,0,7,0,0,64200,0,0,0,1,1,1,1,0,0,0
105078,Tideskorn Warmonger,,,,0,7,0,0,64735,0,0,0,1,1,1,1,81396,0,0
105079,Restless Ancestor,,,,0,6,0,3,63417,64729,63122,63112,1,1,1,1,0,0,0
105083,Felbound Cleaver,,,,0,3,0,0,64821,0,0,0,1,1,1,1,128519,0,0
105084,Servant of Skovald,,,,0,7,0,0,62446,63122,63123,63124,1,1,1,1,0,0,0
105086,Living Coals,,,,0,12,0,0,58534,0,0,0,1,1,1,1,0,0,0
105087,Devouring Blaze,,,,0,12,0,0,68931,0,0,0,1,1,1,1,0,0,0
105090,Cackling Flame,,,,0,12,0,0,8409,0,0,0,0,0,0,0,0,0,0
105093,Fragment of Fire,,,,0,12,0,0,37541,0,0,0,1,0,0,0,0,0,0
105107,Broken Temple Prisoner,,,,0,7,0,0,68875,68872,68876,68874,1,1,1,1,0,0,0
105108,Lava Monstrosity,,,,1,4,0,0,38773,0,0,0,0,0,0,0,0,0,0
105113,Broken Temple Prisoner,,,,0,7,0,0,68877,68873,41780,68878,1,1,1,1,0,0,0
105120,Lord Smolderon,,,,0,4,0,0,38621,0,0,0,0,0,0,0,0,0,0
105149,Invisible Bunny - Fire Starter,,,,0,7,0,0,41199,46003,0,0,1,0,0,0,0,0,0
105150,Dreamwisp,,,,0,10,0,0,68977,0,0,0,1,0,0,0,0,0,0
105159,Bitestone Drogbar,,,,1,7,0,0,64338,0,0,0,1,0,0,0,0,0,0
105168,Anetheron,,,,1,3,0,0,68981,0,0,0,1,0,0,0,0,0,0
105169,Mephistroth,,,,1,3,0,0,74998,0,0,0,1,0,0,0,0,0,0
105173,Lord Hel'nurath,,,,1,3,0,0,67643,0,0,0,1,0,0,0,0,0,0
105189,Doomlord Kazrok,,,,1,3,0,0,20915,0,0,0,1,0,0,0,0,0,0
105212,The Grey One,,,,1,7,0,0,68634,0,0,0,1,1,0,0,0,0,0
105220,Tournament Announcer,,Dalaran Pet Tournament Employee,,0,7,0,0,85261,0,0,0,1,1,1,1,0,0,0
105226,Aegira,,Brewmaster,,1,7,0,0,68959,0,0,0,1,0,0,0,0,0,0
105228,Greg,,Dalaran Pet Tournament Employee,,0,7,0,0,69083,0,0,0,1,0,0,0,0,0,0
105229,Tiffany Nelson,,Grand Master Pet Tamer,,0,7,0,0,65430,0,0,0,1,0,0,0,0,0,0
105230,Bodhi Sunwayver,,Grand Master Pet Tamer,,0,7,0,0,66109,0,0,0,1,0,0,0,0,0,0
105231,Sir Galveston,,Grand Master Pet Tamer,,0,7,0,0,66099,0,0,0,1,0,0,0,46090,0,0
105236,Heliosus,,,,0,7,0,0,74027,0,0,0,1,0,0,0,0,0,0
105241,Splint Jr.,,,,0,14,0,0,69050,0,0,0,1,0,0,0,0,0,0
105250,Aulier,,Master of Pets,,0,7,0,0,70039,0,0,0,1,0,0,0,0,0,0
105255,Taran Zhu,,Lord of the Shado-Pan,,0,7,0,0,41827,0,0,0,1,1,1,1,14879,0,0
105260,Beauty,,,,0,12,0,0,59131,0,0,0,1,0,0,0,0,0,0
105261,Conviction,,,,0,12,0,3,65112,0,0,0,1,0,0,0,0,0,0
105262,Dignity,,,,0,12,0,3,39109,0,0,0,0,0,0,0,0,0,0
105265,Nightborne Reclaimer,,,,0,7,0,0,66265,66573,0,0,1,1,1,1,132171,0,0
105266,Nightborne Infiltrator,,,,0,7,0,0,66257,66561,0,0,1,1,1,1,132170,132170,0
105267,Manascale Basilisk,,,,0,1,0,0,65052,0,0,0,1,1,1,1,0,0,0
105268,Koralune Ettin,,,,1,5,0,0,71134,0,0,0,1,1,1,1,62907,0,0
105269,Felsoul Dragoon,,,,1,3,0,0,64093,66330,0,0,1,1,1,1,0,0,0
105270,Wyrmtongue Minion,,,,0,3,0,0,66331,66332,66333,0,1,1,0,1,0,0,0
105271,Felbat Shrieker,,,,0,3,0,3,65202,65204,0,0,1,1,1,1,0,0,0
105317,Warlord Zakgra,,,,1,7,0,0,69090,0,0,0,1,0,0,0,118400,0,0
105318,Ancient Catacomb Spider,,,,0,12,0,0,69092,0,0,0,1,1,1,1,0,0,0
105319,Catacomb Bat,,,,0,12,0,0,65547,0,0,0,1,1,1,1,0,0,0
105320,Catacomb Snake,,,,0,12,0,0,51277,0,0,0,1,1,1,1,0,0,0
105323,Ancient Catacomb Eggs,,,,0,12,0,0,72736,0,0,0,1,1,1,1,0,0,0
105352,Surging Mana Crystal,,Click to start a pet battle.,,0,1,3,0,62037,0,0,0,1,1,1,1,0,0,0
105353,Font of Mana,,,,0,12,0,0,65713,0,0,0,1,1,1,1,0,0,0
105355,Essence of Mana,,,,0,12,0,0,65717,0,0,0,1,1,1,1,0,0,0
105356,Seed of Mana,,,,0,12,0,0,65714,0,0,0,1,1,1,1,0,0,0
105360,Timeworn Raider,,,,0,7,0,0,31291,0,0,0,1,0,0,0,54820,0,0
105362,Timeworn Stormcaller,,,,0,7,0,0,22590,0,0,0,1,0,0,0,0,0,0
105386,Rydyr,,Grand Master Pet Tamer,,0,7,0,0,72130,0,0,0,1,0,0,0,0,0,0
105387,Andurs,,Grand Master Pet Tamer,,0,7,0,0,70109,0,0,0,1,0,0,0,0,0,0
105389,Baby Bjorn,,,,0,12,0,0,69118,0,0,0,1,0,0,0,0,0,0
105391,Mini Musken,,,,0,12,0,0,69113,0,0,0,1,0,0,0,0,0,0
105452,Gnaw,,,,0,12,0,0,69143,0,0,0,1,1,1,1,0,0,0
105453,Mist Wraith,,,,0,12,0,0,45917,0,0,0,1,1,1,1,0,0,0
105454,Crawdead,,,,0,12,0,0,57803,0,0,0,1,1,1,1,0,0,0
105455,Trapper Jarrun,,Grand Master Pet Tamer,,0,7,0,0,29824,0,0,0,1,0,0,0,0,0,0
105468,Nightmare Ancient,,,,1,7,0,0,70108,0,0,0,1,0,0,0,0,0,0
105469,Muln Earthfury,,Earthen Ring,,0,7,0,0,38658,0,0,0,1,0,0,0,27862,0,0
105470,Senegos,,,,1,2,0,0,67929,0,0,0,1,0,0,0,0,0,0
105494,Rotten Drake,,,,1,6,0,2,70085,0,0,0,1,0,0,0,0,0,0
105495,Twisted Sister,,,,1,7,0,0,69680,0,0,0,1,0,0,0,137012,0,0
105499,Harbinger of Dark,,,,0,12,0,3,48650,0,0,0,1,1,1,1,0,0,0
105500,Herald of Light,,,,0,12,0,3,69254,0,0,0,1,1,1,1,0,0,0
105509,Tiger Style Initiate,,,,0,7,0,0,69186,69165,69164,69187,1,1,1,1,0,0,0
105510,Crane Style Initiate,,,,0,7,0,0,69043,69003,69045,0,1,1,1,0,0,0,0
105511,Ox Style Initiate,,,,0,7,0,0,68997,69168,69167,69166,1,1,1,1,0,0,0
105512,Envoy of the Hunt,,Grand Master Pet Tamer,,0,7,0,2,67161,0,0,0,1,0,0,0,0,0,0
105513,Ox Style Adept,,,,0,7,0,0,69022,69009,69020,69012,1,1,1,1,0,0,0
105514,Ox Style Adept,,,,0,7,0,0,69021,69010,69019,69011,1,1,1,1,0,0,0
105515,Crane Style Adept,,,,0,7,0,0,69024,69004,69015,0,1,1,1,0,0,0,0
105516,Crane Style Adept,,,,0,7,0,0,69023,69002,69016,0,1,1,1,0,0,0,0
105517,Tiger Style Adept,,,,0,7,0,0,69025,69018,69013,69007,1,1,1,1,0,0,0
105518,Tiger Style Adept,,,,0,7,0,0,69026,69008,69017,69014,1,1,1,1,0,0,0
105519,Crane Style Master,,,,0,7,0,0,69174,69006,69173,0,1,1,1,0,0,0,0
105520,Crane Style Master,,,,0,7,0,0,69172,69001,69171,0,1,1,1,0,0,0,0
105521,Ox Style Master,,,,0,7,0,0,69000,69179,69178,69177,1,1,1,1,0,0,0
105522,Ox Style Master,,,,0,7,0,0,69175,68998,69176,0,1,1,1,0,0,0,0
105523,Tiger Style Master,,,,0,7,0,0,69182,68994,69181,69180,1,1,1,1,0,0,0
105524,Tiger Style Master,,,,0,7,0,0,68996,69185,69184,69183,1,1,1,1,0,0,0
105532,Helhound,,,,0,6,52,0,64467,0,0,0,1,1,1,1,0,0,0
105547,Rauren,,Owlkitten Matron,,4,1,160,0,69191,0,0,0,1,1,1,1,0,0,0
105581,Jing Li,,Ox Captain,,1,7,0,0,69199,0,0,0,1,0,0,0,0,0,0
105590,Number Eight Aiko,,Master Crane,,1,7,0,0,69204,0,0,0,1,0,0,0,0,0,0
105593,Fevered Explorer,,,,0,7,0,0,69698,69695,0,0,1,1,0,0,1511,876,0
105594,Firelord Smolderon,,Lord of the Firelands,,0,4,0,0,38621,0,0,0,0,0,0,0,71557,0,0
105597,Captain Tec,,,,0,7,0,0,72449,0,0,0,1,0,0,0,0,0,0
105602,Vindicator Boros,,Triumvirate of the Hand,,1,7,0,0,63504,0,0,0,1,0,0,0,105940,126759,0
105623,Fal'dorei Slicer,,,,0,7,0,0,68737,0,0,0,1,0,0,0,0,0,0
105660,Akaari Shadowgore,,,,0,3,0,0,69142,0,0,0,1,0,0,0,128476,128479,0
105674,Varenne,,Master of the Dish,,0,7,0,0,70048,0,0,0,1,0,0,0,0,0,0
105675,Gusteau,,,,0,12,0,0,69226,0,0,0,1,1,1,1,0,0,0
105677,Remy,,,,0,12,0,0,22175,0,0,0,1,1,1,1,0,0,0
105678,Dinner,,,,0,12,0,0,64132,0,0,0,1,1,1,1,0,0,0
105679,Val'kyr Stormbreaker,,,,0,7,0,3,67161,0,0,0,1,0,0,0,0,0,0
105684,Alora,,,,0,7,0,0,69441,0,0,0,1,0,0,0,0,0,0
105689,Orik Trueheart,,,,0,7,0,0,24574,0,0,0,1,0,0,0,85428,0,0
105691,Tahu Sagewind,,,,0,7,0,0,145153,0,0,0,1,1,1,1,111488,0,0
105694,Cato,,,,0,7,0,0,69233,0,0,0,1,0,0,0,126520,73435,0
105695,Yrgrim the Truthseeker,,Champion of Tyr,,1,7,0,0,69234,0,0,0,0,1,0,0,128867,128866,0
105696,Gorvold the Looter,,Winterskorn Captain,,0,7,0,2,69291,0,0,0,1,0,0,0,42920,0,0
105707,Archdruid Hamuul Runetotem,,,,1,7,0,0,31605,0,0,0,1,1,1,1,63052,0,0
105724,Orik Trueheart,,,,0,7,0,0,24574,0,0,0,1,0,0,0,85428,0,0
105727,Tahu Sagewind,,,,0,7,0,0,145153,0,0,0,1,1,1,1,111488,0,0
105751,Enraged Skrog,,,,1,5,0,0,66810,0,0,0,1,0,0,0,0,0,0
105756,Leyline Spiderling,,,,6,1,3,0,69273,0,0,0,1,1,1,1,0,0,0
105764,Kil'jaeden,,The Deceiver,,1,3,0,0,23200,0,0,0,1,0,0,0,0,0,0
105769,Brother Larry,,,,0,7,0,0,69288,0,0,0,1,1,1,1,0,0,0
105774,Portal,,,,0,10,0,0,69290,0,0,0,0,0,0,0,0,0,0
105776,Tahu Sagewind,,,,0,7,0,0,145153,0,0,0,1,1,1,1,111488,0,0
105777,Orik Trueheart,,,,0,7,0,0,24574,0,0,0,1,0,0,0,85428,0,0
105779,Felsoul Seer,,Augur of the Eye,,0,7,0,0,63524,0,0,0,1,0,0,0,0,0,0
105780,Lightning Witch,,,,1,7,0,0,20748,0,0,0,1,0,0,0,0,0,0
105782,Eye of Inquisition,,,,0,12,0,3,63536,0,0,0,1,1,1,1,0,0,0
105783,Eye of Interrogation,,,,0,12,0,3,63538,0,0,0,1,1,1,1,0,0,0
105784,Eye of Impetration,,,,0,12,0,3,63537,0,0,0,1,1,1,1,0,0,0
105813,Orik Trueheart,,,,0,7,0,0,24574,0,0,0,1,0,0,0,85428,0,0
105836,Nightborne Socialite,,,,0,7,0,0,69992,69993,69994,69995,1,1,1,1,0,0,0
105840,Stitches Jr. Jr.,,,,0,14,0,0,59109,0,0,0,1,1,1,1,0,0,0
105841,Lil'idan,,,,0,14,0,0,69326,0,0,0,1,1,1,1,0,0,0
105842,Chromadon,,,,0,14,0,0,69327,0,0,0,1,1,1,1,0,0,0
105887,Subjugator Valith,,,,0,3,0,0,64645,0,0,0,1,1,1,1,0,0,0
105890,Jace Darkweaver,,Illidari,,0,7,0,0,60791,0,0,0,1,0,0,0,128360,128370,0
105897,Darkfiend Raider,,,,0,3,0,0,70886,70873,0,0,1,1,0,0,0,0,0
105898,Blottis,,,,0,14,0,0,69426,0,0,0,1,1,1,1,0,0,0
105910,Orik Trueheart,,,,0,7,0,0,24574,0,0,0,1,0,0,0,85428,0,0
105911,Orik Trueheart,,,,0,7,0,0,24574,0,0,0,1,0,0,0,85428,0,0
105912,Cato,,,,0,7,0,0,69233,0,0,0,1,0,0,0,126520,73435,0
105917,Image of Kalec,,,,1,7,0,0,68689,0,0,0,0,0,0,0,0,0,0
105919,Screaming Felbat,,,,0,3,0,3,65204,0,0,0,1,0,0,0,0,0,0
105929,Naralex,,,,0,7,0,0,68026,0,0,0,1,0,0,0,0,0,0
105930,Zen'tabra,,,,0,7,0,0,68419,0,0,0,1,0,0,0,0,0,0
105931,Broll Bearmantle,,,,0,7,0,0,65529,0,0,0,1,0,0,0,0,0,0
105934,Sylendra Gladesong,,,,0,7,0,0,69425,0,0,0,1,0,0,0,0,0,0
105935,Archdruid Hamuul Runetotem,,,,0,7,0,0,31605,0,0,0,1,1,1,1,0,0,0
105937,Mylune,,,,0,7,0,0,72120,0,0,0,1,0,0,0,0,0,0
105938,Felwing,,,,4,3,0,3,69438,0,0,0,1,1,1,1,0,0,0
105939,Brightwing,,,,0,2,303,3,65526,0,0,0,1,0,0,0,0,0,0
105940,Keeper Remulos,,,,0,7,0,0,11906,0,0,0,1,0,0,0,0,0,0
105945,Sevis Brightflame,,Illidari,,1,10,0,0,69439,0,0,0,1,0,0,0,128361,128369,0
105952,Withered Manawraith,,,,1,7,0,0,70161,0,0,0,1,0,0,0,0,0,0
105995,Muln Earthfury,,Earthen Ring,,0,7,0,0,69535,0,0,0,1,1,1,1,27862,0,0
106026,Darkfiend Assassin,,,,0,3,0,0,64801,0,0,0,1,0,0,0,0,0,0
106094,Effects Bunny,,,,1,3,0,0,65939,11686,0,0,0,1,0,0,0,0,0
106114,Moulder,,,,0,12,0,0,69483,0,0,0,1,1,1,1,0,0,0
106117,Skully,,,,0,12,0,0,69484,0,0,0,1,1,1,1,0,0,0
106122,Dr. Fluffington,,,,0,12,0,0,69486,0,0,0,1,1,1,1,0,0,0
106134,Vindicator Boros,,Triumvirate of the Hand,,0,7,0,0,63504,0,0,0,1,0,0,0,105940,126759,0
106136,Mylune,,,,0,7,0,0,72120,0,0,0,1,0,0,0,0,0,0
106143,Guardian of the Dream,,,,0,7,0,0,69501,69494,69496,69498,1,1,1,1,12322,0,0
106144,Guardian of the Dream,,,,0,7,0,0,69502,69495,69497,69500,1,1,1,1,12322,0,0
106152,Baby Elderhorn,,,,0,12,0,0,66485,0,0,0,1,0,0,0,0,0,0
106172,Runeshaper Griselda,,,,0,7,0,0,69516,0,0,0,1,0,0,0,129727,0,0
106181,Sunborne Val'kyr,,,,0,12,0,3,69254,0,0,0,1,0,0,0,0,0,0
106202,Yrgrim the Truthseeker,,Champion of Tyr,,1,7,0,0,69234,0,0,0,0,1,0,0,0,0,0
106210,Trigger,,,,0,12,0,0,68666,0,0,0,1,0,0,0,0,0,0
106212,Nightmare Fog,,,,0,10,0,3,20570,69524,0,0,0,1,0,0,0,0,0
106232,Wyrmy Tunkins,,,,0,12,0,0,69532,0,0,0,1,0,0,0,0,0,0
106270,Celestial Calf,,,,0,12,0,0,68858,0,0,0,1,0,0,0,0,0,0
106278,Felbat Pup,,,,0,12,0,3,68859,0,0,0,1,0,0,0,0,0,0
106279,Black Harvest Acolytes,,,,0,7,0,0,72532,72533,72534,72535,1,1,1,1,25233,0,0
106280,Pack of Imps,,,,0,7,0,0,67801,67724,67727,67733,1,1,1,1,0,0,0
106281,Felguard Demons,,,,0,7,0,0,5049,0,0,0,1,0,0,0,0,0,0
106283,Corgi Pup,,,,0,12,0,0,68729,0,0,0,1,0,0,0,0,0,0
106285,Descendent of Gorvold,,,,0,7,0,2,68276,0,0,0,1,0,0,0,0,0,0
106303,Generic Bunny,,,,0,10,0,0,20570,15880,0,0,0,1,0,0,0,0,0
106304,Corrupted Wisp,,,,0,10,0,0,169,69844,0,0,0,1,0,0,0,0,0
106314,Muln Earthfury,,Earthen Ring,,0,7,0,0,38658,0,0,0,1,0,0,0,27862,0,0
106332,Wild Howler,,,,0,12,51,0,69564,0,0,0,1,1,1,1,0,0,0
106333,Young Gorilla,,,,0,12,0,0,21362,0,0,0,1,1,1,1,0,0,0
106336,Red Tailed Hawk,,,,0,12,26,3,62217,0,0,0,1,1,1,1,0,0,0
106337,Travard,,Tyr's Guard,,0,7,0,0,69565,0,0,0,1,0,0,0,111584,109632,0
106339,Abhorrent Artificer,,,,0,3,0,0,66332,0,0,0,1,1,1,1,0,0,0
106351,Artificer Lothaire,,,,4,7,0,0,66577,0,0,0,0,1,1,1,0,0,0
106377,Archmage Omniara,,Recruiter,,1,7,0,0,71053,0,0,0,1,1,1,1,0,0,0
106382,Tirisgarde Apprentices,,,,0,7,0,0,70984,70985,70053,70983,1,1,1,1,20978,0,0
106386,Water Elemental,,,,0,7,0,0,64601,64601,64601,64601,1,1,1,1,0,0,0
106387,Mage Troop C,,,,0,7,0,0,45003,45640,45641,45642,1,1,1,1,0,0,0
106388,Pack of Ghouls,,,,0,7,0,0,519,570,547,559,1,1,1,1,0,0,0
106389,Ebon Knights,,,,0,7,0,0,63575,72254,63576,72255,1,1,1,1,117049,0,0
106390,Geist Swarm,,,,0,7,0,0,37302,37301,25327,25170,1,1,1,1,0,0,0
106391,[UNUSED]Ashtongue Warrior,,,,0,7,0,0,64417,0,0,0,1,0,0,0,0,0,0
106392,Illidari Adepts,,,,0,7,0,0,61911,61912,61907,61908,1,1,1,1,128361,128369,0
106393,Mission McSmartypants,,,,0,7,0,0,45003,45640,45641,45642,1,1,1,1,0,0,0
106394,Daughters of Cenarius,,,,0,7,0,0,13672,13673,13673,13672,1,1,1,1,0,0,0
106395,Druids of the Claw,,,,0,7,0,0,62394,65563,65553,65562,1,1,1,1,65461,0,0
106396,Keepers of the Grove,,,,0,7,0,0,67939,66130,7618,2432,1,1,1,1,0,0,0
106398,Squad of Archers,,,,0,7,0,0,71234,72284,71236,71237,1,1,1,1,0,0,4087
106399,Band of Trackers,,,,0,7,0,0,71242,72312,71244,71245,1,1,1,1,0,0,64620
106400,Hunter Troop C,,,,0,7,0,0,45003,45640,45641,45642,1,1,1,1,0,0,0
106401,Squad of Squires,,,,0,7,0,0,72672,72673,71008,72218,1,1,1,1,923,0,0
106402,Silver Hand Knights,,,,0,7,0,0,71012,72207,72208,72209,1,1,1,1,34670,30882,0
106403,Paladin Troop C,,,,0,7,0,0,45003,45640,45641,45642,1,1,1,1,0,0,0
106404,Group of Acolytes,,,,0,7,0,0,72370,72369,72372,72373,1,1,1,1,55939,0,0
106405,Netherlight Paragons,,,,0,7,0,0,72390,72391,72400,72401,1,1,1,1,37169,62235,0
106406,Band of Zealots,,,,0,7,0,0,72412,72413,72414,72415,1,1,1,1,2236,19142,0
106407,Gang of Bandits,,,,0,7,0,0,71426,71427,72451,71434,1,1,1,1,25538,25538,0
106408,Defias Thieves,,,,0,7,0,0,71445,71448,72476,72477,1,1,1,1,2057,1927,0
106409,Uncrowned Duelists,,,,0,7,0,0,71461,72494,72495,71466,1,1,1,1,61620,7944,0
106410,Lesser Elementals,,,,0,7,0,0,1109,1070,5561,0,1,1,1,1,0,0,0
106411,Water Ascendants,,,,0,7,0,0,42854,42854,42854,42854,1,1,1,1,0,0,0
106412,Circle of Earthcallers,,,,0,7,0,0,72511,71131,72682,72683,1,1,1,1,13024,13024,0
106413,Valarjar Aspirants,,,,0,7,0,0,65678,65679,65680,65681,1,1,1,1,137263,137264,0
106414,Valkyra Shieldmaidens,,,,0,7,0,0,71251,68954,69637,71251,1,1,1,1,140345,89116,0
106415,Stormforged Valarjar,,,,0,7,0,0,67361,67937,0,0,1,1,1,1,137174,137264,0
106417,Vinu,,Zinfandelemental,,0,14,0,0,69589,0,0,0,1,1,1,1,0,0,0
106420,Anarys Lunastre,,,,0,7,0,0,69517,0,0,0,1,0,0,0,132170,0,0
106422,Subjugated Tadpole,,,,0,12,0,0,15394,0,0,0,1,1,1,1,0,0,0
106423,Allured Tadpole,,,,0,12,0,0,15396,0,0,0,1,1,1,1,0,0,0
106424,Confused Tadpole,,,,0,12,0,0,15395,0,0,0,1,1,1,1,0,0,0
106459,Captain Hjalmar Stahlstrom,,Recruiter,,1,7,0,0,70110,0,0,0,1,1,1,1,137263,140748,0
106476,Beguiling Orb,,Click to start a pet battle.,,0,1,3,0,38738,0,0,0,1,1,1,1,0,0,0
106482,Malfurion Stormrage,,,,1,7,0,0,70004,0,0,0,1,0,0,0,0,0,0
106508,Injured Adventurer,,,,0,7,0,0,69726,0,0,0,1,0,0,0,116606,0,0
106518,Muln Earthfury,,Earthen Ring,,0,7,0,0,38658,0,0,0,1,0,0,0,27862,0,0
106525,Hungry Owl,,,,0,12,0,3,69632,0,0,0,1,1,1,1,0,0,0
106526,Lady Rivantas,,,,4,3,0,0,52317,0,0,0,1,1,0,0,0,0,0
106535,Hungry Rat,,,,0,12,0,0,27627,0,0,0,1,1,1,1,0,0,0
106536,Echo of Xuen,,,,0,1,0,0,73023,0,0,0,0,0,0,0,0,0,0
106537,Felguard Invader,,,,0,3,0,0,62534,0,0,0,1,0,0,0,119458,0,0
106542,Wounded Azurewing Whelpling,,Click to start a pet battle.,,0,2,0,0,62638,0,0,0,1,1,1,1,0,0,0
106552,Nightwatcher Merayl,,,,0,7,0,0,0,0,0,61098,1,1,1,1,49687,118201,0
106553,Breezy Book,,,,0,12,0,0,46938,0,0,0,0,1,1,1,0,0,0
106554,Helpful Spirit,,,,0,12,0,0,45952,0,0,0,0,1,1,1,0,0,0
106555,Delicate Moth,,,,0,12,0,2,36944,0,0,0,0,1,1,1,0,0,0
106575,Blackmaw Furbolg,,,,1,7,0,0,63266,0,0,0,1,0,0,0,0,0,0
106588,Sentinel of Ursoc,,,,1,7,0,0,68517,68516,68515,68514,1,1,1,1,0,0,0
106594,Archdruid Hamuul Runetotem,,,,0,7,0,0,31605,0,0,0,1,0,0,0,13339,0,0
106595,Bashana Runetotem,,,,0,7,0,0,8356,0,0,0,1,0,0,0,12322,0,0
106598,Celestine of the Harvest,,,,1,7,0,0,65532,0,0,0,1,0,0,0,50695,0,0
106599,Naralex,,,,0,7,0,0,68026,0,0,0,1,0,0,0,0,0,0
106600,Rensar Greathoof,,Archdruid of the Grove,,1,7,0,0,67016,0,0,0,1,1,1,1,118803,0,0
106601,Skylord Omnuron,,Mission Specialist,,1,7,0,0,32245,0,0,0,1,0,0,0,13339,0,0
106602,Sylendra Gladesong,,,,0,7,0,0,69425,0,0,0,1,0,0,0,118803,0,0
106603,Zen'tabra,,,,1,7,0,0,31734,0,0,0,1,0,0,0,9477,0,0
106607,Emerald Sister,,,,1,7,0,0,69673,0,0,0,1,0,0,0,55413,0,0
106628,Verdant Grovewalker,,,,1,7,0,0,37166,864,0,0,0,1,0,0,0,0,0
106637,Grand Warlock Alythess,,,,1,3,0,0,23334,0,0,0,1,0,0,0,0,0,0
106652,Mephistroth,,,,0,3,0,0,74997,0,0,0,1,0,0,0,0,0,0
106654,Duskwatch Moonscythe,,,,0,7,0,0,73503,0,0,0,1,1,0,0,132170,0,0
106667,Cleansed Ancient,,,,1,7,0,0,64775,0,0,0,1,0,0,0,0,0,0
106692,Mephistroth,,,,0,3,0,0,74997,0,0,0,1,0,0,0,0,0,0
106719,Mordoth the Hunter,,,,1,15,0,0,69774,0,0,0,1,0,0,0,0,0,0
106722,Argent Phalanx,,,,0,7,0,0,63299,63300,63301,63302,1,1,1,1,40595,49933,0
106755,Thal'kiel,,,,0,3,0,3,69707,0,0,0,1,0,0,0,0,0,0
106764,Darkfiend Despoiler,,,,0,7,0,0,70873,70882,0,0,1,1,0,0,0,0,0
106774,Shieldbearer Anak,,,,0,7,0,0,63293,63308,63299,63305,0,1,0,0,40595,49933,0
106775,Lyanae,,,,0,7,0,0,62670,62666,62662,62659,1,0,0,0,42331,0,0
106776,David Globerunner,,,,1,7,0,0,66049,0,0,0,1,0,0,0,0,0,0
106777,Travard,,Tyr's Guard,,0,7,0,0,69565,0,0,0,1,0,0,0,111584,109632,0
106792,Cloud Serpent,,,,0,1,0,0,44445,0,0,0,1,0,0,0,0,0,0
106809,Emerald Drake,,,,1,2,0,2,68680,0,0,0,1,0,0,0,0,0,0
106811,Mephistroth,,,,0,3,0,0,74997,0,0,0,1,0,0,0,0,0,0
106831,Redeemed Sister,,,,1,7,0,0,69739,0,0,0,1,0,0,0,137197,0,0
106851,Invisible Stalker - Lady Irisse,,,,0,7,0,0,46003,41199,0,0,0,1,0,0,0,0,0
106853,Felburned Scout,,,,0,7,0,0,69745,69746,0,0,1,1,1,1,55307,0,0
106871,Corrupted Fawn,,,,0,12,0,0,71224,0,0,0,1,1,1,1,0,0,0
106905,Malorne,,Ancient,,1,1,0,0,72123,0,0,0,1,0,0,0,0,0,0
106916,Fallen Paladin,,Tyr's Guard,,0,7,0,0,69584,69579,69580,69584,1,1,1,1,0,0,0
106920,Feathered Prowler,,,,0,1,160,0,67552,0,0,0,1,0,0,0,0,0,0
106953,Generic Bunny,,,,0,10,0,0,20570,11686,0,0,0,1,0,0,0,0,0
106981,Captain Hring,,,,1,7,0,0,69849,0,0,0,1,0,0,0,33213,0,0
106982,Reaver Jdorn,,,,1,7,0,0,62703,0,0,0,1,0,0,0,107112,107112,0
106984,Soultrapper Mevra,,,,1,7,0,0,69803,0,0,0,1,0,0,0,134725,0,0
106987,Felburned Scout,,,,0,7,0,0,69745,69746,0,0,1,1,0,0,55307,0,0
107008,Fevered Explorer,,,,0,7,0,0,69208,69658,0,0,1,1,0,0,1511,876,0
107013,Gravely Wounded Soldier,,,,0,7,0,0,69208,69611,0,0,1,1,0,0,1511,876,0
107023,Nithogg,,,,2,2,0,0,69816,0,0,0,1,0,0,0,0,0,0
107025,Archdruid Hamuul Runetotem,,,,1,7,0,0,31605,0,0,0,100,0,0,0,63052,0,0
107033,Injured Adventurer,,,,0,7,0,0,69726,69649,0,0,1,1,0,0,116606,0,0
107042,Injured Adventurer,,,,0,7,0,0,69726,69728,69729,69730,50,50,0,0,116606,0,0
107043,Injured Adventurer,,,,0,7,0,0,66058,0,0,0,50,50,0,0,0,0,0
107075,Gravely Wounded Kirin Tor Guardian,,,,0,7,0,0,68480,47997,47999,48000,1,1,1,1,43617,0,0
107088,Felburned Scout,,,,0,7,0,0,69745,69746,69747,69748,1,1,1,1,55307,0,0
107092,Felsoul Hold Escapee,,,,0,7,0,0,67767,67768,0,0,1,1,0,0,0,0,0
107098,Flashwyrm,,,,0,1,35,3,62385,0,0,0,1,0,0,0,0,0,0
107125,Zoom,,,,6,8,0,0,69868,0,0,0,1,0,0,0,0,0,0
107126,Valewalker Farodin,,,,0,7,0,0,69847,0,0,0,1,0,0,0,28650,0,0
107128,Helix for Brains,,,,6,8,0,0,32663,0,0,0,1,0,0,0,0,0,0
107129,Glip Gloop Haberdasher,,,,6,8,0,0,69866,0,0,0,1,0,0,0,0,0,0
107130,Various and Sundry,,,,6,8,0,0,69864,0,0,0,1,0,0,0,0,0,0
107132,Keeper Remulos,,,,1,10,0,0,11906,0,0,0,1,0,0,0,0,0,0
107135,Manastalker,,,,0,3,0,0,62750,0,0,0,1,0,0,0,0,0,0
107206,Zoom,,,,0,12,0,0,69896,0,0,0,1,0,0,0,0,0,0
107269,Inquisitor Tivos,,,,4,3,0,0,69190,0,0,0,1,1,1,1,0,0,0
107289,Lanigosa,,,,0,7,0,0,69904,0,0,0,1,0,0,0,0,0,0
107314,Friendly Taunka Spirit,,,,0,7,0,0,69917,0,0,0,1,0,0,0,0,0,0
107323,Chattering Devil,,,,6,3,0,0,62593,0,0,0,1,0,0,0,0,0,0
107333,Overseer Durant,,,,1,7,0,0,71959,0,0,0,1,0,0,0,137254,137253,0
107387,Spark of Tyr,,,,1,3,0,0,69947,0,0,0,1,0,0,0,0,0,0
107388,Ashen Druid,,,,0,7,0,0,69944,69945,0,0,1,1,0,0,0,0,0
107389,Ashen Druid,,,,0,7,0,0,69946,69948,0,0,1,1,0,0,0,0,0
107390,Ashen Druid,,,,0,7,0,0,69949,69950,0,0,1,1,0,0,0,0,0
107391,Ashen Druid,,,,0,7,0,0,69951,69952,0,0,1,1,0,0,0,0,0
107392,Delandros Shimmermoon,,Guardian of the Shrine,,0,7,0,0,69953,0,0,0,1,0,0,0,0,0,0
107447,Hatecoil Harpooner,,,,0,7,0,0,68659,0,0,0,1,0,0,0,0,0,0
107448,Malorne,,,,1,1,0,0,70023,0,0,0,1,0,0,0,0,0,0
107455,Squallhunter Whelpling,,,,0,2,0,3,67249,0,0,0,0,1,0,0,0,0,0
107462,Cora,,Hilaire's Pet,,0,1,2,0,63738,0,0,0,1,0,0,0,0,0,0
107463,Storm's Reach Worg,,,,0,1,1,0,53092,0,0,0,1,0,0,0,0,0,0
107469,Rampaging Squallhunter,,Brood of Nithogg,,0,2,0,0,69899,0,0,0,0,1,0,0,0,0,0
107480,Fangs of Ashamane,,,,0,10,0,3,39409,70111,0,0,0,1,0,0,0,0,0
107487,Starbuck,,,,4,1,151,0,70116,0,0,0,0,0,0,0,0,0,0
107489,Amalia,,Grand Master Pet Tamer,,0,7,0,0,70117,0,0,0,1,0,0,0,0,0,0
107491,Stumpers,,,,0,12,0,0,68845,0,0,0,1,1,1,1,0,0,0
107492,Foof,,,,0,12,0,0,68729,0,0,0,1,1,1,1,0,0,0
107493,Lil' Sizzle,,,,0,12,0,0,58570,0,0,0,1,1,1,1,0,0,0
107494,Val'kyr Arena Master,,,,0,7,0,2,67161,67161,0,0,1,1,0,0,137262,0,0
107509,Injured Guardian of the Dream,,,,0,7,0,0,69501,69495,69497,69500,1,1,1,1,12322,0,0
107520,Verstok Darkbough,,,,0,7,0,0,70134,0,0,0,1,0,0,0,0,0,0
107544,Nithogg,,,,2,2,0,3,69816,0,0,0,1,0,0,0,0,0,0
107548,Felflame Minion,,,,0,3,0,0,70157,0,0,0,1,0,0,0,0,0,0
107558,Verstok Darkbough,,,,0,1,2,0,892,0,0,0,1,0,0,0,0,0,0
107561,Ashen Druid,,,,0,1,2,0,29406,29405,0,0,1,1,1,1,0,0,0
107565,Lightspawn,,,,1,4,0,0,70162,0,0,0,1,0,0,0,0,0,0
107574,Anduin Wrynn,,King of Stormwind,,1,7,0,0,82047,0,0,0,1,1,1,1,152482,0,0
107583,VFX Bunny,,,,6,10,0,3,21955,11686,0,0,0,1,0,0,0,0,0
107593,Algromon,,,,0,3,0,0,17287,0,0,0,1,0,0,0,28365,0,0
107594,Cordana Felsong,,,,1,7,0,0,66480,0,0,0,1,1,1,1,132101,0,0
107605,Ox Initate,,,,0,7,0,0,68997,69168,69167,69166,1,1,1,1,0,0,0
107622,Glutonia,,The Greedy Baroness,,0,7,0,0,70201,0,0,0,1,0,0,0,0,0,0
107632,Ly'leth Lunastre,,,,0,7,0,0,70210,0,0,0,1,0,0,0,0,0,0
107670,Verstok Darkbough,,,,0,1,2,0,66775,0,0,0,1,0,0,0,0,0,0
107673,Helarjar Soulkeeper,,,,1,7,0,0,69420,0,0,0,1,0,0,0,114676,0,0
107691,Effects Bunny,,,,1,3,0,0,65939,11686,0,0,0,1,0,0,0,0,0
107698,Spellblade Aluriel,,Captain of the Magistrix's Guard,,1,7,0,0,70367,0,0,0,1,0,0,0,137256,137259,0
107699,Spellblade Aluriel,,Captain of the Magistrix's Guard,,1,7,0,0,68819,0,0,0,1,0,0,0,137254,137253,0
107700,Spellblade Aluriel,,Captain of the Magistrix's Guard,,1,7,0,0,70245,0,0,0,1,0,0,0,137257,137260,0
107702,Merina,,,,0,7,0,0,70248,0,0,0,1,0,0,0,0,0,0
107703,Legion Infernal,,,,1,3,0,0,62374,62196,0,0,0,1,0,0,0,0,0
107704,Dargrul,,The Underking,,1,7,0,0,62392,0,0,0,1,1,0,0,132179,0,0
107708,Little Bunny,,,,0,3,0,3,65939,11686,0,0,0,1,0,0,0,0,0
107722,Sinister Shrieker,,,,0,3,0,3,65204,0,0,0,1,1,1,1,0,0,0
107723,Altruis the Sufferer,,Illidari,,1,7,0,0,63985,0,0,0,1,1,1,1,128360,128370,0
107724,Kayn Sunfury,,Illidari,,1,7,0,0,61698,0,0,0,1,0,0,0,128359,128371,0
107804,Nat Pagle,,Master Fisherman,,0,7,0,0,13099,0,0,0,0,0,0,0,116826,0,0
107811,Vile Weaver,,,,0,1,3,0,65920,65922,0,0,1,1,1,1,0,0,0
107831,Melris Malagan,,Herald of the Legion,,0,7,0,0,70482,0,0,0,1,0,0,0,127651,117531,0
107838,Illidan Stormrage,,,,1,7,0,0,70471,0,0,0,1,0,0,0,0,0,0
107853,Fal'dorei Reaver,,,,0,7,0,0,68737,0,0,0,1,0,0,0,0,0,0
107856,Fal'dorei Webslinger,,,,0,7,0,0,69230,0,0,0,1,0,0,0,0,0,0
107857,Fal'dorei Broodcaller,,,,0,7,0,0,69229,0,0,0,1,0,0,0,0,0,0
107881,Tideskorn Beastbreaker,,,,0,7,0,0,62446,63122,63123,63124,1,1,1,1,0,0,0
107926,Hannval the Butcher,,,,4,7,0,0,70346,0,0,0,0,1,1,1,120406,120406,0
107939,Fel Dampening Ward,,,,0,3,0,0,72895,11686,0,0,1,0,0,0,0,0,0
107959,Orathiss,,Fal'dorei Queen,,0,7,0,0,70360,0,0,0,1,0,0,0,0,0,0
107968,Archmage Lan'dalock,,,,1,7,0,0,71830,0,0,0,1,1,1,1,34884,0,0
107980,Spellblade Aluriel,,Captain of the Magistrix's Guard,,1,7,0,0,70367,0,0,0,1,0,0,0,137256,137259,0
107984,Ragnvald Drakeborn,,,,0,7,0,0,72036,0,0,0,1,0,0,0,137176,0,0
107985,Finna Bjornsdottir,,,,0,7,0,0,67923,0,0,0,1,0,0,0,140345,140748,0
107986,Svergan Stormcloak,,,,0,7,0,0,67925,0,0,0,1,0,0,0,0,0,0
107987,Hymdall,,,,0,7,0,0,67773,0,0,0,1,0,0,0,0,0,0
107989,King Ymiron,,,,0,7,0,0,28019,0,0,0,1,0,0,0,0,0,0
107991,Thorim,,,,0,7,0,0,71648,0,0,0,1,0,0,0,45900,0,0
107992,Dvalen Ironrune,,,,0,7,0,0,25754,0,0,0,1,0,0,0,35727,35727,0
107993,Hodir,,,,0,7,0,0,71647,0,0,0,1,0,0,0,44821,0,0
107995,Stellagosa,,,,0,2,0,3,64545,0,0,0,1,0,0,0,0,0,0
107996,Stellagosa,,,,0,2,0,0,64545,0,0,0,1,0,0,0,0,0,0
108024,Orgrimmar Wind Rider,,,,0,7,0,3,37328,37329,0,0,1,1,1,1,5289,0,2507
108027,Webmistress Shinaris,,,,0,7,0,0,70951,0,0,0,1,0,0,0,0,0,0
108028,Webbed Victim,,,,0,10,0,0,24925,0,0,0,1,0,0,0,0,0,0
108036,Orbyth,,,,1,9,0,0,70355,0,0,0,1,0,0,0,0,0,0
108053,Verstok Darkbough,,,,0,7,0,0,70134,0,0,0,1,0,0,0,0,0,0
108058,Stormwind City Patroller,,,,0,7,0,0,3167,0,0,0,1,0,0,0,1899,13609,57293
108079,Altruis the Sufferer,,Illidari,,1,7,0,0,63985,0,0,0,1,1,1,1,128360,128370,0
108085,Image of Kalec,,,,1,7,0,0,68689,0,0,0,0,0,0,0,0,0,0
108130,Baron,,,,0,1,0,0,30213,0,0,0,1,0,0,0,0,0,0
108133,Blacksail Salvor,,Blacksail Crew,,0,7,0,0,70407,70408,70409,70410,1,1,1,1,61620,61620,0
108136,The Muscle,,Blacksail Crew,,4,7,0,0,70411,0,0,0,1,0,0,0,107416,107402,0
108139,Blacksail Keelhauler,,,,0,7,0,0,70415,70416,70417,70418,1,1,1,1,0,0,0
108146,Blacksail Gunner,,,,0,7,0,0,70419,70420,70421,0,1,1,1,1,0,0,59183
108168,Balaadur,,The Hunter of Mages,,0,3,0,0,70428,0,0,0,1,1,1,1,128862,0,0
108199,Ebyssian,,,,6,2,0,0,62545,0,0,0,1,0,0,0,0,0,0
108222,Garona Halforcen,,,,1,7,0,0,69541,0,0,0,1,0,0,0,141347,141347,0
108238,Invisible Stalker - Door Explosion,,,,0,7,0,0,46003,41199,0,0,0,1,0,0,0,0,0
108240,Orgrimmar Wind Rider,,,,0,7,0,3,37328,37329,37330,37331,1,1,0,0,5289,0,2507
108247,Archmage Kalec,,Kirin Tor,,1,7,0,0,38491,0,0,0,1,1,1,1,0,0,0
108248,Archmage Modera,,Kirin Tor,,1,7,0,0,63776,0,0,0,1,1,1,1,35781,0,0
108249,Akama,,Illidari,,1,7,0,0,71591,0,0,0,1,1,1,1,30699,30699,0
108250,Shade of Akama,,Illidari,,1,6,0,0,70473,0,0,0,1,1,1,1,30699,30699,0
108264,Lorlien,,Researcher,,1,6,0,0,70497,0,0,0,1,1,1,1,0,0,0
108311,Kor'vas Bloodthorn,,Illidari,,1,7,0,0,66159,0,0,0,1,0,0,0,128358,128372,0
108314,Felsoul Ravener,,,,0,3,0,0,62511,0,0,0,1,0,0,0,0,0,0
108326,Asha Ravensong,,Illidari,,0,7,0,0,64447,0,0,0,1,1,1,1,128359,128371,0
108342,Millhouse Manastorm,,,,0,7,0,0,60701,0,0,0,1,1,1,1,18842,0,0
108368,Arcane Destroyer,,,,0,4,0,0,48197,0,0,0,1,1,1,1,0,0,0
108377,Ravandwyr,,Senior Kirin Tor Apprentice,,0,7,0,0,69642,0,0,0,1,1,1,1,5112,0,0
108380,Esara Verrinde,,Magisters,,0,7,0,0,69626,0,0,0,1,1,1,1,29405,74051,0
108393,Sister Lilith,,Recruiter,,1,7,0,0,69673,0,0,0,1,1,1,1,0,0,0
108394,Druid of the Claw,,,,0,7,0,0,62394,65563,65553,65562,1,1,1,1,0,0,0
108402,Grappling Hook Bunny,,,,0,10,0,3,328,27823,0,0,0,1,1,1,0,0,0
108440,Timeless Frostsoul,,,,1,6,0,0,70552,0,0,0,1,0,0,0,0,0,0
108446,Timeless Leymage,,,,1,6,0,0,70549,0,0,0,1,0,0,0,0,0,0
108447,Timeless Pyromancer,,,,1,6,0,0,70550,0,0,0,1,0,0,0,0,0,0
108452,Infernal,,,,0,3,108,0,72117,70544,72978,0,6,8,3,1,0,0,0
108453,Brilliant Familiar,,,,1,4,0,0,70548,0,0,0,1,0,0,0,0,0,0
108454,Glacial Familiar,,,,1,4,0,0,36212,0,0,0,1,0,0,0,0,0,0
108467,Spellblade Aluriel,,Captain of the Magistrix's Guard,,1,7,0,0,70244,0,0,0,1,0,0,0,137256,137259,0
108497,Generic Bunny,,,,0,10,0,0,20570,11686,0,0,0,1,0,0,0,0,0
108513,Yvelyn,,,,0,7,0,0,35253,0,0,0,1,0,0,0,0,0,0
108521,Sea Skrog,,,,1,5,0,0,67253,0,0,0,1,0,0,0,42509,0,0
108525,Stormwind Gryphon Rider,,,,0,7,0,3,37310,37311,0,0,1,1,0,0,1899,143,0
108526,Tideskorn Worker,,,,0,7,0,0,70599,70600,70601,70602,1,1,1,1,0,0,0
108527,Loramus Thalipedes,,Class Hall Upgrades,,1,3,0,0,70806,0,0,0,1,1,1,1,0,0,0
108528,Vile Lurker,,,,0,7,0,0,68736,0,0,0,1,0,0,0,0,0,0
108557,Kola Watermane,,Innkeeper,,0,7,0,0,66145,0,0,0,1,1,1,1,118568,0,0
108568,Pygmy Owl,,,,0,12,0,3,65091,0,0,0,1,0,0,0,0,0,0
108571,Altruis the Sufferer,,Illidari,,1,7,0,0,63985,0,0,0,1,1,1,1,128360,128370,0
108572,Kayn Sunfury,,Illidari,,1,7,0,0,61698,0,0,0,1,0,0,0,128359,128371,0
108573,Kil'jaeden,,The Deceiver,,1,3,0,0,23200,0,0,0,1,0,0,0,0,0,0
108589,King Varian Wrynn,,King of Stormwind,,1,7,0,0,70626,0,0,0,1,1,1,1,0,0,0
108619,Swarm of Wild Imps,,,,0,7,0,0,70345,70857,70157,70345,1,1,1,1,0,0,0
108621,Fel Wrathguard Demons,,,,0,7,0,0,70159,0,0,0,1,0,0,0,0,0,0
108663,Lochaber,,,,0,3,0,0,70657,0,0,0,1,0,0,0,124524,0,0
108678,Shar'thos,,,,2,2,0,0,70659,0,0,0,1,0,0,0,0,0,0
108686,Fel Familiar,,,,0,3,0,0,38795,0,0,0,1,0,0,0,0,0,0
108693,Orik Trueheart,,,,0,7,0,0,24574,0,0,0,1,0,0,0,85428,0,0
108700,The Monkey King,,,,0,7,0,0,51256,0,0,0,1,0,0,0,0,0,0
108717,Invisible Stalker,,,,0,10,0,2,169,11686,0,0,0,1,0,0,0,0,0
108724,VFX Bunny,,,,6,10,0,3,21955,11686,0,0,0,1,0,0,0,0,0
108776,Lord Maxwell Tyrosus,,,,1,7,0,0,62762,0,0,0,1,0,0,0,108923,0,0
108782,Belath Dawnblade,,Illidari,,1,7,0,0,60090,0,0,0,1,1,1,1,128361,128369,0
108784,Matron Mother Malevolence,,Illidari,,1,3,0,0,64013,0,0,0,1,0,0,0,0,0,0
108790,Den Mother Ylva,,,,2,1,1,0,70702,0,0,0,1,1,1,1,0,0,0
108802,Infinite Drakeling,,,,1,2,0,3,70708,0,0,0,1,0,0,0,0,0,0
108822,Huntress Estrid,,,,2,7,0,0,70726,0,0,0,1,0,0,0,0,0,111909
108823,Halfdan,,,,2,1,0,0,69724,0,0,0,1,0,0,0,0,0,0
108827,"Fjorlag, the Grave's Chill",,,,2,6,0,2,60399,0,0,0,1,0,0,0,0,0,0
108829,Levantus,,,,1,1,0,0,70946,0,0,0,1,1,1,1,0,0,0
108838,Lady Sacrolash,,,,0,3,0,0,23177,0,0,0,1,1,1,1,31609,31609,0
108851,Soul Fragment,,,,0,3,0,0,38795,0,0,0,1,0,0,0,0,0,0
108854,Mana Gem,,,,0,10,0,0,169,70743,0,0,0,1,0,0,0,0,0
108855,Ritual Focus,,,,0,10,0,0,169,70744,0,0,0,1,0,0,0,0,0
108869,Vineyard Laborer,,,,0,7,0,0,70748,70747,70750,70749,1,1,1,1,0,0,0
108871,Vineyard Warden,,,,0,7,0,0,73499,66271,0,0,1,1,0,0,133177,0,0
108872,Margaux,,Vintner,,0,7,0,0,70745,0,0,0,1,0,0,0,0,0,0
108879,Humongris,,The Wizard,,2,5,0,0,67258,0,0,0,1,1,1,1,0,0,0
108880,Padawsen,,,,1,7,0,0,70775,0,0,0,1,0,0,0,0,0,0
108881,Turtle,,,,2,2,0,0,70764,0,0,0,1,1,1,1,0,0,0
108882,PTH TEST For cm failure,,,,2,2,0,0,70763,0,0,0,1,0,0,0,0,0,0
108885,Aegir Wavecrusher,,,,2,5,0,0,67541,0,0,0,1,0,0,0,0,0,0
108919,Uther the Lightbringer,,Knights of the Silver Hand,,1,7,0,0,30821,0,0,0,1,0,0,0,37579,12860,0
108924,Sevis Brightflame,,Illidari,,1,10,0,0,69439,0,0,0,1,0,0,0,128361,128369,0
108936,Demon Kill Credit,,,,0,10,0,0,47399,11686,0,0,0,1,0,0,0,0,0
108943,Vineyard Attendant,,,,0,7,0,0,70752,70751,0,0,1,1,0,0,0,0,0
108947,Baron,,Huntsman Blake's Pet,,0,1,52,0,30213,0,0,0,1,1,1,1,0,0,0
108956,Silver Hand Knight,,,,0,7,0,0,61947,0,0,0,1,0,0,0,2557,0,0
108980,Portal,,,,0,10,0,0,70799,0,0,0,1,0,0,0,0,0,0
108984,Alliance Battleship,,,,0,9,0,0,70800,0,0,0,1,0,0,0,0,0,0
108989,Flying Machine,,,,0,7,0,3,22720,0,0,0,1,0,0,0,0,0,0
108990,Stormwind Gryphon,,,,0,1,160,3,27913,0,0,0,1,0,0,0,0,0,0
108996,Specter of Vengeance,,,,1,6,0,0,70809,0,0,0,1,1,1,1,0,0,0
109002,Fel Creep,,,,0,10,0,0,23767,0,0,0,0,0,0,0,0,0,0
109007,Specter,,,,1,6,0,0,23767,0,0,0,1,1,1,1,0,0,0
109015,Lagertha,,Fallen Valkyra,,2,7,0,0,70811,0,0,0,1,0,0,0,116023,34590,0
109017,Cordana Felsong,,Specter,,1,6,0,0,67618,0,0,0,1,1,1,1,132101,0,0
109026,Huntsman Blake,,Unseen Path,,0,7,0,0,29960,0,0,0,1,0,0,0,0,0,52052
109027,The Monkey King,,,,0,7,0,0,70821,0,0,0,1,0,0,0,0,0,0
109031,Halduron Brightwing,,Ranger-General of the Farstriders,,1,7,0,0,19707,0,0,0,1,0,0,0,0,0,0
109032,Rexxar,,Unseen Path,,1,7,0,0,60766,0,0,0,1,1,1,0,10612,10612,0
109034,Loren Stormhoof,,Skyhorn Emissary,,0,7,0,0,69918,0,0,0,1,0,0,0,0,0,37050
109035,Huntsman Blake,,Unseen Path,,0,7,0,0,29960,0,0,0,1,0,0,0,134750,0,0
109036,Hemet Nesingwary,,Unseen Path,,1,7,0,0,63995,0,0,0,1,0,0,0,5278,0,15460
109037,Beastmaster Hilaire,,Unseen Path,,0,7,0,0,69138,0,0,0,1,0,0,0,0,0,125367
109039,Addie Fizzlebog,,Unseen Path,,0,7,0,0,64010,0,0,0,1,0,0,0,0,0,82594
109050,The Monkey King,,,,0,7,0,0,70821,0,0,0,1,0,0,0,0,0,0
109051,The Monkey King,,,,0,7,0,0,70821,0,0,0,1,0,0,0,0,0,0
109054,Shal'an,,Subject 12,,4,7,0,0,70831,0,0,0,1,1,1,1,0,0,0
109069,ELM General Purpose Bunny Infinite [Client Side],,,,0,10,0,0,1126,11686,0,0,0,1,0,0,0,0,0
109074,Withered Spawning Bunny,,,,0,10,0,3,22903,11686,0,0,0,1,0,0,0,0,0
109076,Greater Elementals,,,,0,7,0,0,73034,35681,35044,0,1,1,1,1,0,0,0
109077,Avatar of Shadow,,,,1,6,0,0,67618,0,0,0,1,1,1,1,0,0,0
109078,Greater Fire Elementals,,,,0,7,0,0,38215,38215,38215,38215,1,1,1,1,0,0,0
109085,Fire Ascendants,,,,0,7,0,0,42853,42853,42853,42853,1,1,1,1,0,0,0
109086,Air Ascendants,,,,0,7,0,0,42851,42851,42851,42851,1,1,1,1,0,0,0
109087,Earthen Ring Geomancers,,,,0,7,0,0,72519,71220,0,0,1,1,1,1,40244,84911,0
109099,High General Rakeesh,,,,1,3,0,0,70859,0,0,0,1,0,0,0,138759,138745,0
109102,Delas Moonfang,,,,0,7,0,0,71930,0,0,0,1,1,1,1,128366,0,0
109105,Lothraxion,,High Commander,,1,7,0,0,71813,0,0,0,1,0,0,0,0,0,0
109109,Varedis Felsoul,,,,1,3,0,0,67368,0,0,0,1,0,0,0,128360,128370,0
109113,"Boulderfall, the Eroded",,,,2,4,0,0,36326,0,0,0,1,0,0,0,0,0,0
109123,Vaengir,,,,1,2,0,3,70637,0,0,0,1,1,1,1,0,0,0
109135,Ancient Flamecaller,,,,0,7,0,0,10733,0,0,0,1,1,1,1,0,0,0
109136,Ancient Arcanist,,,,0,7,0,0,70546,0,0,0,1,1,1,1,0,0,0
109140,Felguard Fleshcleaver,,,,0,3,0,0,9018,0,0,0,1,0,0,0,138755,0,0
109143,Prophet Velen,,,,1,7,0,0,17822,0,0,0,100,0,0,0,35714,0,0
109144,Ly'leth Lunastre,,,,0,7,0,0,70210,0,0,0,1,0,0,0,0,0,0
109147,Shadowy Illusion,,,,0,3,0,0,38795,0,0,0,1,0,0,0,0,0,0
109163,Captain Dargun,,,,2,7,0,0,69849,0,0,0,1,0,0,0,33213,0,0
109195,Soulbinder Halldora,,,,2,7,0,0,70931,0,0,0,1,0,0,0,36547,0,0
109216,Sting Ray Pup,,,,0,12,0,3,70937,0,0,0,1,0,0,0,0,0,0
109217,The Fel Hammer,,,,0,10,0,3,70939,0,0,0,1,0,0,0,0,0,0
109222,Meryl Felstorm,,,,0,7,0,0,67760,0,0,0,1,1,1,1,111743,0,0
109226,Archmage Vargoth,,Kirin Tor,,0,7,0,0,62303,0,0,0,1,1,1,1,28456,0,0
109232,Altruis the Sufferer,,Illidari,,1,7,0,0,63985,0,0,0,1,1,1,1,128360,128370,0
109233,Kayn Sunfury,,Illidari,,1,7,0,0,61698,0,0,0,1,0,0,0,128359,128371,0
109290,Black Harvest Invokers,,,,0,7,0,0,72550,72549,72551,72552,1,1,1,1,19356,0,0
109317,Rulf Bonesnapper,,,,2,7,0,0,66121,0,0,0,1,0,0,0,33213,0,0
109318,Runeseer Sigvid,,,,2,7,0,0,71036,0,0,0,1,0,0,0,129730,0,0
109324,Mac the Bear,,,,1,1,4,0,41014,0,0,0,0,0,0,0,0,0,0
109329,Jade Serpent Temple Bunny,,,,6,10,0,3,21955,11686,0,0,0,1,0,0,0,0,0
109331,Calamir,,,,1,4,0,0,70975,0,0,0,1,0,0,0,0,0,0
109349,Veil Shadowrunner,,,,0,1,299,0,69275,0,0,0,1,1,1,1,0,0,0
109350,Priestess Summerpetal,,,,0,7,0,0,41494,0,0,0,1,0,0,0,79719,0,0
109352,The Monkey King,,,,0,7,0,0,51256,0,0,0,1,0,0,0,90012,0,0
109353,The Monkey King,,,,0,7,0,0,51256,0,0,0,1,0,0,0,90012,0,0
109355,Priestess Summerpetal,,,,0,7,0,0,41494,0,0,0,1,0,0,0,79719,0,0
109356,Vindicator Boros,,Triumvirate of the Hand,,1,7,0,0,63585,0,0,0,1,0,0,0,105940,126759,0
109367,Kirin Tor Invokers,,,,0,7,0,0,70422,70987,0,0,1,1,1,1,27842,0,0
109369,Arcane Golems,,,,0,7,0,0,67053,46209,18238,18930,1,1,1,1,0,0,0
109375,Dreamgrove Treants,,,,0,7,0,0,69717,69717,69717,69717,1,1,1,1,0,0,0
109378,Mr. Nors,,Filrich's Cat,,0,1,0,0,73456,0,0,0,1,1,1,1,0,0,0
109379,Shieldbearer Phalanx,,,,0,7,0,0,71010,71011,72194,72195,1,1,1,1,15217,116647,0
109380,Silver Hand Templar,,,,0,7,0,0,71014,71015,72176,72177,1,1,1,1,28802,67149,0
109384,Justicar Julia Celeste,,,,1,7,0,0,23035,0,0,0,1,0,0,0,13316,0,0
109423,Hodir,,,,0,7,0,0,70981,0,0,0,1,0,0,0,0,0,0
109427,Jarvox,,,,0,3,0,0,67416,0,0,0,1,0,0,0,128279,0,0
109444,Stormforged Valarjar,,,,0,7,0,0,67361,67937,67938,0,1,1,1,0,137174,137264,0
109459,Grommash Hellscream,,Warchief of the Iron Horde,,1,7,0,0,71043,0,0,0,0,0,0,0,873,0,0
109465,The Monkey King,,,,0,7,0,0,51256,0,0,0,1,0,0,0,90012,0,0
109498,Xaander,,Unethical Adventurers,,4,7,0,0,72158,0,0,0,1,1,0,0,18348,12602,0
109500,Jak,,Unethical Adventurers,,4,7,0,0,72159,0,0,0,1,1,0,0,19324,19324,0
109501,Darkful,,Unethical Adventurers,,4,7,0,0,72160,0,0,0,1,1,0,0,18842,0,0
109503,Thorim,,,,0,10,0,0,71058,0,0,0,1,0,0,0,45900,0,0
109507,Ragnvald Drakeborn,,,,0,7,0,0,72036,0,0,0,1,0,0,0,137176,0,0
109508,Finna Bjornsdottir,,,,0,7,0,0,67923,0,0,0,1,0,0,0,140345,140748,0
109528,Fu Zan,,,,0,10,0,3,39409,71062,0,0,0,1,0,0,0,0,0
109531,Tiger Adept,,,,0,7,0,0,69026,69008,69017,69014,1,1,1,1,0,0,0
109533,Ox Adept,,,,0,7,0,0,69021,69010,69019,69011,1,1,1,1,0,0,0
109534,Fu Zan - Alt 5,,,,0,10,0,3,71064,0,0,0,1,0,0,0,0,0,0
109536,Fu Zan - Alt 1,,,,0,10,0,3,71062,0,0,0,1,0,0,0,0,0,0
109542,Fu Zan - Alt 2,,,,0,10,0,3,71070,0,0,0,1,0,0,0,0,0,0
109543,Fu Zan - Alt 3,,,,0,10,0,3,71071,0,0,0,1,0,0,0,0,0,0
109545,Fu Zan - Alt 4,,,,0,10,0,3,71072,0,0,0,1,0,0,0,0,0,0
109546,Fu Zan - Alt 6,,,,0,10,0,3,71073,0,0,0,1,0,0,0,0,0,0
109549,Ox Master,,,,0,7,0,0,68998,69176,69000,69177,1,1,1,1,0,0,0
109555,Fists of the Heavens - Alt 1,,,,0,10,0,3,71075,0,0,0,1,0,0,0,0,0,0
109560,Fists of the Heavens - Alt 2,,,,0,10,0,3,71089,0,0,0,1,0,0,0,0,0,0
109565,Azgalore - Alt 4,,,,0,10,0,3,71098,0,0,0,1,0,0,0,0,0,0
109568,Azgalore - Alt 3,,,,0,10,0,3,71100,0,0,0,1,0,0,0,0,0,0
109573,Tiger Master,,,,0,7,0,0,68994,69181,68996,69184,1,1,1,1,0,0,0
109575,Valakar the Thirsty,,,,2,7,0,0,70161,0,0,0,1,0,0,0,0,0,0
109589,Royal Dreadguard,,,,1,6,0,0,63603,64273,64274,64275,1,1,1,1,108925,0,107953
109592,Felguard Legionnaire,,,,0,3,0,0,5047,0,0,0,1,1,1,1,138756,0,0
109595,Training Dummy,,,,0,9,0,0,16074,0,0,0,1,1,1,1,0,0,0
109600,Tianji,,Ox Troop Trainer,,1,7,0,0,42003,0,0,0,1,1,1,1,85680,0,0
109604,Felguard Legionnaire,,,,0,3,0,0,70533,0,0,0,1,0,0,0,138755,0,0
109606,Valitos,,,,4,3,0,0,68040,0,0,0,1,1,1,1,132920,132920,0
109607,Fel Seeker,,,,0,3,0,0,62511,0,0,0,1,1,1,1,0,0,0
109610,The Monkey King,,,,0,7,0,0,51256,0,0,0,1,0,0,0,90012,0,0
109621,Alpha Squallhunter,,Brood of Nithogg,,0,2,0,3,69898,0,0,0,0,1,1,1,0,0,0
109622,Gatekeeper,,,,0,3,0,0,64821,0,0,0,1,0,0,0,128519,0,0
109623,Felskorn Zealot,,,,0,7,0,0,70595,70596,70597,70598,1,1,1,1,42920,42920,0
109624,Urgev the Flayer,,Champion of the Runeaxes,,4,7,0,0,63553,0,0,0,0,1,1,1,124531,124531,0
109625,Bonespeaker Runeaxe,,,,0,7,0,0,63414,65809,65810,65811,1,1,1,1,107112,107112,0
109626,Teran Sideskorn,,,,0,6,0,3,64729,0,0,0,1,1,1,1,0,0,0
109627,Duskpelt Snarler,,,,0,1,1,0,70178,0,0,0,1,1,1,1,0,0,0
109628,Duskfang,,,,0,1,1,0,70178,0,0,0,1,1,1,1,0,0,0
109629,Tideskorn Shieldmaiden,,,,0,7,0,0,68913,68916,70977,70976,1,1,1,1,127346,77408,0
109637,Dark Rune Sentinel,,,,0,7,0,0,26053,0,0,0,1,0,0,0,45692,0,0
109638,Champion of Hodir,,,,0,7,0,0,26778,0,0,0,1,0,0,0,0,0,0
109671,Grappling Hook Bunny,,,,0,10,0,0,328,27823,0,0,0,1,1,1,0,0,0
109672,Stormbeak,,,,0,1,160,3,46929,0,0,0,1,0,0,0,0,0,0
109676,Ascendant,,,,0,7,0,0,42853,42851,42854,0,1,1,1,1,0,0,0
109707,Lesser Elemental,,,,0,4,0,0,1109,1070,5561,0,1,1,1,1,0,0,0
109709,Greater Elemental,,,,0,4,0,0,37363,35681,35044,0,1,1,1,1,0,0,0
109717,Earthcallers,,,,0,4,0,0,71130,71131,71132,71133,1,1,1,1,0,0,0
109718,Ascendant,,,,0,4,0,0,42853,42851,42854,0,1,1,1,1,0,0,0
109722,Harpy Hag,,,,0,7,0,2,63596,0,0,0,1,1,1,1,0,0,0
109723,Witchwood Hag,,,,0,7,0,2,64602,0,0,0,1,1,1,1,0,0,0
109724,Drog Almighty,,,,0,7,0,0,64335,0,0,0,1,1,1,1,0,0,0
109726,Drogbar,,,,0,7,0,0,64677,0,0,0,1,1,1,1,0,0,0
109727,Dorbash the Smasher,,,,4,5,0,0,34706,0,0,0,1,1,1,1,105954,0,0
109728,Ettin,,,,4,5,0,0,68226,0,0,0,1,1,1,1,105954,0,0
109729,Fury,,,,2,4,0,0,67284,0,0,0,1,1,1,1,0,0,0
109732,Mountain King,,,,0,7,0,0,67568,0,0,0,1,1,1,1,133779,0,0
109733,Frostcrag Stonecaller,,,,0,7,0,0,65131,0,0,0,1,1,1,1,55790,55790,0
109736,Summoner Morn,,Elemental Summoner,,1,7,0,0,64488,0,0,0,1,1,1,1,0,0,0
109746,Blades otfP - Alt 1,,,,0,10,0,3,71150,0,0,0,1,0,0,0,0,0,0
109747,Blades otfP - Alt 1,,,,0,10,0,3,71151,0,0,0,1,0,0,0,0,0,0
109748,Blades otfP - Alt 2,,,,0,10,0,3,71152,0,0,0,1,0,0,0,0,0,0
109749,Blades otfP - Alt 3,,,,0,10,0,3,71153,0,0,0,1,0,0,0,0,0,0
109756,Zanien,,Warlock Trainer,,0,7,0,0,16831,0,0,0,1,1,1,1,0,0,0
109757,Blood Elf Warlock,,,,0,7,0,0,18157,18158,0,0,1,1,1,1,0,0,0
109763,Mistral Agent,,,,0,4,0,0,33828,0,0,0,1,1,1,1,0,0,0
109764,Wild Vortex,,,,6,4,0,0,36060,0,0,0,1,1,1,1,0,0,0
109765,Mistius,,,,0,4,0,0,37224,0,0,0,1,1,1,1,0,0,0
109766,Young Storm Dragon,,,,0,2,0,0,34771,0,0,0,1,1,1,1,0,0,0
109767,Zeph,,,,0,4,0,0,67412,0,0,0,1,1,1,1,0,0,0
109768,Gust Soldier,,,,0,4,0,0,38891,0,0,0,1,1,1,1,0,0,0
109769,Alacris,,,,0,4,0,0,68903,0,0,0,1,1,1,1,0,0,0
109770,Tulmos,,,,0,4,0,0,68709,0,0,0,1,1,1,1,0,0,0
109771,Prophet Velen,,,,1,7,0,0,67048,0,0,0,1,0,0,0,35714,0,0
109772,Therazane Envoy,,,,0,4,0,0,32117,0,0,0,1,1,1,1,0,0,0
109775,Baron Scaldius,,Emissary of the Firelord,,0,4,0,0,69829,0,0,0,0,1,1,1,0,0,0
109776,Moira Thaurissan,,Queen of the Dark Iron,,1,7,0,0,32680,0,0,0,1,0,0,0,22213,0,0
109777,Wild Inferno,,,,0,4,0,0,1070,0,0,0,0,1,1,1,0,0,0
109778,Cinderweb Matriarch,,,,0,1,0,0,38483,0,0,0,0,1,1,1,0,0,0
109779,Cinderweb Creeper,,,,0,1,3,0,38425,0,0,0,0,1,1,1,0,0,0
109781,Chargore,,Champion of Pyroth,,0,4,0,0,69826,0,0,0,1,1,1,1,0,0,0
109783,Burglosh the Earthbreaker,,,,0,7,0,0,53490,57146,53856,0,1,1,1,1,0,0,0
109784,Twilight Darkcaller,,,,0,7,0,0,69281,69282,69283,69284,1,1,1,1,65102,0,0
109790,Rumble,,,,0,4,0,0,64624,0,0,0,1,1,1,1,0,0,0
109791,Thrall,,,,0,1,0,0,17719,0,0,0,1,0,0,0,0,0,0
109795,Neglected Bones,,,,0,6,0,0,71163,71164,71165,0,1,1,1,1,34816,0,0
109803,Leyscar Scuttler,,,,0,1,8,0,32061,0,0,0,1,0,0,0,0,0,0
109806,Geomancer,,,,0,4,0,0,71218,71219,71220,71221,1,1,1,1,0,0,0
109807,Wild Nightsaber,,,,0,1,2,0,68398,0,0,0,1,1,0,0,0,0,0
109856,Command Ship,,,,0,10,0,3,70939,0,0,0,1,0,0,0,0,0,0
109857,Unseen Marksmen,,,,0,7,0,0,71238,72299,71240,71241,1,1,1,1,0,0,16004
109858,Archer,,,,0,4,0,0,71234,71235,71236,71237,1,1,1,1,0,0,40759
109859,Marksmen,,,,0,4,0,0,71238,71239,71240,71241,1,1,1,1,0,0,40759
109861,Jace Darkweaver,,Illidari,,1,7,0,0,60791,0,0,0,1,0,0,0,128360,128370,0
109869,Pathfinders,,,,0,7,0,0,71246,72324,71247,72325,1,1,1,1,5286,1905,0
109879,Trackers,,,,0,4,0,0,71242,71243,71244,71245,1,1,1,1,0,0,40759
109880,Rangers,,,,0,4,0,0,71246,71247,71248,71249,1,1,1,1,0,0,0
109881,Lenara,,Recruiter,,1,7,0,0,70830,0,0,0,1,1,1,1,0,0,0
109884,Water Elemental,,,,0,4,0,0,64601,64601,64601,64601,1,1,1,1,0,0,0
109885,Arcane Golem,,,,0,4,0,0,23431,46209,21460,60171,1,1,1,1,0,0,0
109886,Nazgrim,,,,0,7,0,0,70436,0,0,0,1,0,0,0,0,0,0
109887,Apprentice,,,,0,4,0,0,70053,70983,70984,70985,1,1,1,1,0,0,0
109888,Conjurer,,,,0,4,0,0,70422,70987,70988,70992,1,1,1,1,0,0,0
109896,Treant,,,,0,4,0,0,69717,69717,69717,69717,1,1,1,1,0,0,0
109897,Dryad,,,,0,4,0,0,68967,21772,13673,13672,1,1,1,1,0,0,0
109898,Keeper of the Grove,,,,0,7,0,0,67939,66130,7618,2432,1,1,1,1,0,0,0
109899,Thoras Trollbane,,,,0,7,0,0,70807,0,0,0,1,0,0,0,0,0,0
109900,High Inquisitor Whitemane,,,,0,7,0,0,71257,0,0,0,1,0,0,0,0,0,0
109902,Silver Hand Squire,,,,0,4,0,0,71008,71009,71008,71009,1,1,1,1,0,0,0
109903,Silver Hand Phalanx,,,,0,4,0,0,71010,71011,71010,71011,1,1,1,1,0,0,0
109904,Silver Hand Knight,,,,0,4,0,0,71012,71013,71012,71013,1,1,1,1,0,0,0
109905,Silver Hand Champion,,,,0,4,0,0,71014,71015,71014,71015,1,1,1,1,0,0,0
109907,Shieldmaiden Warband,,,,0,7,0,0,25801,71252,25800,25799,1,1,1,1,127346,77408,0
109909,Rottgut,,,,0,7,0,0,12819,0,0,0,1,0,0,0,0,0,0
109910,[PH] Priest 2,,,,0,7,0,0,67797,0,0,0,1,0,0,0,0,0,0
109919,Valarjar Aspirants,,,,0,7,0,0,65678,65679,65680,65681,1,1,1,1,0,0,0
109920,Stormforged Valarjar,,,,0,7,0,0,67361,67937,67938,70110,1,1,1,1,137174,137264,0
109921,Shieldmaiden,,,,0,4,0,0,25801,71252,25800,25799,1,1,1,1,127346,77408,0
109922,Valkyra Shieldmaiden,,,,0,4,0,0,68954,71251,69637,68957,1,1,1,1,124548,34590,0
109927,Dryad of the Broken Dream,,,,0,7,0,0,71260,0,0,0,1,0,0,0,0,0,0
109928,Corruptor's Keeper,,,,0,7,0,0,71261,0,0,0,1,0,0,0,0,0,0
109931,Soul Haunt,,,,0,7,0,0,71263,0,0,0,1,0,0,0,0,0,0
109932,Defiled Grovewalker,,,,0,4,0,0,71264,0,0,0,1,0,0,0,0,0,0
109936,Imprisoned Imp,,,,6,3,0,0,21040,0,0,0,0,0,0,0,0,0,0
109943,Ana-Mouz,,,,1,3,0,0,71277,0,0,0,1,0,0,0,0,0,0
109945,Cenarius,,,,1,7,0,0,66178,0,0,0,1,0,0,0,0,0,0
109957,Isel the Hammer,,Forger of Shields,,4,9,0,0,69471,0,0,0,1,1,1,1,109597,52524,0
109959,Darkfiend Defiler,,,,0,7,0,0,65596,0,0,0,1,0,0,0,0,0,0
109960,Nightmare Imp,,,,0,7,0,0,71269,0,0,0,1,0,0,0,0,0,0
109971,Ashtongue Warriors,,,,0,7,0,0,67885,67884,67883,67885,1,1,1,1,0,0,0
109972,Naga Myrmidons,,,,0,7,0,0,71274,73030,73031,73032,1,1,1,1,0,0,0
109973,Transformed Illidari Adepts,,,,0,7,0,0,73033,66611,67675,67673,1,1,1,1,128361,128369,0
109974,Ashtongue Warrior,,,,0,4,0,0,67885,67884,67883,67885,1,1,1,1,0,0,0
109975,Naga Myrmidon,,,,0,4,0,0,71274,71274,71274,71274,1,1,1,1,0,0,0
109976,Illidari Adept,,,,0,4,0,0,61909,61910,61906,60087,1,1,1,1,0,0,0
109977,Illidari Fury,,,,0,4,0,0,71074,71074,71074,71074,1,1,1,1,0,0,0
109994,Stormtalon,,,,2,2,0,0,69899,0,0,0,1,1,1,1,0,0,0
110002,Forest Critter,,,,0,12,0,0,14659,0,0,0,1,1,1,1,0,0,0
110021,Effects Bunny,,,,1,3,0,0,65939,11686,0,0,0,1,0,0,0,0,0
110024,Mal'Dreth the Corruptor,,,,4,3,0,0,71290,0,0,0,1,1,1,1,0,0,0
110030,Weakened Wall Hook,,,,0,10,0,0,65939,11686,0,0,0,1,0,0,0,0,0
110033,Ebon Ravagers,,,,0,7,0,0,25999,72266,25998,72269,1,1,1,1,51905,0,0
110037,Thorim,,,,0,10,0,0,71585,0,0,0,1,0,0,0,45900,0,0
110041,Chief Telemancer Oculeth,,,,0,7,0,0,65843,0,0,0,1,0,0,0,0,0,0
110054,Ghouls,,,,0,4,0,0,36433,36502,36501,36503,1,1,1,1,0,0,0
110055,Geist,,,,0,4,0,0,37302,37301,25327,25170,1,1,1,1,0,0,0
110057,Ebon Knights,,,,0,4,0,0,63575,63576,63577,63578,1,1,1,1,117049,0,0
110058,Ebon Champions,,,,0,4,0,0,25999,26000,26001,25998,1,1,1,1,117049,0,0
110064,Finna Bjornsdottir,,,,0,7,0,0,67923,0,0,0,1,0,0,0,140345,140748,0
110067,Blades otfP - Alt 4,,,,0,10,0,3,71300,0,0,0,1,0,0,0,0,0,0
110068,Blades otfP - Alt 5,,,,0,10,0,3,71301,0,0,0,1,0,0,0,0,0,0
110069,Blades otfP - Alt 6,,,,0,10,0,3,71302,0,0,0,1,0,0,0,0,0,0
110070,Fists of the Heavens - Alt 3,,,,0,10,0,3,71303,0,0,0,1,0,0,0,0,0,0
110071,Fists of the Heavens - Alt 4,,,,0,10,0,3,71304,0,0,0,1,0,0,0,0,0,0
110072,Fists of the Heavens - Alt 5,,,,0,10,0,3,71305,0,0,0,1,0,0,0,0,0,0
110073,Ursaaj,,,,1,7,0,0,71307,0,0,0,1,0,0,0,0,0,0
110074,Fists of the Heavens - Alt 6,,,,0,10,0,3,71306,0,0,0,1,0,0,0,0,0,0
110077,Sheilun - Alt 1,,,,0,10,0,3,71308,0,0,0,1,0,0,0,0,0,0
110078,Sheilun - Alt 2,,,,0,10,0,3,71309,0,0,0,1,0,0,0,0,0,0
110079,Sheilun - Alt 3,,,,0,10,0,3,71310,0,0,0,1,0,0,0,0,0,0
110080,Sheilun - Alt 4,,,,0,10,0,3,71311,0,0,0,1,0,0,0,0,0,0
110081,Sheilun - Alt 5,,,,0,10,0,3,71312,0,0,0,1,0,0,0,0,0,0
110082,Sheilun - Alt 6,,,,0,10,0,3,71313,0,0,0,1,0,0,0,0,0,0
110083,Maw - Alt 1,,,,0,10,0,3,71314,0,0,0,1,0,0,0,0,0,0
110084,Maw - Alt 2,,,,0,10,0,3,71315,0,0,0,1,0,0,0,0,0,0
110085,Maw - Alt 4,,,,0,10,0,3,71317,0,0,0,1,0,0,0,0,0,0
110086,Maw - Alt 5,,,,0,10,0,3,71318,0,0,0,1,0,0,0,0,0,0
110087,Maw - Alt 6,,,,0,10,0,3,71319,0,0,0,1,0,0,0,0,0,0
110088,Apoc - Alt 1,,,,0,10,0,3,71320,0,0,0,1,0,0,0,0,0,0
110089,Apoc - Alt 2,,,,0,10,0,3,71321,0,0,0,1,0,0,0,0,0,0
110090,Apoc - Alt 3,,,,0,10,0,3,71322,0,0,0,1,0,0,0,0,0,0
110091,Apoc - Alt 4,,,,0,10,0,3,71323,0,0,0,1,0,0,0,0,0,0
110092,Apoc - Alt 5,,,,0,10,0,3,71324,0,0,0,1,0,0,0,0,0,0
110093,Apoc - Alt 6,,,,0,10,0,3,71325,0,0,0,1,0,0,0,0,0,0
110097,Ragnvald Drakeborn,,,,0,7,0,0,72036,0,0,0,1,0,0,0,137176,0,0
110098,Azgalor - Alt 1,,,,0,10,0,3,71326,0,0,0,1,0,0,0,0,0,0
110099,Azgalor - Alt 2,,,,0,10,0,3,71327,0,0,0,1,0,0,0,0,0,0
110100,Azgalor - Alt 3,,,,0,10,0,3,71328,0,0,0,1,0,0,0,0,0,0
110101,Azgalor - Alt 4,,,,0,10,0,3,71329,0,0,0,1,0,0,0,0,0,0
110103,Azgalor - Alt 5,,,,0,10,0,3,71331,0,0,0,1,0,0,0,0,0,0
110104,Azgalor - Alt 6,,,,0,10,0,3,71332,0,0,0,1,0,0,0,0,0,0
110105,Aldrochi- Alt 1,,,,0,10,0,3,71333,0,0,0,1,0,0,0,0,0,0
110106,Aldrochi- Alt 2,,,,0,10,0,3,71334,0,0,0,1,0,0,0,0,0,0
110107,Aldrochi- Alt 3,,,,0,10,0,3,71335,0,0,0,1,0,0,0,0,0,0
110108,Aldrochi- Alt 4,,,,0,10,0,3,71336,0,0,0,1,0,0,0,0,0,0
110109,Aldrochi- Alt 5,,,,0,10,0,3,71337,0,0,0,1,0,0,0,0,0,0
110112,Claws of Ursoc - Alt 2 - Primal,,,,0,10,0,0,66721,0,0,0,1,0,0,0,0,0,0
110113,Claws of Ursoc - Alt 1 - Base - Night Elf,,,,0,10,0,0,66686,0,0,0,1,0,0,0,0,0,0
110115,Claws of Ursoc - Alt 3 - Nightmare,,,,0,10,0,0,66719,0,0,0,1,0,0,0,0,0,0
110116,Claws of Ursoc - Alt 4 - Spectral,,,,0,10,0,0,66705,0,0,0,1,0,0,0,0,0,0
110117,Fangs of Ashamane - Alt 1 - Base,,,,0,10,0,0,66777,0,0,0,1,0,0,0,0,0,0
110118,Fangs of Ashamane - Alt 2 - Nature,,,,0,10,0,0,66787,0,0,0,1,0,0,0,0,0,0
110119,Fangs of Ashamane - Alt 3 - Nightmare,,,,0,10,0,0,66794,0,0,0,1,0,0,0,0,0,0
110120,Fangs of Ashamane - Alt 4 - Primal,,,,0,10,0,0,66790,0,0,0,1,0,0,0,0,0,0
110121,Fangs of Ashamane - Alt 5 - Spectral,,,,0,10,0,0,66782,0,0,0,1,0,0,0,0,0,0
110122,Niskara Intro Step Credit,,,,0,7,0,0,67919,0,0,0,1,0,0,0,71445,0,0
110123,Fangs of Ashamane - Alt 6 - Owlcat,,,,0,10,0,0,69834,0,0,0,1,0,0,0,0,0,0
110124,Claws of Ursoc - Alt 5 - Stone,,,,0,10,0,0,66697,0,0,0,1,0,0,0,0,0,0
110126,Scythe - Alt 1,,,,0,10,0,3,71342,0,0,0,1,0,0,0,0,0,0
110127,Scythe - Alt 2,,,,0,10,0,3,71343,0,0,0,1,0,0,0,0,0,0
110128,Scythe - Alt 3,,,,0,10,0,3,71344,0,0,0,1,0,0,0,0,0,0
110129,Scythe - Alt 4,,,,0,10,0,3,71345,0,0,0,1,0,0,0,0,0,0
110130,Scythe - Alt 5,,,,0,10,0,3,71346,0,0,0,1,0,0,0,0,0,0
110131,Scythe - Alt 6,,,,0,10,0,3,71347,0,0,0,1,0,0,0,0,0,0
110132,Resto Staff - Alt 1,,,,0,10,0,3,71348,0,0,0,1,0,0,0,0,0,0
110133,Resto Staff - Alt 2,,,,0,10,0,3,71349,0,0,0,1,0,0,0,0,0,0
110134,Resto Staff - Alt 3,,,,0,10,0,3,71350,0,0,0,1,0,0,0,0,0,0
110135,Resto Staff - Alt 4,,,,0,10,0,3,71351,0,0,0,1,0,0,0,0,0,0
110136,Resto Staff - Alt 5,,,,0,10,0,3,71352,0,0,0,1,0,0,0,0,0,0
110137,Resto Staff - Alt 6,,,,0,10,0,3,71353,0,0,0,1,0,0,0,0,0,0
110138,Destro Staff - Alt 1,,,,0,10,0,3,71354,0,0,0,1,0,0,0,0,0,0
110139,Destro Staff - Alt 2,,,,0,10,0,3,71355,0,0,0,1,0,0,0,0,0,0
110140,Destro Staff - Alt 3,,,,0,10,0,3,71356,0,0,0,1,0,0,0,0,0,0
110143,Destro Staff - Alt 4,,,,0,10,0,3,71357,0,0,0,1,0,0,0,0,0,0
110144,Destro Staff - Alt 5,,,,0,10,0,3,71358,0,0,0,1,0,0,0,0,0,0
110145,Destro Staff - Alt 6,,,,0,10,0,3,71359,0,0,0,1,0,0,0,0,0,0
110146,Aff Staff - Alt 1,,,,0,10,0,3,71360,0,0,0,1,0,0,0,0,0,0
110147,Aff Staff - Alt 2,,,,0,10,0,3,71361,0,0,0,1,0,0,0,0,0,0
110148,Aff Staff - Alt 3,,,,0,10,0,3,71362,0,0,0,1,0,0,0,0,0,0
110149,Aff Staff - Alt 4,,,,0,10,0,3,71363,0,0,0,1,0,0,0,0,0,0
110150,Aff Staff - Alt 5,,,,0,10,0,3,71364,0,0,0,1,0,0,0,0,0,0
110151,Aff Staff - Alt 6,,,,0,10,0,3,71365,0,0,0,1,0,0,0,0,0,0
110152,Demo Skull - Alt 1,,,,0,10,0,3,71366,0,0,0,1,0,0,0,0,0,0
110153,Demo Skull - Alt 2,,,,0,10,0,3,71367,0,0,0,1,0,0,0,0,0,0
110154,Demo Skull - Alt 3,,,,0,10,0,3,71368,0,0,0,1,0,0,0,0,0,0
110155,Demo Skull - Alt 4,,,,0,10,0,3,71369,0,0,0,1,0,0,0,0,0,0
110156,Demo Skull - Alt 5,,,,0,10,0,3,71370,0,0,0,1,0,0,0,0,0,0
110157,Demo Skull - Alt 6,,,,0,10,0,3,71371,0,0,0,1,0,0,0,0,0,0
110158,Demo Dagger - Alt 1,,,,0,10,0,3,71372,0,0,0,1,0,0,0,0,0,0
110159,Demo Dagger - Alt 2,,,,0,10,0,3,71373,0,0,0,1,0,0,0,0,0,0
110160,Demo Dagger - Alt 3,,,,0,10,0,3,71374,0,0,0,1,0,0,0,0,0,0
110161,Demo Dagger - Alt 4,,,,0,10,0,3,71375,0,0,0,1,0,0,0,0,0,0
110162,Demo Dagger - Alt 6,,,,0,10,0,3,71376,0,0,0,1,0,0,0,0,0,0
110172,Lord Jorach Ravenholdt,,,,1,7,0,0,69542,0,0,0,1,0,0,0,5285,0,0
110173,Fleet Admiral Tethys,,,,1,7,0,0,67215,0,0,0,1,1,1,1,2179,1897,25277
110174,Slinky Moneyfingers,,,,0,7,0,0,71377,0,0,0,1,0,0,0,1951,1951,0
110175,Valeera Sanguinar,,,,1,7,0,0,26365,0,0,0,1,1,1,1,171193,171193,0
110176,Taoshi,,,,1,7,0,0,41792,0,0,0,1,0,0,0,80266,80266,0
110177,Master Mathias Shaw,,Leader of SI:7,,1,7,0,0,83274,0,0,0,1,0,0,0,47104,47104,0
110179,Frost Staff - Alt 1,,,,0,10,0,3,71378,0,0,0,1,0,0,0,0,0,0
110180,Frost Staff - Alt 2,,,,0,10,0,3,71379,0,0,0,1,0,0,0,0,0,0
110181,Frost Staff - Alt 3,,,,0,10,0,3,71380,0,0,0,1,0,0,0,0,0,0
110182,Frost Staff - Alt 4,,,,0,10,0,3,71381,0,0,0,1,0,0,0,0,0,0
110183,Frost Staff - Alt 5,,,,0,10,0,3,71382,0,0,0,1,0,0,0,0,0,0
110184,Frost Staff - Alt 6,,,,0,10,0,3,71383,0,0,0,1,0,0,0,0,0,0
110185,Arcane Staff - Alt 1,,,,0,10,0,3,71384,0,0,0,1,0,0,0,0,0,0
110186,Arcane Staff - Alt 2,,,,0,10,0,3,71385,0,0,0,1,0,0,0,0,0,0
110187,Arcane Staff - Alt 3,,,,0,10,0,3,71386,0,0,0,1,0,0,0,0,0,0
110188,Arcane Staff - Alt 4,,,,0,10,0,3,71387,0,0,0,1,0,0,0,0,0,0
110189,Arcane Staff - Alt 5,,,,0,10,0,3,71388,0,0,0,1,0,0,0,0,0,0
110190,Arcane Staff - Alt 6,,,,0,10,0,3,71389,0,0,0,1,0,0,0,0,0,0
110191,Arcane Staff - Alt Stick,,,,0,10,0,3,71390,0,0,0,1,0,0,0,0,0,0
110192,Fire Sword - Alt 1,,,,0,10,0,3,71391,0,0,0,1,0,0,0,0,0,0
110193,Fire Sword - Alt 2,,,,0,10,0,3,71392,0,0,0,1,0,0,0,0,0,0
110194,Fire Sword - Alt 3,,,,0,10,0,3,71393,0,0,0,1,0,0,0,0,0,0
110195,Fire Sword - Alt 4,,,,0,10,0,3,71394,0,0,0,1,0,0,0,0,0,0
110196,Fire Sword - Alt 5,,,,0,10,0,3,71395,0,0,0,1,0,0,0,0,0,0
110197,Fire Offhand - Alt 1,,,,0,10,0,3,71396,0,0,0,1,0,0,0,0,0,0
110198,Fire Offhand - Alt 2,,,,0,10,0,3,71397,0,0,0,1,0,0,0,0,0,0
110199,Fire Offhand - Alt 3,,,,0,10,0,3,71398,0,0,0,1,0,0,0,0,0,0
110200,Fire Offhand - Alt 4,,,,0,10,0,3,71399,0,0,0,1,0,0,0,0,0,0
110201,Fire Offhand - Alt 5,,,,0,10,0,3,71400,0,0,0,1,0,0,0,0,0,0
110202,Fire Offhand - Alt 6,,,,0,10,0,3,71401,0,0,0,1,0,0,0,0,0,0
110203,Elemental Mainhand - Alt 1,,,,0,10,0,3,71402,0,0,0,1,0,0,0,0,0,0
110204,Elemental Mainhand - Alt 1,,,,0,10,0,3,71403,0,0,0,1,0,0,0,0,0,0
110205,Elemental Mainhand - Alt 2,,,,0,10,0,3,71404,0,0,0,1,0,0,0,0,0,0
110206,Elemental Mainhand - Alt 3,,,,0,10,0,3,71405,0,0,0,1,0,0,0,0,0,0
110207,Elemental Mainhand - Alt 4,,,,0,10,0,3,71406,0,0,0,1,0,0,0,0,0,0
110208,Elemental Mainhand - Alt 5,,,,0,10,0,3,71407,0,0,0,1,0,0,0,0,0,0
110209,Elemental Mainhand - Alt 6,,,,0,10,0,3,71408,0,0,0,1,0,0,0,0,0,0
110210,Elemental Offhand - Alt 1,,,,0,10,0,3,71409,0,0,0,1,0,0,0,0,0,0
110211,Elemental Offhand - Alt 2,,,,0,10,0,3,71410,0,0,0,1,0,0,0,0,0,0
110212,Elemental Offhand - Alt 3,,,,0,10,0,3,71411,0,0,0,1,0,0,0,0,0,0
110214,Elemental Offhand - Alt 4,,,,0,10,0,3,71412,0,0,0,1,0,0,0,0,0,0
110215,Elemental Offhand - Alt 5,,,,0,10,0,3,71413,0,0,0,1,0,0,0,0,0,0
110216,Elemental Offhand - Alt 6,,,,0,10,0,3,71414,0,0,0,1,0,0,0,0,0,0
110217,Enhance Mainhand - Alt 1,,,,0,10,0,3,71415,0,0,0,1,0,0,0,0,0,0
110218,Enhance Mainhand - Alt 2,,,,0,10,0,3,71416,0,0,0,1,0,0,0,0,0,0
110219,Enhance Mainhand - Alt 3,,,,0,10,0,3,71417,0,0,0,1,0,0,0,0,0,0
110220,Enhance Mainhand - Alt 4,,,,0,10,0,3,71418,0,0,0,1,0,0,0,0,0,0
110221,Enhance Mainhand - Alt 5,,,,0,10,0,3,71419,0,0,0,1,0,0,0,0,0,0
110222,Enhance Mainhand - Alt 6,,,,0,10,0,3,71420,0,0,0,1,0,0,0,0,0,0
110223,Enhance offhand - Alt 1,,,,0,10,0,3,71421,0,0,0,1,0,0,0,0,0,0
110225,Resto Mainhand - Alt 1,,,,0,10,0,3,71424,0,0,0,1,0,0,0,0,0,0
110226,Resto Mainhand - Alt 2,,,,0,10,0,3,71425,0,0,0,1,0,0,0,0,0,0
110227,Resto Mainhand - Alt 3,,,,0,10,0,3,71428,0,0,0,1,0,0,0,0,0,0
110228,Resto Mainhand - Alt 4,,,,0,10,0,3,71430,0,0,0,1,0,0,0,0,0,0
110229,Resto Mainhand - Alt 5,,,,0,10,0,3,71431,0,0,0,1,0,0,0,0,0,0
110230,Resto Mainhand - Alt 6,,,,0,10,0,3,71432,0,0,0,1,0,0,0,0,0,0
110231,Resto Offhand - Alt 1,,,,0,10,0,3,71433,0,0,0,1,0,0,0,0,0,0
110232,Resto Offhand - Alt 3,,,,0,10,0,3,71435,0,0,0,1,0,0,0,0,0,0
110233,Holy Staff - Alt 1,,,,0,10,0,3,71436,0,0,0,1,0,0,0,0,0,0
110234,Holy Staff - Alt 2,,,,0,10,0,3,71438,0,0,0,1,0,0,0,0,0,0
110235,Holy Staff - Alt 3,,,,0,10,0,3,71439,0,0,0,1,0,0,0,0,0,0
110236,Holy Staff - Alt 4,,,,0,10,0,3,71440,0,0,0,1,0,0,0,0,0,0
110237,Holy Staff - Alt 5,,,,0,10,0,3,71441,0,0,0,1,0,0,0,0,0,0
110238,Holy Staff - Alt 6,,,,0,10,0,3,71442,0,0,0,1,0,0,0,0,0,0
110239,Balance Staff - Alt 1,,,,0,10,0,3,71443,0,0,0,1,0,0,0,0,0,0
110240,Balance Staff - Alt 2,,,,0,10,0,3,71444,0,0,0,1,0,0,0,0,0,0
110241,Balance Staff - Alt 3,,,,0,10,0,3,71446,0,0,0,1,0,0,0,0,0,0
110242,Balance Staff - Alt 4,,,,0,10,0,3,71447,0,0,0,1,0,0,0,0,0,0
110243,Balance Staff - Alt 5,,,,0,10,0,3,71449,0,0,0,1,0,0,0,0,0,0
110244,Balance Staff - Alt 6,,,,0,10,0,3,71450,0,0,0,1,0,0,0,0,0,0
110245,Shadow Dagger - Alt 1,,,,0,10,0,3,71453,0,0,0,1,0,0,0,0,0,0
110246,Shadow Dagger - Alt 2,,,,0,10,0,3,71454,0,0,0,1,0,0,0,0,0,0
110247,Shadow Dagger - Alt 3,,,,0,10,0,3,71455,0,0,0,1,0,0,0,0,0,0
110248,Shadow Dagger - Alt 4,,,,0,10,0,3,71456,0,0,0,1,0,0,0,0,0,0
110249,Shadow Dagger - Alt 5,,,,0,10,0,3,71457,0,0,0,1,0,0,0,0,0,0
110250,Shadow Dagger - Alt 6,,,,0,10,0,3,71458,0,0,0,1,0,0,0,0,0,0
110251,Shadow Book - Alt 1,,,,0,10,0,3,71459,0,0,0,1,0,0,0,0,0,0
110252,Shadow Book - Alt 2,,,,0,10,0,3,71460,0,0,0,1,0,0,0,0,0,0
110253,Moonfeather Prowler,,,,0,1,160,0,67551,0,0,0,1,0,0,0,0,0,0
110254,Shadow Book - Alt 3,,,,0,10,0,3,71462,0,0,0,1,0,0,0,0,0,0
110255,Shadow Book - Alt 4,,,,0,10,0,3,71464,0,0,0,1,0,0,0,0,0,0
110256,Shadow Book - Alt 5,,,,0,10,0,3,71465,0,0,0,1,0,0,0,0,0,0
110257,Shadow Book - Alt 6,,,,0,10,0,3,71467,0,0,0,1,0,0,0,0,0,0
110258,Bilgefin Scavenger,,,,0,7,0,0,1763,0,0,0,1,1,1,1,128201,0,0
110259,Subtlety Dagger - Alt 1,,,,0,10,0,3,71469,0,0,0,1,0,0,0,0,0,0
110260,Subtlety Dagger - Alt 2,,,,0,10,0,3,71470,0,0,0,1,0,0,0,0,0,0
110261,Subtlety Dagger - Alt 3,,,,0,10,0,3,71471,0,0,0,1,0,0,0,0,0,0
110262,Crew of Pirates,,,,0,7,0,0,71472,71480,72484,72485,1,1,1,1,3364,57848,0
110263,Subtlety Dagger - Alt 4,,,,0,10,0,3,71473,0,0,0,1,0,0,0,0,0,0
110264,Subtlety Dagger - Alt 5,,,,0,10,0,3,71474,0,0,0,1,0,0,0,0,0,0
110265,Subtlety Dagger - Alt 6,,,,0,10,0,3,71475,0,0,0,1,0,0,0,0,0,0
110266,Combat Dagger - Alt 1,,,,0,10,0,3,71477,0,0,0,1,0,0,0,0,0,0
110267,Combat Dagger - Alt 2,,,,0,10,0,3,71478,0,0,0,1,0,0,0,0,0,0
110268,Combat Dagger - Alt 3,,,,0,10,0,3,71481,0,0,0,1,0,0,0,0,0,0
110269,Combat Dagger - Alt 4,,,,0,10,0,3,71483,0,0,0,1,0,0,0,0,0,0
110270,Combat Dagger - Alt 5,,,,0,10,0,3,71484,0,0,0,1,0,0,0,0,0,0
110271,Combat Dagger - Alt 6,,,,0,10,0,3,71485,0,0,0,1,0,0,0,0,0,0
110272,Assass Dagger - Alt 1,,,,0,10,0,3,71486,0,0,0,1,0,0,0,0,0,0
110273,Assass Dagger - Alt 2,,,,0,10,0,3,71487,0,0,0,1,0,0,0,0,0,0
110274,Assass Dagger - Alt 3,,,,0,10,0,3,71488,0,0,0,1,0,0,0,0,0,0
110275,Assass Dagger - Alt 4,,,,0,10,0,3,71489,0,0,0,1,0,0,0,0,0,0
110276,Assass Dagger - Alt 5,,,,0,10,0,3,71490,0,0,0,1,0,0,0,0,0,0
110277,Marksman Bow - Alt 1,,,,0,10,0,3,71491,0,0,0,1,0,0,0,0,0,0
110278,Marksman Bow - Alt 2,,,,0,10,0,3,71492,0,0,0,1,0,0,0,0,0,0
110279,Marksman Bow - Alt 3,,,,0,10,0,3,71493,0,0,0,1,0,0,0,0,0,0
110280,Marksman Bow - Alt 4,,,,0,10,0,3,71494,0,0,0,1,0,0,0,0,0,0
110281,Marksman Bow - Alt 5,,,,0,10,0,3,71495,0,0,0,1,0,0,0,0,0,0
110282,Beastmaster Gun - Alt 1,,,,0,10,0,3,71496,0,0,0,1,0,0,0,0,0,0
110283,Beastmaster Gun - Alt 2,,,,0,10,0,3,71497,0,0,0,1,0,0,0,0,0,0
110284,Beastmaster Gun - Alt 3,,,,0,10,0,3,71498,0,0,0,1,0,0,0,0,0,0
110285,Beastmaster Gun - Alt 4,,,,0,10,0,3,71499,0,0,0,1,0,0,0,0,0,0
110286,Beastmaster Gun - Alt 5,,,,0,10,0,3,71500,0,0,0,1,0,0,0,0,0,0
110287,Beastmaster Gun - Alt 6,,,,0,10,0,3,71501,0,0,0,1,0,0,0,0,0,0
110288,Survival Spear - Alt 1,,,,0,10,0,3,71502,0,0,0,1,0,0,0,0,0,0
110289,Survival Spear - Alt 2,,,,0,10,0,3,71503,0,0,0,1,0,0,0,0,0,0
110290,Survival Spear - Alt 3,,,,0,10,0,3,71504,0,0,0,1,0,0,0,0,0,0
110291,Survival Spear - Alt 4,,,,0,10,0,3,71505,0,0,0,1,0,0,0,0,0,0
110292,Survival Spear - Alt 5,,,,0,10,0,3,71506,0,0,0,1,0,0,0,0,0,0
110293,Ashbringer - Alt 1,,,,0,10,0,3,71507,0,0,0,1,0,0,0,0,0,0
110294,Ashbringer - Alt 2,,,,0,10,0,3,71508,0,0,0,1,0,0,0,0,0,0
110295,Ashbringer - Alt 3,,,,0,10,0,3,71509,0,0,0,1,0,0,0,0,0,0
110296,Ashbringer - Alt 4,,,,0,10,0,3,71510,0,0,0,1,0,0,0,0,0,0
110297,Ashbringer - Alt 5,,,,0,10,0,3,71511,0,0,0,1,0,0,0,0,0,0
110298,Silver Hand - Alt 1,,,,0,10,0,3,71512,0,0,0,1,0,0,0,0,0,0
110299,Silver Hand - Alt 2,,,,0,10,0,3,71513,0,0,0,1,0,0,0,0,0,0
110300,Silver Hand - Alt 3,,,,0,10,0,3,71514,0,0,0,1,0,0,0,0,0,0
110301,Silver Hand - Alt 4,,,,0,10,0,3,71515,0,0,0,1,0,0,0,0,0,0
110302,Silver Hand - Alt 5,,,,0,10,0,3,71516,0,0,0,1,0,0,0,0,0,0
110303,Silver Hand - Alt 6,,,,0,10,0,3,71517,0,0,0,1,0,0,0,0,0,0
110304,Prot Shield - Alt 1,,,,0,10,0,3,71518,0,0,0,1,0,0,0,0,0,0
110305,Prot Shield - Alt 5,,,,0,10,0,3,71519,0,0,0,1,0,0,0,0,0,0
110306,Prot Shield - Alt 6,,,,0,10,0,3,71520,0,0,0,1,0,0,0,0,0,0
110307,Shield Weapon - Alt 2,,,,0,10,0,3,71521,0,0,0,1,0,0,0,0,0,0
110308,Shield Weapon - Alt 5,,,,0,10,0,3,71522,0,0,0,1,0,0,0,0,0,0
110309,Fury Sword - Alt 2,,,,0,10,0,3,71523,0,0,0,1,0,0,0,0,0,0
110310,Fury Sword - Alt 3,,,,0,10,0,3,71524,0,0,0,1,0,0,0,0,0,0
110311,Fury Sword - Alt 4,,,,0,10,0,3,71525,0,0,0,1,0,0,0,0,0,0
110312,Fury Sword - Alt 5,,,,0,10,0,3,71526,0,0,0,1,0,0,0,0,0,0
110313,Arms Sword - Alt 1,,,,0,10,0,3,71527,0,0,0,1,0,0,0,0,0,0
110314,Arms Sword - Alt 2,,,,0,10,0,3,71528,0,0,0,1,0,0,0,0,0,0
110315,Arms Sword - Alt 3,,,,0,10,0,3,71529,0,0,0,1,0,0,0,0,0,0
110316,Arms Sword - Alt 4,,,,0,10,0,3,71530,0,0,0,1,0,0,0,0,0,0
110317,Arms Sword - Alt 5,,,,0,10,0,3,71531,0,0,0,1,0,0,0,0,0,0
110318,Arms Sword - Alt 6,,,,0,10,0,3,71532,0,0,0,1,0,0,0,0,0,0
110319,Prot Sword - Alt 1,,,,0,10,0,3,71533,0,0,0,1,0,0,0,0,0,0
110321,Na'zak the Fiend,,,,1,7,0,0,71534,0,0,0,1,0,0,0,0,0,0
110328,Theives,,,,0,4,0,0,71426,71427,71429,71434,1,1,1,1,10617,0,0
110330,Defias Bandits,,,,0,4,0,0,71445,71448,71451,71452,1,1,1,1,2057,1927,0
110336,Duelists,,,,0,4,0,0,71461,71463,71466,71468,1,1,1,1,3364,5284,0
110337,Pirates,,,,0,4,0,0,71472,71479,71480,71482,1,1,1,1,3364,0,0
110340,Myonix,,Manasaber Matron,,4,1,46,0,71536,0,0,0,1,1,1,1,0,0,0
110353,Grappling Hook Bunny,,,,0,10,0,0,328,27823,0,0,0,1,1,1,0,0,0
110358,Grappling Hook Bunny,,,,0,10,0,0,328,27823,0,0,0,1,1,1,0,0,0
110378,Drugon the Frostblood,,,,2,5,0,0,68225,0,0,0,1,0,0,0,0,0,0
110387,Fel Imp,,,,0,3,100,0,44152,0,0,0,1,1,1,1,0,0,0
110389,Shivarra,,,,0,3,102,0,44610,0,0,0,1,1,1,1,28133,28133,0
110392,Voidlord,,,,0,3,101,0,64800,0,0,0,1,1,1,1,0,0,0
110393,Observer,,,,0,3,103,0,69828,0,0,0,1,1,1,1,0,0,0
110394,Terrorguard,,,,0,3,147,0,65072,0,0,0,0,0,0,0,0,0,0
110396,Abyssal,,,,0,3,148,0,16874,0,0,0,1,1,1,1,0,0,0
110397,Wrathguard,,,,0,3,104,0,63968,0,0,0,1,1,1,1,22199,0,0
110405,Echo of Chi-Ji,,,,0,1,0,0,69902,0,0,0,0,0,0,0,0,0,0
110406,Echo of Niuzao,,,,0,1,0,0,70208,0,0,0,0,0,0,0,0,0,0
110438,Siegemaster Aedrin,,,,4,7,0,0,69530,0,0,0,1,1,1,1,0,0,0
110440,Arcane Siege Weapon,,,,0,10,0,3,71579,0,0,0,1,0,0,0,0,0,0
110441,Snowglobe Stalker,,,,0,7,0,0,46003,41199,0,0,0,1,0,0,0,0,0
110457,Sol,,,,1,4,0,0,70162,0,0,0,1,0,0,0,0,0,0
110458,Calia Menethil,,,,0,7,0,0,67797,0,0,0,1,0,0,0,0,0,0
110459,High Priestess Ishanah,,,,1,7,0,0,17882,0,0,0,1,0,0,0,28738,0,0
110460,Zabra Hexx,,,,0,7,0,0,71567,0,0,0,1,0,0,0,48045,0,0
110461,Yalia Sagewhisper,,,,0,7,0,0,41874,0,0,0,1,0,0,0,80280,0,0
110462,Mariella Ward,,,,0,7,0,0,71952,0,0,0,1,0,0,0,28188,0,0
110463,Natalie Seline,,,,0,7,0,0,71568,0,0,0,1,0,0,0,28345,0,0
110464,Alonsus Faol,,Bishop of Secrets,,1,7,0,0,67043,0,0,0,1,0,0,0,0,0,0
110477,Master Mathias Shaw,,Leader of SI:7,,1,7,0,0,83274,0,0,0,1,0,0,0,47104,47104,0
110481,Amber Kearnen,,SI:7 Lieutenant,,0,7,0,0,38876,0,0,0,1,0,0,0,65486,0,16004
110482,Kayn Sunfury,,Illidari,,1,7,0,0,61698,0,0,0,1,0,0,0,128359,128371,0
110483,Detheroc,,,,1,3,0,0,71569,0,0,0,1,0,0,0,0,0,0
110485,Altruis the Sufferer,,Illidari,,1,7,0,0,63985,0,0,0,1,1,1,1,128360,128370,0
110488,Ritssyn Flamescowl,,Council of the Black Harvest,,0,7,0,0,65975,0,0,0,1,0,0,0,110248,0,0
110489,Meryl Felstorm,,,,0,7,0,0,67760,0,0,0,1,0,0,0,111743,0,0
110490,SI:7 Agent A,,,,0,7,0,0,34761,0,0,0,1,0,0,0,61368,0,0
110491,SI:7 Agent B,,,,0,7,0,0,34764,0,0,0,1,0,0,0,61368,0,0
110493,Felguard Legionnaire,,,,0,3,0,0,62277,0,0,0,1,0,0,0,138755,0,0
110495,Farseer Nobundo,,The Earthen Ring,,1,7,0,0,64939,0,0,0,1,0,0,0,1908,0,0
110498,Alonsus Faol,,Bishop of Secrets,,1,7,0,0,67043,0,0,0,1,0,0,0,0,0,0
110499,Freshwater Longfin,,,,6,1,0,0,41300,0,0,0,1,0,0,0,0,0,0
110504,Baby Snowstrider,,,,0,12,0,0,66488,0,0,0,1,0,0,0,0,0,0
110505,Emmarel Shadewarden,,Unseen Path,,0,7,0,0,66672,0,0,0,1,0,0,0,0,0,65972
110506,Lord Maxwell Tyrosus,,,,1,7,0,0,62762,0,0,0,1,0,0,0,108923,0,0
110510,Legion Command Center,,,,0,10,0,3,65683,0,0,0,1,0,0,0,0,0,0
110533,Gul'dan,,Lord of the Shadow Council,,1,7,0,0,59808,0,0,0,1,1,1,1,0,0,0
110542,Blackfire Imp,,,,1,3,0,0,16889,0,0,0,0,1,1,1,0,0,0
110543,Aspiring Shadow Council Warlock,,,,1,7,0,0,71103,71104,71105,71106,1,1,1,1,2559,0,0
110544,Aspiring Shadow Council Enforcer,,,,1,7,0,0,71107,71108,71109,71110,2,1,3,1,56172,0,0
110545,Blackfire Shivarra,,,,1,3,0,0,29442,0,0,0,0,1,1,1,0,0,0
110546,Blackfire Wrathguard,,,,1,3,0,0,54167,0,0,0,0,1,1,1,0,0,0
110547,Blackfire Fel Lord,,,,1,3,0,0,70657,0,0,0,0,1,1,1,139022,0,0
110548,Image of Gul'dan,,Lord of the Shadow Council,,1,7,0,0,59808,0,0,0,1,0,0,0,0,0,0
110554,Blackfire Assault Mage,,,,1,3,0,0,63997,0,0,0,0,1,1,1,139161,0,0
110557,Prophet Velen,,,,1,7,0,0,67048,0,0,0,1,0,0,0,0,0,0
110562,Bahagar,,,,4,1,2,0,71578,0,0,0,1,1,1,1,0,0,0
110568,Dark Zealots,,,,0,7,0,0,72435,72436,72433,72434,1,1,1,1,28633,0,0
110571,Delas Moonfang,,Priestess of the Moon,,0,7,0,0,50541,0,0,0,1,0,0,0,0,0,73040
110586,High Priestess Ishanah,,,,1,7,0,0,17882,0,0,0,1,0,0,0,28738,0,0
110588,Acolytes,,,,0,4,0,0,65341,65342,65343,65344,1,1,1,1,0,0,0
110590,Paragon,,,,0,4,0,0,65348,65349,65346,65347,1,1,1,1,0,0,0
110593,Zealot,,,,0,4,0,0,65437,65438,65439,65440,1,1,1,1,0,0,0
110594,Dark Zealot,,,,0,4,0,0,65441,65442,65443,65444,1,1,1,1,0,0,0
110597,Snowfeather,,Emmarel's Companion,,0,7,0,0,67694,0,0,0,1,0,0,0,0,0,0
110598,High Priestess Ishanah,,,,1,7,0,0,17882,0,0,0,1,0,0,0,28738,0,0
110599,Loramus Thalipedes,,Class Hall Upgrades,,1,3,0,0,70806,0,0,0,1,1,1,1,0,0,0
110633,Stormwind Knight,,,,0,7,0,0,73089,0,0,0,1,0,0,0,1899,117413,0
110634,Stormwind Knight,,,,0,7,0,0,73090,0,0,0,1,0,0,0,1899,117413,0
110666,Young Mutant Warturtle,,,,0,14,0,0,71611,0,0,0,1,1,1,1,0,0,0
110684,Natalie Seline,,Cult of Forgotten Shadows,,0,7,0,0,71568,0,0,0,1,0,0,0,28345,0,0
110701,Void Tendril,,,,0,15,0,0,71614,0,0,0,1,0,0,0,0,0,0
110721,Unamused Imp,,,,0,3,0,0,65897,65907,65881,68711,1,1,1,1,0,0,0
110726,Cadraeus,,,,4,7,0,0,69435,0,0,0,1,1,1,1,133174,0,0
110738,Kaela Grimlocket,,,,1,7,0,0,71622,0,0,0,1,0,0,0,0,0,0
110741,Gleamhoof Fawn,,,,0,14,0,0,71224,0,0,0,1,1,1,1,0,0,0
110754,Invisible Stalker - Nightmare Pool,,,,0,7,0,0,46003,41199,0,0,0,1,0,0,0,0,0
110782,Mission McSmartypants,,,,0,7,0,0,41765,0,0,0,1,1,1,1,0,0,0
110784,Thornclaw Broodling,,,,0,8,0,0,66213,0,0,0,1,1,1,1,0,0,0
110785,Vicious Broodling,,,,0,8,0,0,66210,0,0,0,1,1,1,1,0,0,0
110808,Il'gynoth,,,,0,15,0,0,77998,0,0,0,1,0,0,0,0,0,0
110821,Apata Highmountain,,,,0,7,0,0,66135,0,0,0,1,0,0,0,34058,0,0
110824,Tideclaw,,,,4,1,8,0,70524,0,0,0,1,1,1,1,0,0,0
110826,Coastal Sandpiper,,,,0,14,0,0,71056,0,0,0,1,1,1,1,0,0,0
110838,Timeworn Greatshell,,,,0,1,21,0,46043,0,0,0,1,0,0,0,0,0,0
110866,Delas Moonfang,,Priestess of the Moon,,1,7,0,0,50541,0,0,0,1,0,0,0,0,0,73040
110927,Enchanted Tome,,,,0,8,0,0,46938,0,0,0,0,1,1,1,0,0,0
110934,Dvalen Ironrune,,,,0,7,0,0,25754,0,0,0,1,0,0,0,35727,140229,0
110944,Guardian Thor'el,,The Eighth Shield,,4,9,0,0,67465,0,0,0,1,1,1,1,0,0,0
110951,Jungle Grub,,,,0,8,0,0,40226,0,0,0,1,1,1,1,0,0,0
110965,Elisande,,Grand Magistrix,,1,7,0,0,69082,0,0,0,1,0,0,0,0,0,0
110980,Arator,,,,1,7,0,0,16624,0,0,0,1,0,0,0,26003,0,0
110986,Apata Highmountain,,,,0,7,0,0,66135,0,0,0,1,0,0,0,34058,0,0
111009,Prophet Velen,,,,1,7,0,0,67048,0,0,0,1,0,0,0,35714,0,0
111011,Misha,,,,0,1,0,0,71273,0,0,0,1,0,0,0,0,0,0
111039,Grappling Hook Bunny,,,,0,10,0,3,328,27823,0,0,0,1,1,1,0,0,0
111040,Odessa Belford,,Cult of Forgotten Shadows,,0,7,0,0,71783,0,0,0,1,0,0,0,84093,1172,0
111041,Micah Belford,,Cult of Forgotten Shadows,,0,7,0,0,71784,0,0,0,1,0,0,0,78418,0,0
111075,Chaotoid,,,,1,4,0,0,71794,0,0,0,1,0,0,0,0,0,0
111079,Dantalionax,,Betrayer of Hope,,1,3,0,0,67759,0,0,0,1,0,0,0,0,0,0
111080,Kathra'natir,,,,1,3,0,0,67758,0,0,0,1,0,0,0,0,0,0
111118,Image of Thorim,,,,0,10,0,0,71726,0,0,0,1,0,0,0,45900,0,0
111149,Talixae Flamewreath,,The Emissary,,1,3,0,0,71731,0,0,0,1,0,0,0,63538,63538,0
111158,Blind Rat,,,,0,14,0,0,4960,2176,0,0,1,1,1,1,0,0,0
111172,Stormstruck Beaver,,,,0,14,0,0,47633,0,0,0,1,1,1,1,0,0,0
111176,Zithreenai Wavecaster,,,,0,7,0,0,4976,0,0,0,1,0,0,0,79980,0,0
111178,Sashj'tar Scaleguard,,,,0,7,0,0,68298,0,0,0,1,0,0,0,0,0,0
111179,Conscripted Sea Giant,,,,0,7,0,0,67541,71747,0,0,1,1,0,0,126002,0,0
111197,Anax,,,,4,1,291,0,55080,0,0,0,0,1,1,1,0,0,0
111202,Alliance Enthusiast,,,,0,12,0,0,71002,0,0,0,1,0,0,0,0,0,0
111208,Remnant of the Void,,,,0,10,0,0,71745,0,0,0,1,0,0,0,0,0,0
111216,Ambervale Darter,,,,6,1,291,0,53782,0,0,0,0,1,1,1,0,0,0
111236,Bunny,,,,6,10,0,3,21955,11686,0,0,0,1,0,0,0,0,0
111241,Saa'ra,,,,1,10,0,0,67646,0,0,0,1,0,0,0,0,0,0
111247,Balnazzar,,,,1,3,0,0,62571,0,0,0,1,1,1,1,0,0,0
111266,Justicar Julia Celeste,,,,1,7,0,0,23035,0,0,0,1,0,0,0,13316,0,0
111268,Aponi Brightmane,,Sunwalker Chieftain,,1,7,0,0,62788,0,0,0,1,1,1,1,42322,0,0
111269,Delas Moonfang,,Priestess of the Moon,,1,7,0,0,71930,0,0,0,1,0,0,0,128366,0,0
111270,Lord Maxwell Tyrosus,,,,1,7,0,0,62762,0,0,0,1,0,0,0,108923,0,0
111274,Bunny,,,,6,10,0,3,21955,11686,0,0,0,1,0,0,0,0,0
111296,Horde Fanatic,,,,0,12,0,0,71003,0,0,0,1,0,0,0,0,0,0
111312,Bunny,,,,6,10,0,3,21955,11686,0,0,0,1,0,0,0,0,0
111326,Helarjar Priest,,,,1,7,0,0,32889,0,0,0,1,1,1,1,127516,0,0
111332,Helarjar Berserker,,,,1,7,0,0,29504,0,0,0,1,1,0,0,33544,33544,0
111336,Risen Bones,,,,0,6,0,0,71163,71164,71165,0,1,1,1,0,34816,0,0
111337,High Inquisitor Whitemane,,,,0,7,0,0,71257,0,0,0,1,0,0,0,79321,0,0
111338,Restless Warlord,,,,1,6,0,3,63417,64729,63122,63112,1,1,1,1,0,0,0
111339,King Thoras Trollbane,,,,0,7,0,0,70807,0,0,0,1,0,0,0,129456,0,0
111340,Highlord Darion Mograine,,,,0,7,0,0,27466,0,0,0,1,0,0,0,40276,40276,0
111341,Nazgrim,,,,0,7,0,0,70436,0,0,0,1,0,0,0,38633,0,0
111348,Hazard,,,,1,3,0,0,16741,0,0,0,1,0,0,0,0,0,0
111349,Spell,,,,1,3,0,0,16741,0,0,0,1,0,0,0,0,0,0
111352,Felburned Scout,,,,0,7,0,0,69747,69748,0,0,1,1,0,0,55307,0,0
111354,Taintheart Befouler,,,,1,3,0,0,66740,0,0,0,1,0,0,0,51432,0,0
111357,Legion Portal,,,,0,10,0,3,68300,39317,0,0,0,1,0,0,0,0,0
111368,Fel Lord Oblivion,,,,1,3,0,0,69252,0,0,0,1,0,0,0,0,0,0
111369,Zzeszuline the Unrepentant,,,,1,3,0,0,61892,0,0,0,1,0,0,0,0,0,0
111373,Fel Hammer Soulmatrix,,,,1,3,0,0,55948,0,0,0,1,0,0,0,0,0,0
111375,Escaped Soulvoid,,,,1,3,0,0,67018,0,0,0,1,0,0,0,0,0,0
111378,Razelikh the Defiler's Soul,,,,1,3,0,0,6532,0,0,0,1,0,0,0,0,0,0
111382,Aranasi Princess Satine,,,,1,3,0,0,65923,0,0,0,1,0,0,0,0,0,0
111383,Lytheron Gloomscale,,,,0,1,68,0,55461,0,0,0,1,0,0,0,0,0,0
111392,Bunny,,,,6,10,0,3,21955,11686,0,0,0,1,0,0,0,0,0
111393,Deathcaller Mystic,,,,1,7,0,0,69957,0,0,0,1,1,1,1,0,0,0
111398,Nightmare Amalgamation,,,,1,15,0,0,70155,0,0,0,1,0,0,0,0,0,0
111401,Fevered Explorer,,,,0,7,0,0,69640,69701,0,0,1,1,0,0,1511,876,0
111403,Blob Bunny,,,,0,10,0,0,1126,11686,0,0,0,1,0,0,0,0,0
111419,Draenei Anchorite,,,,0,7,0,0,65353,0,0,0,1,0,0,0,0,0,0
111421,Lurking Owl Kitten,,,,0,12,0,0,71826,0,0,0,1,0,0,0,0,0,0
111423,Untethered Wyrmling,,,,0,12,0,3,71827,0,0,0,1,0,0,0,0,0,0
111425,Transmutant,,,,0,12,0,0,71828,0,0,0,1,0,0,0,0,0,0
111437,Bunny,,,,6,10,0,3,21955,11686,0,0,0,1,0,0,0,0,0
111440,Bunny,,,,6,10,0,3,21955,11686,0,0,0,1,0,0,0,0,0
111445,Suramar Loyalist,,,,0,7,0,0,73519,73518,0,0,1,1,1,1,141345,0,0
111447,Duskwatch Defender,,,,0,7,0,0,66562,0,0,0,1,1,0,0,132170,133174,0
111456,Spiderling,,,,1,1,3,0,70010,0,0,0,1,1,1,1,0,0,0
111464,Rouzoch,,Jubeka Shadowbreaker's Companion,,0,3,0,0,63969,0,0,0,1,1,1,1,127651,127651,0
111470,Gravely Wounded Soldier,,,,0,7,0,0,69700,69701,0,0,1,1,0,0,1511,876,0
111477,Bunny,,,,6,10,0,3,21955,11686,0,0,0,1,0,0,0,0,0
111479,Venomspinner,,,,1,3,0,0,71836,0,0,0,1,0,0,0,0,0,0
111482,Wrathbringer Nez'ma,,,,1,3,0,0,19914,0,0,0,1,0,0,0,0,0,0
111490,Loyalist Sycophant,,,,0,7,0,0,71122,71123,0,0,1,1,1,1,0,0,0
111508,Darkfire Felwing,,,,1,3,0,0,67569,0,0,0,1,0,0,0,0,0,0
111511,Avalanche,,,,1,3,0,0,71839,0,0,0,0,0,0,0,0,0,0
111512,Defiler Kardilos,,,,1,3,0,0,71539,0,0,0,1,0,0,0,0,0,0
111515,Xannifrax the Terror,,,,1,3,0,0,64281,0,0,0,1,0,0,0,0,0,0
111520,Ringmaster Saulton,,,,1,3,0,0,68605,0,0,0,1,0,0,0,0,0,0
111522,Bunny,,,,6,10,0,3,21955,11686,0,0,0,1,0,0,0,0,0
111525,Nest Matron Subonn,,,,1,3,0,0,64303,0,0,0,1,0,0,0,0,0,0
111526,Draketamer Rulfgar,,,,1,3,0,0,70870,0,0,0,1,0,0,0,0,0,0
111532,Stavvius the Cutthroat,,,,1,3,0,0,70863,0,0,0,1,0,0,0,0,0,0
111534,Tree,,,,1,3,0,0,71844,0,0,0,0,0,0,0,0,0,0
111538,Hellbringer Xaroth,,,,1,3,0,0,64255,0,0,0,1,0,0,0,0,0,0
111540,Scavenger Felios,,,,1,3,0,0,20854,0,0,0,1,0,0,0,0,0,0
111541,Fevered Bradensbrook Explorer,,,,0,7,0,0,64633,64634,64635,64636,1,1,1,1,1511,876,0
111542,Xinthoss the Spear,,,,1,3,0,0,70881,0,0,0,1,0,0,0,0,0,0
111544,Fevered Explorer,,,,0,7,0,0,69672,69695,0,0,1,1,0,0,1511,876,0
111545,Rethazar the Fallen,,,,1,3,0,0,27359,0,0,0,1,0,0,0,0,0,0
111552,Metreon,,,,1,3,0,0,18168,0,0,0,1,0,0,0,0,0,0
111555,Rydyllia the Shattered,,,,1,3,0,0,71260,0,0,0,1,0,0,0,0,0,0
111559,Oracle Tidecress,,,,1,3,0,0,36660,0,0,0,1,0,0,0,0,0,0
111561,Gravely Wounded Soldier,,,,0,7,0,0,69208,69611,0,0,1,1,0,0,1511,876,0
111564,Gravely Wounded Soldier,,,,0,7,0,0,69700,69701,0,0,1,1,0,0,1511,876,0
111565,Amalia,,Grand Master Pet Tamer,,0,7,0,0,70117,0,0,0,1,0,0,0,0,0,0
111573,Kosumoth the Hungering,,,,2,15,0,0,71850,0,0,0,1,1,1,1,0,0,0
111574,Gravely Wounded Druid of the Claw,,,,0,7,0,0,62394,62395,62396,62397,1,1,1,1,1511,876,0
111577,Bunny,,,,6,10,0,3,21955,11686,0,0,0,1,0,0,0,0,0
111578,Fevered Explorer,,,,0,7,0,0,69659,69699,0,0,1,1,0,0,1511,876,0
111582,Fevered Explorer,,,,0,7,0,0,69696,69677,0,0,1,1,0,0,1511,876,0
111584,Happy Ghost Pup,,,,0,12,0,0,31174,0,0,0,1,1,1,1,0,0,0
111591,Thassarian,,,,0,7,0,0,33911,0,0,0,1,0,0,0,35561,35561,0
111593,Fel Annihilator,,,,1,9,0,0,66490,0,0,0,1,0,0,0,0,0,0
111597,Bunny,,,,6,10,0,3,21955,11686,0,0,0,1,0,0,0,0,0
111600,Stormwind Royal Guard,,,,1,7,0,0,34004,34005,0,0,1,0,0,0,1899,143,0
111602,Injured Adventurer,,,,0,7,0,0,69730,69728,69729,0,1,1,1,0,116606,0,0
111618,Duskwatch Enforcer,,,,0,7,0,0,66278,0,0,0,1,1,1,0,132170,0,0
111650,Bunny,,,,6,10,0,3,21955,11686,0,0,0,1,0,0,0,0,0
111652,Fel Annihilator,,,,1,9,0,0,66490,0,0,0,1,1,1,1,0,0,0
111653,Miasu,,Fel Aspirant,,2,7,0,0,71875,0,0,0,1,1,1,1,137257,0,0
111654,Dreadhoof,,,,1,3,0,0,65175,0,0,0,1,0,0,0,0,0,0
111655,Rancidus the Sewer Monster,,,,1,3,0,0,57553,0,0,0,1,0,0,0,0,0,0
111656,Flammus,,,,1,3,0,0,62180,0,0,0,1,0,0,0,0,0,0
111658,Undalog,,,,1,3,0,0,68926,0,0,0,1,0,0,0,0,0,0
111659,Fel-Lord Xarimus,,,,1,3,0,0,63969,0,0,0,1,0,0,0,0,0,0
111660,Imp Mother Gothol,,,,1,3,0,0,65647,0,0,0,1,0,0,0,0,0,0
111661,Lady Missra,,,,1,3,0,0,67398,0,0,0,1,0,0,0,0,0,0
111662,Aughild the Bitter,,,,1,3,0,0,69637,0,0,0,1,0,0,0,0,0,0
111663,Harlia the Bejeweled,,,,1,3,0,0,64239,0,0,0,1,0,0,0,0,0,0
111666,Velkar the Thief,,,,1,3,0,0,64281,0,0,0,1,0,0,0,0,0,0
111668,"Emmoris, Mistress of Light",,,,1,3,0,0,67978,0,0,0,1,0,0,0,0,0,0
111669,Imperial Conjurer,,,,0,7,0,0,69923,0,0,0,1,0,0,0,133174,0,0
111672,Bunny,,,,6,10,0,3,21955,11686,0,0,0,1,0,0,0,0,0
111676,Aquious the Tidebreaker,,,,1,3,0,0,62045,0,0,0,1,0,0,0,0,0,0
111677,Arkantus,,,,1,3,0,0,68973,0,0,0,1,0,0,0,0,0,0
111678,Hatebringer Glaudion,,,,1,3,0,0,35426,0,0,0,1,0,0,0,0,0,0
111681,Wavecaller Tidrus,,,,1,3,0,0,67803,0,0,0,1,0,0,0,0,0,0
111683,Krandarr the Insatiable,,,,1,3,0,0,68237,0,0,0,1,0,0,0,0,0,0
111686,Maragog,,,,1,3,0,0,18041,0,0,0,1,0,0,0,0,0,0
111688,Pod-King Hazzad,,,,1,3,0,0,54038,0,0,0,1,0,0,0,0,0,0
111689,Defiler Hexius,,,,1,3,0,0,62741,0,0,0,1,0,0,0,0,0,0
111692,Commander Racontear,,,,1,3,0,0,70159,0,0,0,1,0,0,0,0,0,0
111695,Ley-Guardian Traketron,,,,1,3,0,0,67012,0,0,0,1,0,0,0,0,0,0
111697,Felblood Maggot,,,,6,3,0,0,45595,0,0,0,1,0,0,0,0,0,0
111698,Immobius,,,,1,3,0,0,34771,0,0,0,1,0,0,0,0,0,0
111703,Deepdweller Kaidju,,,,1,3,0,0,67252,0,0,0,1,0,0,0,0,0,0
111707,Shadowstalker Arachnar,,,,1,3,0,0,70360,0,0,0,1,0,0,0,0,0,0
111708,Permafrost Worm,,,,1,3,0,0,26819,0,0,0,1,0,0,0,0,0,0
111710,Generic Bunny,,,,0,10,0,0,20570,11686,0,0,0,1,0,0,0,0,0
111711,Vivian's Lament,,,,1,3,0,0,10481,0,0,0,1,0,0,0,0,0,0
111713,Faralis the Fanatic,,,,1,3,0,0,40765,0,0,0,1,0,0,0,0,0,0
111715,The Concertmaster,,,,1,3,0,0,18039,0,0,0,1,0,0,0,0,0,0
111717,Dark Rider Ghrave,,,,1,3,0,0,25783,0,0,0,1,0,0,0,0,0,0
111718,Generic Bunny,,,,0,10,0,0,22712,17200,0,0,0,1,0,0,0,0,0
111728,Silver Hand Protector,,,,0,7,0,0,62790,0,0,0,1,0,0,0,25127,72983,0
111729,Conjurer of Dalaran,,,,0,4,0,0,70422,72354,70988,70992,1,1,1,1,0,0,0
111732,Focusing Crystal,,,,0,4,0,0,70901,0,0,0,1,1,1,1,0,0,0
111734,Conjurer Awlyn,,,,0,4,0,0,70992,0,0,0,1,1,1,1,0,0,0
111758,Class Champion Template,,,,0,7,0,0,70925,0,0,0,1,0,0,0,0,0,0
111759,Riftweaver Daevas,,,,1,7,0,0,63047,0,0,0,1,0,0,0,113988,0,0
111769,Menagerie Keeper,,,,0,7,0,0,73514,66560,0,0,1,1,0,0,132170,0,0
111772,Terric the Illuminator,,,,0,7,0,0,62326,0,0,0,1,1,1,1,13312,49160,0
111773,Sister Oriel,,Blessings of the Order,,0,7,0,0,65364,0,0,0,1,1,1,1,0,0,0
111774,Matilda Skoptidottir,,,,0,7,0,0,67158,0,0,0,1,1,1,1,137262,0,0
111775,Evelune Soulreaver,,Wrath of the Order,,0,7,0,0,62529,0,0,0,1,1,1,1,0,0,0
111778,Thassarian,,,,0,7,0,0,33911,0,0,0,1,1,1,1,35561,35561,0
111779,Nazgrim,,,,0,7,0,0,70436,0,0,0,1,1,1,1,38633,0,0
111783,Ancient of War,,,,0,7,0,0,28505,0,0,0,1,1,1,1,0,0,0
111789,Kayn Sunfury,,Illidari,,0,7,0,0,61698,0,0,0,1,1,1,1,128359,128371,0
111790,Altruis the Sufferer,,Illidari,,0,7,0,0,63985,0,0,0,1,1,1,1,128360,128370,0
111792,Asha Ravensong,,Illidari,,0,7,0,0,64447,0,0,0,1,1,1,1,128359,128371,0
111794,Lady Liadrin,,Blood Knight Matriarch,,0,7,0,0,61971,0,0,0,1,1,1,1,163831,163832,0
111796,Naralex,,,,0,7,0,0,68026,0,0,0,1,1,1,1,0,0,0
111797,Blood Knight,,Lady Liadrin Vanguard,,0,7,0,0,71915,71916,71917,71918,1,1,1,1,24034,27406,0
111798,Zen'tabra,,,,0,7,0,0,68419,0,0,0,1,1,1,1,0,0,0
111799,Emmarel Shadewarden,,Unseen Path,,0,7,0,0,66672,0,0,0,1,1,1,1,0,0,65972
111800,Loren Stormhoof,,Skyhorn Emissary,,0,7,0,0,69918,0,0,0,1,1,1,1,96621,0,0
111801,Kalecgos,,Kirin Tor,,0,2,0,0,43582,0,0,0,1,1,1,1,0,0,0
111802,Archmage Modera,,Kirin Tor,,0,7,0,0,63776,0,0,0,1,1,1,1,35781,0,0
111803,Chen Stormstout,,,,0,7,0,0,39698,0,0,0,1,1,1,1,97138,0,0
111804,Li Li Stormstout,,,,0,7,0,0,44514,0,0,0,1,1,1,1,89545,0,0
111806,Lord Maxwell Tyrosus,,,,0,7,0,0,66765,0,0,0,1,1,1,1,108923,0,0
111807,Lady Liadrin,,Blood Knight Matriarch,,0,7,0,0,61971,0,0,0,1,1,1,1,163831,163832,0
111808,High Priestess Ishanah,,,,0,7,0,0,17882,0,0,0,1,1,1,1,28738,0,0
111809,Calia Menethil,,,,0,7,0,0,67797,0,0,0,1,1,1,1,0,0,0
111810,Vanessa VanCleef,,The Uncrowned,,0,7,0,0,32806,0,0,0,1,1,1,1,18816,18816,0
111811,Garona Halforcen,,,,0,7,0,0,69541,0,0,0,1,1,1,1,31669,31669,0
111812,Stormcaller Mylra,,The Earthen Ring,,0,7,0,0,33020,0,0,0,1,1,1,1,58137,58137,0
111815,Ritssyn Flamescowl,,Council of the Black Harvest,,0,7,0,0,65975,0,0,0,1,1,1,1,110248,0,0
111816,Calydus,,,,0,3,0,0,64476,0,0,0,1,1,1,1,0,0,0
111817,Finna Bjornsdottir,,,,0,7,0,0,67923,0,0,0,1,1,1,1,140345,140748,0
111818,Ragnvald Drakeborn,,,,0,7,0,0,72036,0,0,0,1,1,1,1,137176,0,0
111834,Injured Adventurer,,,,0,7,0,0,65889,0,0,0,50,50,0,0,0,0,0
111835,Injured Adventurer,,,,0,7,0,0,65883,0,0,0,50,50,0,0,0,0,0
111836,Injured Adventurer,,,,0,7,0,0,65884,0,0,0,50,50,0,0,0,0,0
111837,Injured Adventurer,,,,0,7,0,0,65996,0,0,0,50,50,0,0,116606,0,0
111839,Felburned Scout,,,,0,7,0,0,69747,69748,0,0,1,1,0,0,55307,0,0
111840,Pitlord Argamemm,,,,1,3,0,0,31910,0,0,0,1,0,0,0,0,0,0
111841,Temptress Salacia,,,,1,3,0,0,159,0,0,0,1,0,0,0,0,0,0
111842,Summoner Djobi,,,,1,3,0,0,63046,0,0,0,1,0,0,0,0,0,0
111843,Raidmaster Sorthol,,,,1,3,0,0,71710,0,0,0,1,0,0,0,0,0,0
111844,Cleaver Northamel,,,,1,3,0,0,65514,0,0,0,1,0,0,0,0,0,0
111845,Illbringer Zizzifrax,,,,1,3,0,0,64282,0,0,0,1,0,0,0,0,0,0
111846,Despoiler Egrothar,,,,1,3,0,0,63997,0,0,0,1,0,0,0,0,0,0
111847,Argnotha,,,,1,3,0,0,65648,0,0,0,1,0,0,0,0,0,0
111848,Incineranth,,,,1,3,0,0,62196,0,0,0,1,0,0,0,0,0,0
111849,Spearslinger Thistlefoot,,,,1,3,0,0,70894,0,0,0,1,0,0,0,0,0,0
111850,Soulstealer Tirant,,,,1,3,0,0,65038,0,0,0,1,0,0,0,0,0,0
111851,Warden Jor'al,,,,1,3,0,0,70594,0,0,0,1,0,0,0,0,0,0
111853,Plunderer Jurval,,,,1,3,0,0,67936,0,0,0,1,0,0,0,0,0,0
111854,Borris,,,,1,6,52,0,54196,0,0,0,1,1,1,1,0,0,0
111855,Deepsiren Saffsis,,,,1,3,0,0,66891,0,0,0,1,0,0,0,0,0,0
111868,Megafurnal,,,,1,3,0,0,62180,0,0,0,1,0,0,0,0,0,0
111873,Vebinax,,,,1,3,0,0,68742,0,0,0,1,0,0,0,0,0,0
111874,High General Rakeesh,,,,1,3,0,0,70859,0,0,0,1,0,0,0,0,0,0
111884,Plucky,,,,0,9,154,0,6909,0,0,0,1,0,0,0,0,0,0
111897,Dagg,,,,0,7,0,0,71932,0,0,0,1,0,0,0,0,0,0
111905,Flinx the Fouler,,,,1,3,0,0,66831,0,0,0,1,0,0,0,0,0,0
111916,Experiment 525,,,,1,3,0,0,18081,0,0,0,1,0,0,0,0,0,0
111925,Onslaught Apostate,,,,0,7,0,0,71774,0,0,0,1,0,0,0,0,0,0
111926,Marin Noggenfogger,,Baron of Gadgetzan,,0,7,0,0,67712,0,0,0,1,0,0,0,45861,0,0
111930,Fevered Explorer,,,,0,7,0,0,69208,69658,0,0,1,1,1,1,1511,876,0
111934,Injured Adventurer,,,,0,7,0,0,69730,69728,69729,0,1,1,1,0,116606,0,0
111943,Gravely Wounded Moonfall Defender,,,,0,7,0,0,66957,66958,66959,66960,1,0,0,0,0,0,0
111949,Fevered Val'sharah Refugee,,,,0,7,0,0,68533,0,0,0,1,1,1,1,0,0,0
111950,Fevered Val'sharah Refugee,,,,0,7,0,0,68534,0,0,0,1,1,1,1,0,0,0
111951,Fevered Val'sharah Refugee,,,,0,7,0,0,68535,0,0,0,1,1,1,1,0,0,0
111952,Fevered Val'sharah Refugee,,,,0,7,0,0,68537,0,0,0,1,1,1,1,0,0,0
111953,Fevered Val'sharah Refugee,,,,0,7,0,0,68538,0,0,0,1,1,1,1,0,0,0
111954,Fevered Explorer,,,,0,7,0,0,69656,69640,69649,69672,25,25,25,25,1511,876,0
111979,Amber Kearnen,,SI:7 Lieutenant,,0,7,0,0,38876,0,0,0,1,0,0,0,0,0,0
111983,Shapechanged Inquisitor,,,,1,3,0,0,64719,0,0,0,1,0,0,0,0,0,0
111984,Hungering Claw,,,,0,12,0,0,71938,0,0,0,0,0,0,0,0,0,0
111985,The Leviathan,,,,1,3,0,0,64573,0,0,0,1,0,0,0,0,0,0
111986,Investigator Vought,,,,1,3,0,0,30013,0,0,0,1,0,0,0,0,0,0
111989,Belazius,,,,1,3,0,0,62400,0,0,0,1,0,0,0,0,0,0
111991,Commander Sorvax,,,,1,3,0,0,19914,0,0,0,1,0,0,0,0,0,0
112009,Palace Minder,,,,0,10,0,0,16480,21342,0,0,0,1,0,0,0,0,0
112014,Palace Minder,,,,0,8,0,0,71944,0,0,0,0,1,1,1,0,0,0
112015,Nightmare Whelpling,,,,0,12,0,3,71945,0,0,0,1,1,1,1,0,0,0
112023,Plaguemonger Pustulus,,,,1,3,0,0,27773,0,0,0,1,0,0,0,0,0,0
112024,Crystalbreaker Niika,,,,1,3,0,0,68282,0,0,0,1,0,0,0,0,0,0
112030,Sanctus the Unforgiving,,,,1,3,0,0,10701,0,0,0,1,0,0,0,0,0,0
112031,Felsoul Hold Escapee,,,,0,7,0,0,67767,67768,0,0,1,1,0,0,0,0,0
112032,Felsoul Hold Escapee,,,,0,7,0,0,67767,67768,0,0,1,1,0,0,0,0,0
112033,Felsoul Hold Escapee,,,,0,7,0,0,67766,67765,0,0,1,1,0,0,0,0,0
112034,Felsoul Hold Escapee,,,,0,7,0,0,67766,67765,0,0,1,1,0,0,0,0,0
112035,Felsoul Hold Escapee,,,,0,7,0,0,67766,67765,0,0,1,1,0,0,0,0,0
112036,Idra the Crazed,,,,1,3,0,0,52550,0,0,0,1,0,0,0,0,0,0
112040,Maag the Ravenous,,,,1,3,0,0,1913,0,0,0,1,0,0,0,0,0,0
112043,Felsmith Haldoor,,,,1,3,0,0,67710,0,0,0,1,0,0,0,0,0,0
112044,Laraelor the Enlightened,,,,1,3,0,0,66861,0,0,0,1,0,0,0,0,0,0
112045,Rothbarg the Night Flyer,,,,1,3,0,0,70598,0,0,0,1,0,0,0,0,0,0
112047,Felforged Sentinel,,,,1,3,0,0,22733,0,0,0,1,0,0,0,0,0,0
112048,Zarathiss the Plunderer,,,,1,3,0,0,31064,0,0,0,1,0,0,0,0,0,0
112049,Counselor Troki,,,,1,3,0,0,10419,0,0,0,1,0,0,0,0,0,0
112054,Sanctus the Unforgiving,,,,1,3,0,0,10701,0,0,0,1,0,0,0,0,0,0
112060,Matthew Veiss,,,,1,6,0,0,71950,0,0,0,1,0,0,0,117049,0,0
112070,Shieldbreaker Murdonn,,,,1,3,0,0,70597,0,0,0,1,0,0,0,0,0,0
112071,Fangs,,,,1,3,0,0,65203,0,0,0,1,0,0,0,0,0,0
112076,Vineyard Warden,,,,0,7,0,0,66595,66278,0,0,1,1,0,0,133177,0,0
112079,Crimson Pilgrim,,,,0,7,0,0,65450,65451,65452,65453,1,1,1,1,44091,0,0
112106,Magistrix Pince,,,,1,3,0,0,63661,0,0,0,1,0,0,0,0,0,0
112107,Banehoof,,,,1,3,0,0,62741,0,0,0,1,0,0,0,0,0,0
112108,Felbough,,,,1,3,0,0,65106,0,0,0,1,0,0,0,0,0,0
112110,Slavemaster Anthiss,,,,1,3,0,0,29219,0,0,0,1,0,0,0,0,0,0
112112,Mak'rana Pinchlord,,,,1,3,0,0,2598,0,0,0,1,0,0,0,0,0,0
112113,Mana Behemoth,,,,1,3,0,0,64066,0,0,0,1,0,0,0,0,0,0
112115,Analys Featherfall,,,,1,3,0,0,69529,0,0,0,1,0,0,0,0,0,0
112116,Manascale Patriarch,,,,1,3,0,0,65052,0,0,0,1,0,0,0,0,0,0
112117,Master Mathias Shaw,,Leader of SI:7,,0,7,0,0,83274,0,0,0,0,0,0,0,47104,47104,0
112118,Tainted Bloodpetal,,,,1,4,0,0,69316,0,0,0,1,0,0,0,0,0,0
112122,Corrupted Ancient,,,,1,3,0,0,64777,0,0,0,1,0,0,0,0,0,0
112125,Sister Lilythwen,,,,1,3,0,0,69207,0,0,0,1,0,0,0,0,0,0
112126,Shadowstalker Ezrekius,,,,1,3,0,0,64281,0,0,0,1,0,0,0,0,0,0
112130,Archmage Khadgar,,,,1,7,0,0,65834,0,0,0,1,1,1,1,0,0,0
112131,Kalu'el,,,,1,3,0,0,67055,0,0,0,1,0,0,0,0,0,0
112132,Firebat Pup,,,,0,12,0,3,68860,0,0,0,1,0,0,0,0,0,0
112138,Captain Ghrail,,,,1,3,0,0,67339,0,0,0,1,0,0,0,0,0,0
112139,"Rah, Lord of the Manasabers",,,,1,3,0,0,61927,0,0,0,1,0,0,0,0,0,0
112140,Thudchop Trunksmasher,,,,1,5,0,0,72652,0,0,0,1,0,0,0,62907,0,0
112141,Dark Vindicator Stavros,,,,1,3,0,0,62542,0,0,0,1,0,0,0,0,0,0
112143,Bloodpetal Lasher,,,,1,4,0,0,43560,0,0,0,1,0,0,0,0,0,0
112144,Corgnelius,,,,0,12,0,0,68845,0,0,0,1,0,0,0,0,0,0
112148,Portal-Keeper Lazoros,,,,1,3,0,0,63813,0,0,0,1,0,0,0,0,0,0
112150,Totally Generic Bunny (JSB),,,,0,10,0,0,16480,21342,0,0,0,1,0,0,0,0,0
112152,Teleportal Lens Transform,,,,0,10,0,0,71977,0,0,0,0,0,0,0,0,0,0
112155,Gloomper,,,,1,3,0,0,69215,0,0,0,1,0,0,0,0,0,0
112156,Ley-Addict Xaltun,,,,1,3,0,0,68237,0,0,0,1,0,0,0,0,0,0
112157,"Doomra, the Ever-Living",,,,1,3,0,0,61268,0,0,0,1,0,0,0,0,0,0
112158,"Papris, Second-In-Command",,,,1,3,0,0,66577,0,0,0,1,0,0,0,0,0,0
112161,Hatecoil Behemoth,,,,1,3,0,0,67397,0,0,0,1,0,0,0,0,0,0
112164,Archmage Modera,,Kirin Tor,,1,7,0,0,63776,0,0,0,1,1,1,1,35781,0,0
112165,Archmage Vargoth,,Kirin Tor,,0,7,0,0,62303,0,0,0,1,1,1,1,28456,0,0
112167,Lagan,,,,0,14,0,0,71980,0,0,0,1,1,1,1,0,0,0
112170,Krakatau,,,,1,3,0,0,57493,0,0,0,1,0,0,0,0,0,0
112171,Kharnis the Malevolent,,,,1,3,0,0,63981,0,0,0,1,0,0,0,0,0,0
112174,Mayhem,,,,1,3,0,0,35755,0,0,0,1,0,0,0,0,0,0
112179,Karbaros,,,,1,3,0,0,15879,0,0,0,1,0,0,0,0,0,0
112190,Curious Sabercub,,,,0,8,0,0,71986,0,0,0,1,1,1,1,0,0,0
112191,Hatchling Familiar,,,,0,8,0,0,71987,0,0,0,1,1,1,1,0,0,0
112192,Spell Bunny,,,,0,10,0,0,1126,11686,0,0,0,1,0,0,0,0,0
112194,Illidan Stormrage,,The Betrayer,,1,7,0,0,71990,0,0,0,1,0,0,0,0,0,0
112242,Trident-Thrower Tedriss,,,,1,3,0,0,4763,0,0,0,1,0,0,0,0,0,0
112243,Mitishka,,,,1,3,0,0,23455,0,0,0,1,0,0,0,0,0,0
112244,Rockjaw,,,,1,3,0,0,64608,0,0,0,1,0,0,0,0,0,0
112246,Shrieking Widow,,,,1,3,0,0,10723,0,0,0,1,0,0,0,0,0,0
112249,Duraxus,,,,1,3,0,0,63806,0,0,0,1,0,0,0,0,0,0
112250,Congealed Mana Monster,,,,1,3,0,0,55233,0,0,0,1,0,0,0,0,0,0
112253,Aspiring Necromancer Aeviss,,,,1,3,0,0,62934,0,0,0,1,0,0,0,0,0,0
112254,Devon the Snubbed,,,,1,3,0,0,69911,0,0,0,1,0,0,0,0,0,0
112256,Goons,,,,1,3,0,0,24818,0,0,0,1,0,0,0,0,0,0
112258,The Rat Prince,,,,1,3,0,0,1141,0,0,0,1,0,0,0,0,0,0
112261,Dreadsoul Corruptor,,,,1,7,0,0,64539,64540,0,0,1,1,0,0,52529,0,0
112264,Illidan Stormrage,,The Betrayer,,1,7,0,0,72011,0,0,0,1,0,0,0,0,0,0
112265,"Windsor, Battle-Corgi",,,,1,3,0,0,68729,0,0,0,1,0,0,0,0,0,0
112283,Grubbyhands,,,,1,3,0,0,31982,0,0,0,1,0,0,0,0,0,0
112286,Sir Shalizar,,,,1,3,0,0,69530,0,0,0,1,0,0,0,0,0,0
112292,Tabulator Lowronk,,,,1,3,0,0,65514,0,0,0,1,0,0,0,0,0,0
112294,Feltotem Siegebreaker,,,,1,3,0,0,65175,0,0,0,1,0,0,0,0,0,0
112300,Juvenile Giant Rockwurm,,,,1,1,0,0,24862,0,0,0,1,0,0,0,0,0,0
112301,Finna Bjornsdottir,,,,0,7,0,0,67923,0,0,0,1,1,1,1,140345,140748,0
112302,Runemaster Skomjorn,,,,1,7,0,0,63418,0,0,0,1,0,0,0,0,0,0
112304,Wavemistress S'revess,,,,1,7,0,0,67800,0,0,0,1,0,0,0,0,0,0
112305,Pitmaster Rudi,,,,1,7,0,0,67255,0,0,0,1,0,0,0,0,0,0
112308,Warbringer Xorth,,,,1,7,0,0,63968,0,0,0,1,0,0,0,0,0,0
112314,Doomlord Vrazzik,,,,1,7,0,0,63270,0,0,0,1,0,0,0,0,0,0
112316,Portal-Guardian Krentos,,,,1,7,0,0,65099,0,0,0,1,0,0,0,0,0,0
112326,Akama,,,,1,7,0,0,21112,0,0,0,0,0,0,0,30699,30699,0
112329,Velgrim,,Uber Town,,0,7,0,0,72037,0,0,0,1,1,1,1,19019,32375,0
112333,Jesibelle,,Uber Town,,0,7,0,0,72039,0,0,0,1,0,0,0,32344,0,0
112335,Scarab Lord Ahzesh,,Uber Town,,0,7,0,0,72040,0,0,0,1,0,0,0,32374,0,0
112337,Nisstyr,,Uber Town,,0,7,0,0,72043,0,0,0,1,0,0,0,32237,32361,0
112352,Falling Star Target,,,,1,10,0,0,1126,11686,0,0,0,1,0,0,0,0,0
112354,Nulil,,Uber Town,,0,7,0,0,72044,0,0,0,1,0,0,0,30918,28825,0
112358,Scarab Lord Hamlet,,Uber Town,,0,7,0,0,72046,0,0,0,1,0,0,0,32344,0,0
112360,Guard,,Uber Town,,0,7,0,0,72064,0,0,0,1,0,0,0,0,0,0
112363,Spoogledorf,,Uber Town,,0,7,0,0,72565,0,0,0,1,0,0,0,0,0,0
112364,Kesak,,Uber Town,,0,7,0,0,72049,0,0,0,1,0,0,0,0,0,0
112365,Butchie,,Uber Town,,0,7,0,0,72050,0,0,0,1,0,0,0,32237,32255,0
112368,Anenga,,Uber Town,,0,7,0,0,864,0,0,0,1,0,0,0,0,0,0
112369,Wodyn,,Uber Town,,0,7,0,0,72051,0,0,0,1,0,0,0,32471,32471,0
112370,Ruins Recluse,,,,0,1,3,0,26775,34194,0,0,1,1,0,0,0,0,0
112372,Wheatizzle,,Uber Town,,0,7,0,0,72052,0,0,0,1,0,0,0,32500,32255,0
112373,Jarud,,Uber Town,,0,7,0,0,72053,0,0,0,1,0,0,0,34673,0,0
112386,Twirhp,,Uber Town,,0,7,0,0,72054,0,0,0,1,0,0,0,17103,22253,0
112393,Astrylian,,Uber Town,,0,7,0,0,29412,0,0,0,1,0,0,0,0,0,0
112401,Meridelle Lightspark,,Logistics,,0,7,0,0,72056,0,0,0,1,1,1,1,0,0,0
112402,Oku,,Uber Town,,0,7,0,0,72057,0,0,0,1,0,0,0,32471,32471,0
112405,Vhell,,Uber Town,,0,7,0,0,72058,0,0,0,1,0,0,0,32471,32471,0
112406,Merciless Gladiator Saifu,,Uber Town,,0,7,0,0,72059,0,0,0,1,0,0,0,0,0,0
112407,Falara Nightsong,,Illidari Provisioner,,0,7,0,0,61734,0,0,0,1,1,1,1,5597,5597,0
112409,Muffinmon,,Uber Town,,0,7,0,0,72060,0,0,0,1,0,0,0,17103,22253,0
112410,Dreadpaw,,Uber Town,,0,7,0,0,29410,0,0,0,1,0,0,0,0,0,0
112414,Darragh,,Uber Town,,0,7,0,0,73217,0,0,0,1,0,0,0,32344,0,0
112415,Vulajin,,Uber Town,,0,7,0,0,72062,0,0,0,1,0,0,0,33734,32838,0
112419,Kuglaroth,,,,0,3,0,0,20907,0,0,0,1,1,1,1,0,0,0
112423,Murkmouth Garbagemancer,,,,0,7,0,0,72065,0,0,0,1,0,0,0,83071,0,0
112424,Murkmouth Poop-Handler,,,,0,7,0,0,34770,0,0,0,1,0,0,0,83071,0,0
112431,Airhorn,,Uber Town,,0,7,0,0,72069,0,0,0,1,0,0,0,28442,0,0
112436,Falling Star Trigger,,,,1,10,0,0,1126,11686,0,0,0,1,0,0,0,0,0
112445,<Away> Johnny Awesome,,Uber Town,,0,7,0,0,35624,0,0,0,0,0,0,0,0,0,18680
112457,Ravikus the Vile,,,,1,3,0,0,17100,0,0,0,1,0,0,0,0,0,0
112463,Stablemaster Vorithal,,,,1,3,0,0,70750,0,0,0,1,0,0,0,0,0,0
112465,Stablemaster Orian,,,,1,3,0,0,70750,0,0,0,1,0,0,0,0,0,0
112466,Agent Smith,,SI:7,,0,7,0,0,72080,0,0,0,1,0,0,0,0,0,0
112467,Agent Jones,,SI:7,,0,7,0,0,72081,0,0,0,1,0,0,0,0,0,0
112471,Lord Nimrod,,,,1,3,0,0,70027,0,0,0,1,0,0,0,0,0,0
112473,Lady Dyana,,,,1,3,0,0,69995,0,0,0,1,0,0,0,0,0,0
112475,Houndmaster Britomar,,,,1,3,0,0,66562,0,0,0,1,0,0,0,0,0,0
112497,Maia the White,,,,4,1,1,0,68526,0,0,0,1,1,1,1,0,0,0
112506,Highlord Darion Mograine,,,,1,7,0,0,30869,0,0,0,0,1,1,1,50252,0,0
112552,Fel Infernal,,,,1,3,0,0,62374,62196,0,0,0,1,0,0,0,0,0
112557,Succubus,,,,0,3,17,0,4162,0,0,0,1,1,1,1,0,0,0
112558,Voidwalker,,,,0,3,16,0,1132,0,0,0,1,1,1,1,0,0,0
112561,Felhunter,,,,0,3,15,0,850,0,0,0,1,1,1,1,0,0,0
112562,Bilibelle,,,,0,7,0,0,70345,0,0,0,1,1,1,1,0,0,0
112563,Water Elemental,,,,0,4,49,0,64601,0,0,0,1,0,0,0,0,0,0
112566,Tempest Totem,,,,0,11,0,0,4590,0,0,0,1,1,1,1,0,0,0
112567,Healing Stream Totem,,,,0,11,0,0,19075,0,0,0,1,1,1,1,0,0,0
112568,Spirit Wolf,,,,0,1,0,0,55290,0,0,0,1,1,1,1,0,0,0
112569,Fire Totem,,,,0,11,0,0,4589,0,0,0,0,0,0,0,0,0,0
112570,Fel Visage,,,,0,3,0,2,38795,0,0,0,1,0,0,0,0,0,0
112571,Shadowfiend,,,,0,15,0,0,73599,0,0,0,1,0,0,0,0,0,0
112575,Elana,,,,0,7,0,0,65346,0,0,0,1,0,0,0,0,0,0
112576,Dark Cleric Cecille,,Priest Trainer,,0,7,0,0,34412,0,0,0,1,0,0,0,13709,0,0
112582,Injured Guardian of the Dream,,,,0,7,0,0,69501,69494,69496,69498,1,1,1,1,12322,0,0
112583,Fallen Guardian of the Dream,,,,0,7,0,0,69502,69501,69497,69498,1,1,1,1,12322,0,0
112628,Lady S'theno,,Coilskar Captain,,1,7,0,0,60790,0,0,0,1,0,0,0,120477,0,0
112695,Hooded Priest,,,,0,7,0,0,67600,67601,0,0,1,1,0,0,129394,0,0
112700,Silver Hand Templar,,,,0,7,0,0,72189,72190,0,0,1,1,1,1,28802,67149,0
112702,Silver Hand Templar,,,,0,7,0,0,72191,72192,72187,72188,1,1,1,1,28802,67149,0
112703,Silver Hand Templar,,,,0,7,0,0,72187,72188,71014,71015,1,1,1,1,28802,67149,0
112704,Shieldbearer Phalanx,,,,0,7,0,0,72202,72203,72678,72679,1,1,1,1,15217,116647,0
112711,Shieldbearer Phalanx,,,,0,7,0,0,72204,72197,72196,72205,1,1,1,1,15217,116647,0
112713,Silver Hand Knights,,,,0,7,0,0,72210,72212,72215,72216,1,1,1,1,34670,30882,0
112714,Silver Hand Knights,,,,0,7,0,0,72213,72214,0,0,1,1,1,1,34670,30882,0
112715,Silver Hand Knights,,,,0,7,0,0,72213,72214,72213,72214,1,1,1,1,34670,30882,0
112719,Squad of Squires,,,,0,7,0,0,72221,72222,0,0,1,1,1,1,923,0,0
112721,Squad of Squires,,,,0,7,0,0,72219,72220,0,0,1,1,1,1,923,0,0
112722,Squad of Squires,,,,0,7,0,0,72670,72671,0,0,1,1,1,1,923,0,0
112724,Stuffed Elekk Souvenir,,,,0,12,0,0,58170,0,0,0,1,1,1,1,0,0,0
112726,Stuffed Raptor Souvenir,,,,0,12,0,0,72238,0,0,0,1,1,1,1,0,0,0
112727,Hatecoil Myrmidon,,,,0,7,0,0,31291,0,0,0,1,0,0,0,54538,0,0
112728,Court Scribe,,,,0,12,0,3,72239,0,0,0,0,1,1,1,0,0,0
112729,Legion Prisoner,,,,0,7,0,0,64321,72224,67401,0,1,1,1,0,0,0,0
112730,Orgrimmar Grunt,,,,0,7,0,0,4260,0,0,0,1,0,0,0,5289,0,0
112749,Ebon Knights,,,,0,7,0,0,72256,63577,72259,72258,1,1,1,1,117049,0,0
112750,Ebon Knights,,,,0,7,0,0,72265,72260,72264,72261,1,1,1,1,117049,0,0
112751,Ebon Knights,,,,0,7,0,0,72262,63578,72263,72257,1,1,1,1,117049,0,0
112752,Ebon Ravagers,,,,0,7,0,0,72266,72267,72268,72269,1,1,1,1,51905,0,0
112753,Ebon Ravagers,,,,0,7,0,0,72270,72274,72272,72276,1,1,1,1,51905,0,0
112754,Ebon Ravagers,,,,0,7,0,0,72275,72271,72273,72277,1,1,1,1,51905,0,0
112755,Druids of the Claw,,,,0,7,0,0,72278,65559,72279,65558,1,1,1,1,65463,0,0
112765,Thorim,,,,0,7,0,0,71648,0,0,0,1,0,0,0,45900,0,0
112766,Dvalen Ironrune,,,,0,7,0,0,25754,0,0,0,1,0,0,0,35727,35727,0
112780,Squad of Archers,,,,0,7,0,0,72288,72288,72287,72289,1,1,1,1,0,0,4087
112781,Squad of Archers,,,,0,7,0,0,72296,72295,0,0,1,1,1,1,0,0,4087
112782,Squad of Archers,,,,0,7,0,0,72293,72292,0,0,1,1,1,1,0,0,4087
112785,Unseen Marksmen,,,,0,7,0,0,72300,72302,72301,72303,1,1,1,1,0,0,16004
112786,Unseen Marksmen,,,,0,7,0,0,72304,72305,0,0,1,1,1,1,0,0,16004
112787,Unseen Marksmen,,,,0,7,0,0,72308,72310,72309,72311,1,1,1,1,0,0,16004
112790,Band of Trackers,,,,0,7,0,0,72321,72314,72321,72314,1,1,1,1,0,0,64620
112791,Band of Trackers,,,,0,7,0,0,72318,71245,71244,72312,1,1,1,1,0,0,64620
112792,Band of Trackers,,,,0,7,0,0,72320,72322,72323,72321,1,1,1,1,0,0,64620
112793,Pathfinders,,,,0,7,0,0,72326,72327,72328,72329,1,1,1,1,5286,1905,0
112794,Pathfinders,,,,0,7,0,0,72330,72331,72324,72333,1,1,1,1,5286,1905,0
112795,Pathfinders,,,,0,7,0,0,72334,71249,72335,72336,1,1,1,1,5286,1905,0
112797,Dvalen Ironrune,,,,0,7,0,0,25754,0,0,0,1,1,1,1,35727,35727,0
112798,Nightmare Lasher,,,,0,12,0,0,72085,0,0,0,1,1,1,1,0,0,0
112800,Tirisgarde Apprentices,,,,0,7,0,0,72337,72338,72339,72340,1,1,1,1,20978,0,0
112802,Mar'tura,,,,4,1,21,0,44781,0,0,0,1,1,1,1,0,0,0
112831,Flame of Azzinoth,,,,1,3,0,0,20431,0,0,0,0,0,0,0,0,0,0
112832,Siren Sathraviss,,,,1,3,0,0,71847,0,0,0,1,0,0,0,0,0,0
112833,Grizzlepaw,,,,1,3,0,0,822,0,0,0,1,0,0,0,0,0,0
112836,Waygoo,,,,1,3,0,0,46044,0,0,0,1,0,0,0,0,0,0
112838,Lady Sommel,,,,1,3,0,0,70515,0,0,0,1,0,0,0,0,0,0
112839,Snaptail,,,,1,3,160,0,67552,0,0,0,1,0,0,0,0,0,0
112840,Frenzybound Alpha,,,,1,3,0,0,45092,0,0,0,1,0,0,0,0,0,0
112841,Droolspine,,,,1,6,52,0,64471,0,0,0,1,1,1,1,0,0,0
112842,Deathscale,,,,1,3,0,0,55722,0,0,0,1,0,0,0,0,0,0
112843,Boulderscale,,,,1,3,0,0,65052,0,0,0,1,0,0,0,0,0,0
112844,Odaug,,,,1,3,0,0,66174,0,0,0,1,0,0,0,0,0,0
112845,"""Fish Eye"" Mrlgrlrl",,,,1,3,0,0,1762,0,0,0,1,0,0,0,0,0,0
112846,Snufflethief,,,,1,3,0,0,64480,0,0,0,1,0,0,0,0,0,0
112848,Doombloom,,,,1,3,0,0,69316,0,0,0,1,0,0,0,0,0,0
112849,Chomper,,,,1,3,0,0,7352,0,0,0,1,0,0,0,0,0,0
112850,Ickathiss,,,,1,3,0,0,68739,0,0,0,1,0,0,0,0,0,0
112851,Zaxifran the Defiler,,,,1,3,0,0,64282,0,0,0,1,0,0,0,0,0,0
112852,Magistrix Astroleth,,,,1,3,0,0,71740,0,0,0,1,0,0,0,0,0,0
112853,Matron Leasan,,,,1,3,0,0,64302,0,0,0,1,0,0,0,0,0,0
112854,Tirisgarde Apprentices,,,,0,7,0,0,72345,72346,72347,0,1,1,1,1,20978,0,0
112855,Tirisgarde Apprentices,,,,0,7,0,0,72349,72350,0,0,1,1,1,1,20978,0,0
112857,Kirin Tor Invokers,,,,0,7,0,0,70988,72360,0,0,1,1,1,1,27842,0,0
112860,Kirin Tor Invokers,,,,0,7,0,0,73040,72354,72355,72356,1,1,1,1,27842,0,0
112861,Marsh Hydra,,,,0,1,68,0,55461,0,0,0,1,0,0,0,0,0,0
112863,Kirin Tor Invokers,,,,0,7,0,0,72361,72362,72363,72364,1,1,1,1,27842,0,0
112867,Maiev Shadowsong,,,,1,7,0,0,21349,0,0,0,1,0,0,0,0,0,32740
112869,Group of Acolytes,,,,0,7,0,0,72374,72375,72378,72379,1,1,1,1,55939,0,0
112872,Group of Acolytes,,,,0,7,0,0,72714,72715,72387,72388,1,1,1,1,55939,0,0
112873,Group of Acolytes,,,,0,7,0,0,72380,72381,72382,72383,1,1,1,1,55939,0,0
112875,Lava Fountain Totem,,,,0,11,0,0,72389,0,0,0,0,0,0,0,0,0,0
112877,Thunder Bluff Brave,,,,0,7,0,0,73065,73066,73067,73068,1,1,1,1,12754,0,0
112883,Netherlight Paragons,,,,0,7,0,0,72395,72397,72398,72399,1,1,1,1,37169,62235,0
112884,Netherlight Paragons,,,,0,7,0,0,72404,72405,72402,72403,1,1,1,1,37169,62235,0
112885,Netherlight Paragons,,,,0,7,0,0,72404,72405,72406,72407,1,1,1,1,37169,62235,0
112886,Band of Zealots,,,,0,7,0,0,72716,72717,72410,72411,1,1,1,1,2236,19142,0
112888,Band of Zealots,,,,0,7,0,0,72416,72417,72418,72419,1,1,1,1,2236,19142,0
112889,Band of Zealots,,,,0,7,0,0,72420,72421,72422,72423,1,1,1,1,2236,19142,0
112893,Varudis,,,,1,3,0,0,64523,0,0,0,1,0,0,0,0,0,0
112896,Worldshatter Infernal,,,,1,3,0,0,63864,0,0,0,1,0,0,0,0,0,0
112897,Dark Zealots,,,,0,7,0,0,72443,72444,72445,72446,1,1,1,1,28633,0,0
112899,Dark Zealots,,,,0,7,0,0,72441,72442,0,0,1,1,1,1,28633,0,0
112901,Dark Zealots,,,,0,7,0,0,72435,72436,72437,72438,1,1,1,1,28633,0,0
112920,Dark Ranger,,,,0,7,0,0,73043,73044,73045,73046,1,0,0,0,0,0,97227
112922,Cannon-in-a-Box,,,,0,9,0,0,27101,0,0,0,1,1,1,1,0,0,0
112930,Dantalionax,,Betrayer of Hope,,1,3,0,0,64523,0,0,0,1,0,0,0,0,0,0
112936,Lord Hel'nurath,,,,1,3,0,0,62555,0,0,0,1,0,0,0,0,0,0
112937,Imp Mother Fecunda,,,,1,3,0,0,66039,0,0,0,1,0,0,0,0,0,0
112939,Arkethrax,,,,1,3,0,0,71715,0,0,0,1,1,1,1,85737,0,0
112941,Soulscreech Imp,,,,1,3,0,0,18651,0,0,0,1,0,0,0,0,0,0
112942,Gang of Bandits,,,,0,7,0,0,72452,72453,72463,72464,1,1,1,1,25538,25538,0
112943,Gang of Bandits,,,,0,7,0,0,72456,72457,72458,72459,1,1,1,1,25538,25538,0
112944,Gang of Bandits,,,,0,7,0,0,72460,72462,72454,72455,1,1,1,1,25538,25538,0
112945,Nightmare Treant,,,,0,12,0,0,72461,0,0,0,1,1,1,1,0,0,0
112949,Felaxe Dominator,,,,1,3,0,0,63101,0,0,0,1,0,0,0,138754,0,0
112950,Skyterror,,,,1,3,0,3,69438,0,0,0,1,0,0,0,0,0,0
112951,Soulstalker,,,,1,3,0,0,63750,0,0,0,1,0,0,0,0,0,0
112952,Light's Heart,,,,0,10,0,2,72975,0,0,0,1,0,0,0,0,0,0
112953,Light's Heart,,,,0,10,0,0,72466,0,0,0,1,0,0,0,0,0,0
112958,Soulare of Andorhal,,,,0,7,0,0,57211,0,0,0,1,1,1,1,2520,49933,0
112959,Fleet Admiral Tethys,,,,1,7,0,0,67215,0,0,0,1,1,1,1,2179,1897,25277
112960,Abomination,,,,0,6,0,0,31006,0,0,0,1,1,1,1,0,0,0
112961,Abomination,,,,0,6,0,0,31005,0,0,0,1,1,1,1,0,0,0
112962,Defias Thieves,,,,0,7,0,0,72470,72471,72472,72473,1,1,1,1,2057,1927,0
112963,Defias Thieves,,,,0,7,0,0,72474,72475,72480,72481,1,1,1,1,2057,1927,0
112964,Defias Thieves,,,,0,7,0,0,72478,72479,72468,72469,1,1,1,1,2057,1927,0
112965,Crew of Pirates,,,,0,7,0,0,72661,72662,72482,71482,1,1,1,1,3364,57848,0
112966,Crew of Pirates,,,,0,7,0,0,72486,72487,72488,72489,1,1,1,1,3364,57848,0
112968,Crew of Pirates,,,,0,7,0,0,72490,72491,72492,72493,1,1,1,1,3364,57848,0
112969,Uncrowned Duelists,,,,0,7,0,0,72496,71463,72497,72498,1,1,1,1,61620,7944,0
112970,Uncrowned Duelists,,,,0,7,0,0,72502,72503,72500,72501,1,1,1,1,61620,7944,0
112971,Uncrowned Duelists,,,,0,7,0,0,71468,72499,72505,72501,1,1,1,1,61620,7944,0
112972,Giant Thicketstomper,,,,1,5,0,0,71134,0,0,0,1,0,0,0,62907,0,0
112975,Circle of Earthcallers,,,,0,7,0,0,71132,72510,72514,72515,1,1,1,1,13024,13024,0
112979,Circle of Earthcallers,,,,0,7,0,0,71130,72507,0,0,1,1,1,1,13024,13024,0
112981,Circle of Earthcallers,,,,0,7,0,0,72512,72513,72508,71133,1,1,1,1,13024,13024,0
112982,Researcher Tulius,,Seal of Broken Fate Shipment,,0,4,0,0,68165,0,0,0,1,1,1,1,0,0,0
112983,Earthen Ring Geomancers,,,,0,7,0,0,71218,72518,0,0,1,1,1,1,40244,84911,0
112984,Earthen Ring Geomancers,,,,0,7,0,0,72520,72521,0,0,1,1,1,1,40244,84911,0
112985,Earthen Ring Geomancers,,,,0,7,0,0,72530,72531,72522,72523,1,1,1,1,40244,84911,0
112986,Librarian Lightmorne,,Seal of Broken Fate Shipment,,0,7,0,0,72774,0,0,0,1,0,0,0,0,0,0
112989,Black Harvest Acolytes,,,,0,7,0,0,72538,72539,0,0,1,1,1,1,25233,0,0
112992,Seer Aleis,,Seal of Broken Fate Shipment,,0,7,0,0,64414,0,0,0,1,0,0,0,29685,0,0
112993,Black Harvest Acolytes,,,,0,7,0,0,72537,72537,72542,72543,1,1,1,1,25233,0,0
112995,Black Harvest Acolytes,,,,0,7,0,0,72545,72546,72547,72548,1,1,1,1,25233,0,0
112997,Black Harvest Invokers,,,,0,7,0,0,72564,72564,72555,72556,1,1,1,1,19356,0,0
112998,Black Harvest Invokers,,,,0,7,0,0,72553,72554,72559,72560,1,1,1,1,19356,0,0
112999,Black Harvest Invokers,,,,0,7,0,0,72561,72562,72563,72564,1,1,1,1,19356,0,0
113003,Ox Initiates,,,,0,7,0,0,72569,72570,72571,72579,1,1,1,1,85574,0,0
113004,Ox Initiates,,,,0,7,0,0,68999,72576,68997,0,1,1,1,1,85574,0,0
113005,Ox Initiates,,,,0,7,0,0,69168,72577,72578,72579,1,1,1,1,85574,0,0
113008,Ox Adepts,,,,0,7,0,0,69019,72582,0,0,1,1,1,1,83761,83761,0
113009,Ox Adepts,,,,0,7,0,0,72581,72582,69021,69022,1,1,1,1,83761,83761,0
113014,Ox Adepts,,,,0,7,0,0,72585,72586,72587,72588,1,1,1,1,83761,83761,0
113015,Ox Masters,,,,0,7,0,0,72589,69177,72591,69179,1,1,1,1,90012,0,0
113016,Ox Masters,,,,0,7,0,0,72592,72593,0,0,1,1,1,1,90012,0,0
113017,Ox Masters,,,,0,7,0,0,72594,72595,72596,72597,1,1,1,1,90012,0,0
113019,Tiger Initates,,,,0,7,0,0,72604,72605,72598,69163,1,1,1,1,52492,52492,0
113020,Tiger Initates,,,,0,7,0,0,69165,72599,72600,72601,1,1,1,1,52492,52492,0
113021,Tiger Initates,,,,0,7,0,0,72602,72603,72604,72605,1,1,1,1,52492,52492,0
113024,Tiger Adepts,,,,0,7,0,0,69026,72606,65746,72606,1,1,1,1,89576,0,0
113027,Tiger Adepts,,,,0,7,0,0,69018,69018,72611,72612,1,1,1,1,89576,0,0
113029,Tiger Adepts,,,,0,7,0,0,72609,72610,72611,72612,1,1,1,1,89576,0,0
113030,Tiger Masters,,,,0,7,0,0,72614,69183,72615,69184,1,1,1,1,82595,82595,0
113031,Tiger Masters,,,,0,7,0,0,69185,69185,72616,72617,1,1,1,1,82595,82595,0
113032,Tiger Masters,,,,0,7,0,0,72620,72621,72618,72619,1,1,1,1,82595,82595,0
113040,Frenzied Pterrordax,,,,1,1,290,3,41485,0,0,0,1,1,1,1,0,0,0
113041,Infected Diemetradon,,,,1,1,288,0,72624,0,0,0,1,1,1,1,0,0,0
113042,Illidan Stormrage,,Captain of the Moon Guard,,1,7,0,0,72623,0,0,0,1,1,1,1,134845,0,0
113044,Moon Guard Acolyte,,,,0,7,0,0,72625,72667,72668,72669,1,1,1,1,0,0,0
113046,Kur'talos Ravencrest,,Lord of Black Rook Hold,,1,7,0,0,72630,0,0,0,1,0,0,0,141019,0,0
113047,Rooksguard Soldier,,,,0,7,0,0,72631,72632,72633,72634,1,1,1,1,0,0,0
113053,Mother Sepestra,,,,1,3,0,3,72943,0,0,0,1,0,0,0,0,0,0
113063,Illidan Stormrage,,,,0,3,0,0,71990,0,0,0,1,0,0,0,0,0,0
113064,Fleet Admiral Tethys,,,,1,7,0,0,67215,0,0,0,1,1,1,1,2179,1897,25277
113071,SI:7 Orders,,,,0,7,0,0,83274,0,0,0,0,0,0,0,47104,47104,0
113073,Verstok Darkbough,,,,0,7,0,0,70134,0,0,0,1,0,0,0,0,0,0
113101,Illidan Stormrage,,,,0,3,0,0,71990,0,0,0,1,0,0,0,0,0,0
113108,Nightmare Rabbit,,,,0,8,0,0,328,4626,0,0,1,1,1,1,0,0,0
113128,Withered Skulker,,,,1,7,0,0,70161,71176,0,0,1,1,0,0,0,0,0
113134,Illidan Stormrage,,,,0,3,0,0,71990,0,0,0,1,0,0,0,0,0,0
113135,Illidan Stormrage,,The Betrayer,,1,7,0,0,72721,0,0,0,1,0,0,0,0,0,0
113136,Benax,,,,0,12,0,0,72658,0,0,0,1,0,0,0,0,0,0
113137,Tidepool Eel,,,,6,1,0,0,41300,0,0,0,1,0,0,0,0,0,0
113139,Pirate,,,,0,7,0,0,71472,71480,72484,72485,1,1,1,1,3364,57848,0
113146,Bandit,,,,0,7,0,0,71426,71427,72451,71434,1,1,1,1,25538,25538,0
113152,Defias Thief,,,,0,7,0,0,71445,71448,72476,72477,1,1,1,1,2057,1927,0
113153,Duelist,,,,0,7,0,0,71461,71463,71466,71468,1,1,1,1,3364,5284,0
113155,Roaster Rat,,,,0,12,0,0,2176,0,0,0,1,0,0,0,0,0,0
113156,Shieldbearer Phalanx,,,,0,7,0,0,72674,72675,72676,72677,1,1,1,1,15217,116647,0
113159,Kirin Tor Invokers,,,,0,7,0,0,72357,72358,0,0,1,1,1,1,27842,0,0
113162,Fal'dorei Hunter,,,,0,7,0,0,68736,0,0,0,1,0,0,0,0,0,0
113169,Illidari Adepts,,,,0,7,0,0,72688,72689,72690,72691,1,1,1,1,128361,128369,0
113170,Illidari Adepts,,,,0,7,0,0,61909,61910,60087,61906,1,1,1,1,128361,128369,0
113174,Jerkin Joe,,,,0,12,0,0,15394,0,0,0,1,1,1,1,0,0,0
113175,Valkyra Shieldmaidens,,,,0,7,0,0,68954,68955,71251,72694,1,1,1,1,140345,89116,0
113176,Valkyra Shieldmaidens,,,,0,7,0,0,69637,0,0,0,1,1,1,1,140345,89116,0
113177,Test Wild Pet - Conditioned - False,,,,0,14,0,0,15398,0,0,0,1,1,1,1,0,0,0
113179,Test Wild Pet - Conditioned - True,,,,0,14,0,0,15398,0,0,0,1,1,1,1,0,0,0
113181,Stormforged Valarjar,,,,0,7,0,0,67938,67938,0,0,1,1,1,1,137174,137264,0
113182,Stormforged Valarjar,,,,0,7,0,0,67361,0,67938,70110,1,1,1,1,137174,137264,0
113186,Defias Thief,,,,0,7,0,0,71445,71448,72476,72477,1,1,1,1,0,0,0
113188,Bastard,,,,0,12,0,0,1418,0,0,0,1,0,0,0,0,0,0
113203,Drake's Fury,,,,1,10,0,3,169,38795,0,0,0,1,0,0,0,0,0
113215,Acolyte,,,,0,7,0,0,72374,72369,72371,72373,1,1,1,1,0,0,0
113217,Paragon,,,,0,7,0,0,72395,72401,72392,72399,1,1,1,1,0,0,0
113218,Zealot,,,,0,7,0,0,72408,72413,72410,72415,1,1,1,1,0,0,0
113219,Horde Battleship,,,,0,9,0,0,72728,0,0,0,1,0,0,0,0,0,0
113220,Dark Zealot,,,,0,7,0,0,72435,72432,72433,72434,1,1,1,1,0,0,0
113221,Horde Battleship,,,,0,9,0,3,72729,0,0,0,1,0,0,0,0,0,0
113222,Abomination,,,,0,6,0,0,31006,0,0,0,1,1,1,1,0,0,0
113223,Ebon Knight,,,,0,7,0,0,72258,72254,72257,72261,1,1,1,1,117049,0,0
113224,Ebon Ravager,,,,0,7,0,0,25999,72268,26000,72275,1,1,1,1,51905,0,0
113225,Ghoul,,,,0,7,0,0,519,570,547,559,1,1,1,1,0,0,0
113226,Geist,,,,0,7,0,0,37302,37301,25327,25170,1,1,1,1,0,0,0
113227,Ashtongue Warrior,,,,0,4,0,0,67885,67884,67883,67885,1,1,1,1,0,0,0
113228,Illidari Adept,,,,0,4,0,0,61909,61910,61906,60087,1,1,1,1,0,0,0
113229,Naga Myrmidon,,,,0,4,0,0,71274,71274,71274,71274,1,1,1,1,0,0,0
113230,Transformed Illidari Adept,,,,0,7,0,0,71074,65674,67675,67673,1,1,1,1,128361,128369,0
113231,Treant,,,,0,4,0,0,73576,0,0,0,1,0,0,0,0,0,0
113232,Dryad,,,,0,4,0,0,73593,73594,13673,13672,1,1,1,1,0,0,0
113233,Druid of the Claw,,,,0,7,0,0,62394,65563,65553,65559,1,1,1,1,65461,0,0
113234,Keeper of the Grove,,,,0,7,0,0,73584,73585,73586,73587,1,1,1,1,0,0,0
113235,Archer,,,,0,7,0,0,72290,72284,72290,72298,1,1,1,1,0,0,4087
113236,Unseen Marksman,,,,0,7,0,0,72300,71239,72311,72305,1,1,1,1,0,0,16004
113237,Tracker,,,,0,7,0,0,71242,72315,71244,72317,1,1,1,1,0,0,64620
113238,Pathfinder,,,,0,7,0,0,72326,72331,72328,72333,1,1,1,1,0,0,0
113240,Tirisgarde Apprentice,,,,0,7,0,0,70984,72352,72337,72350,1,1,1,1,0,0,0
113241,Kirin Tor Invoker,,,,0,7,0,0,72357,72353,72356,70992,1,1,1,1,0,0,0
113242,Water Elemental,,,,0,7,0,0,64601,64601,64601,64601,1,1,1,1,0,0,0
113243,Arcane Golem,,,,0,4,0,0,23431,46209,18238,18930,1,1,1,1,0,0,0
113245,Ox Initate,,,,0,7,0,0,68997,72574,72571,72577,1,1,1,1,0,0,0
113246,Ox Adept,,,,0,7,0,0,69010,72582,69021,66082,1,1,1,1,0,0,0
113247,Ox Master,,,,0,7,0,0,68998,69000,69175,72590,1,1,1,1,90012,0,0
113248,Tiger Initate,,,,0,7,0,0,69187,72603,72604,72601,1,1,1,1,0,0,0
113249,Tiger Adept,,,,0,7,0,0,72609,72608,69008,69017,1,1,1,1,0,0,0
113250,Tiger Master,,,,0,7,0,0,68994,68996,0,0,1,1,1,1,82595,82595,0
113251,Squire,,,,0,7,0,0,72220,72673,71008,72223,1,1,1,1,0,0,0
113252,Shieldbearer,,,,0,7,0,0,71010,72205,72194,72197,1,1,1,1,132872,132874,0
113253,Silver Hand Knight,,,,0,7,0,0,72210,72214,72216,72208,1,1,1,1,132870,0,0
113254,Silver Hand Templar,,,,0,7,0,0,71014,71015,72191,72177,1,1,1,1,132869,0,0
113255,Lesser Elemental,,,,0,4,0,0,1109,1070,5561,0,1,1,1,1,0,0,0
113256,Greater Elemental,,,,0,4,0,0,37363,35681,35044,0,1,1,1,1,0,0,0
113257,Earthcaller,,,,0,7,0,0,72511,72516,71133,72513,1,1,1,1,13024,13024,0
113258,Earthen Ring Geomancer,,,,0,7,0,0,72519,72521,72529,71218,1,1,1,1,40244,84911,0
113259,Air Ascendant,,,,0,7,0,0,42851,42851,42851,42851,1,1,1,1,0,0,0
113260,Fire Ascendant,,,,0,7,0,0,42853,42853,42853,42853,1,1,1,1,0,0,0
113261,Water Ascendant,,,,0,7,0,0,42854,42854,42854,42854,1,1,1,1,0,0,0
113262,Black Harvest Acolyte,,,,0,7,0,0,72532,72537,72542,72535,1,1,1,1,0,0,0
113263,Black Harvest Invoker,,,,0,7,0,0,72561,72558,72563,72552,1,1,1,1,0,0,0
113265,Imp,,,,0,7,0,0,73559,73560,73561,73562,1,1,1,1,0,0,0
113266,Wild Imp,,,,0,7,0,0,70345,70857,70157,70345,1,1,1,1,0,0,0
113267,Valarjar Aspirant,,,,0,7,0,0,65678,65679,65680,65681,1,1,1,1,0,0,0
113268,Stormforged Valarjar,,,,0,7,0,0,67361,67937,67938,70110,1,1,1,1,137174,137264,0
113269,Valkyra Shieldmaiden,,,,0,4,0,0,74391,74392,74393,74394,1,1,1,1,124548,34590,0
113270,Shieldmaiden,,,,0,7,0,0,25801,71252,25800,25799,1,1,1,1,0,0,0
113274,Dungeon Entrance,,,,0,10,0,0,1126,11686,0,0,0,1,0,0,0,0,0
113279,Ascendants,,,,0,7,0,0,42851,42851,42851,42851,1,1,1,1,0,0,0
113285,Prot Sword - Alt 2,,,,0,10,0,3,72739,0,0,0,1,0,0,0,0,0,0
113286,Prot Sword - Alt 3,,,,0,10,0,3,72740,0,0,0,1,0,0,0,0,0,0
113287,Prot Sword - Alt 4,,,,0,10,0,3,72741,0,0,0,1,0,0,0,0,0,0
113288,Prot Sword - Alt 5,,,,0,10,0,3,72743,0,0,0,1,0,0,0,0,0,0
113289,Prot Sword - Alt 6,,,,0,10,0,3,72744,0,0,0,1,0,0,0,0,0,0
113290,Riding Bat,,,,0,7,0,3,14780,0,0,0,1,0,0,0,0,0,0
113291,Wind Rider,,,,0,7,0,3,29310,0,0,0,1,0,0,0,0,0,0
113292,Prot Shield - Alt 1,,,,0,10,0,3,72745,0,0,0,1,0,0,0,0,0,0
113293,Prot Shield - Alt 2,,,,0,10,0,3,72746,0,0,0,1,0,0,0,0,0,0
113294,Prot Shield - Alt 3,,,,0,10,0,3,72747,0,0,0,1,0,0,0,0,0,0
113296,Prot Shield - Alt 4,,,,0,10,0,3,72748,0,0,0,1,0,0,0,0,0,0
113297,Prot Shield - Alt 5,,,,0,10,0,3,72749,0,0,0,1,0,0,0,0,0,0
113298,Prot Shield - Alt 6,,,,0,10,0,3,72750,0,0,0,1,0,0,0,0,0,0
113299,Delas Moonfang,,Priestess of the Moon,,1,7,0,0,50541,0,0,0,1,0,0,0,0,0,73040
113300,Image of Thorim,,,,0,10,0,0,25204,0,0,0,1,0,0,0,0,0,0
113302,Fury Sword - Alt 6,,,,0,10,0,3,72751,0,0,0,1,0,0,0,0,0,0
113308,Resto Offhand - Alt 2,,,,0,10,0,3,72752,0,0,0,1,0,0,0,0,0,0
113310,Resto Offhand - Alt 4,,,,0,10,0,3,72753,0,0,0,1,0,0,0,0,0,0
113311,Resto Offhand - Alt 5,,,,0,10,0,3,72754,0,0,0,1,0,0,0,0,0,0
113312,Resto Offhand - Alt 6,,,,0,10,0,3,72755,0,0,0,1,0,0,0,0,0,0
113313,Risen Saber,,,,0,6,0,0,62486,0,0,0,1,0,0,0,0,0,0
113314,Enhance offhand - Alt 2,,,,0,10,0,3,72756,0,0,0,1,0,0,0,0,0,0
113315,Enhance offhand - Alt 3,,,,0,10,0,3,72757,0,0,0,1,0,0,0,0,0,0
113316,Enhance offhand - Alt 4,,,,0,10,0,3,72758,0,0,0,1,0,0,0,0,0,0
113326,Enhance offhand - Alt 5,,,,0,10,0,3,72759,0,0,0,1,0,0,0,0,0,0
113334,Enhance offhand - Alt 6,,,,0,10,0,3,72760,0,0,0,1,0,0,0,0,0,0
113336,Ashbringer - Alt 6,,,,0,10,0,3,72761,0,0,0,1,0,0,0,0,0,0
113338,Marksman Bow - Alt 6,,,,0,10,0,3,72762,0,0,0,1,0,0,0,0,0,0
113339,Survival Spear - Alt 6,,,,0,10,0,3,72763,0,0,0,1,0,0,0,0,0,0
113355,Broxigar the Red,,,,1,7,0,0,72769,0,0,0,1,0,0,0,40384,0,0
113357,Rhonin,,,,1,7,0,0,72770,0,0,0,1,0,0,0,42139,0,0
113359,Sangrias Stillblade,,,,0,7,0,0,73523,0,0,0,1,0,0,0,14535,0,0
113361,Captain Jarod Shadowsong,,,,1,7,0,0,72771,0,0,0,1,0,0,0,109637,109637,0
113363,Unstable Energy,,,,0,10,0,0,72772,0,0,0,1,0,0,0,0,0,0
113396,Shieldbearer,,,,0,7,0,0,71010,72205,72194,72197,1,1,1,1,132872,132874,0
113403,Silver Hand Knight,,,,0,7,0,0,72210,72214,72215,72209,1,1,1,1,132870,0,0
113407,Teleportal Lens Transform SMALL,,,,0,10,0,0,72821,0,0,0,0,0,0,0,0,0,0
113410,Claws of Ursoc - Alt 1 - Base - Tauren,,,,0,10,0,0,66693,0,0,0,1,0,0,0,0,0,0
113411,Claws of Ursoc - Alt 1 - Base - Troll,,,,0,10,0,0,66683,0,0,0,1,0,0,0,0,0,0
113412,Claws of Ursoc - Alt 1 - Base - Worgen,,,,0,10,0,0,66685,0,0,0,1,0,0,0,0,0,0
113420,Writhing Egg Sac,,,,0,10,0,0,42349,0,0,0,1,0,0,0,0,0,0
113421,Wriggling Cocoon,,,,0,10,0,0,16213,0,0,0,1,0,0,0,0,0,0
113422,Forest Dryad,,,,0,7,0,0,13673,10034,0,0,1,1,0,0,94846,0,141076
113423,Frostsaber,,,,0,1,0,0,72826,0,0,0,1,1,1,1,0,0,0
113424,Priestess of the Moon,,,,0,7,0,0,72825,72830,72831,0,1,1,1,0,106833,0,73038
113429,Nightsaber,,,,1,1,0,0,72832,0,0,0,1,1,1,1,0,0,0
113438,Silver Hand Templar,,,,0,7,0,0,71014,71015,72189,72177,1,1,1,1,132869,0,0
113440,Squirky,,,,0,14,0,0,72660,0,0,0,1,1,1,1,0,0,0
113451,Duskwatch Moonscythe [Test Palette],,,,0,7,0,0,66547,0,0,0,1,1,0,0,132170,132249,0
113456,Duskwatch Enforcer [Test Palette],,,,0,7,0,0,66279,0,0,0,1,1,1,0,132170,132249,0
113474,Menagerie Keeper [Test Palette],,,,0,7,0,0,66259,66547,0,0,1,1,0,0,132170,0,0
113475,Vineyard Warden [Test Palette],,,,0,7,0,0,67726,66279,0,0,1,1,0,0,133177,0,0
113482,Stuffed Murloc Souvenir,,,,0,12,0,0,59818,0,0,0,1,1,1,1,0,0,0
113510,Acolyte,,,,0,7,0,0,72838,0,0,0,1,1,1,1,0,0,0
113511,Dark Zealot,,,,0,7,0,0,72839,0,0,0,1,1,1,1,0,0,0
113513,Asher,,Fury of Frostfire,,1,4,0,0,72862,0,0,0,0,0,0,0,0,0,0
113518,SI:7 Assassin,,,,1,7,0,0,36262,36263,0,0,1,0,0,0,21551,21551,0
113521,Fangs of Ashamane - Alt 1 - Base Tauren,,,,0,10,0,0,66777,0,0,0,1,0,0,0,0,0,0
113522,Fangs of Ashamane - Alt 1 - Base Night Elf,,,,0,10,0,0,66780,0,0,0,1,0,0,0,0,0,0
113523,Fangs of Ashamane - Alt 1 - Base Troll,,,,0,10,0,0,66779,0,0,0,1,0,0,0,0,0,0
113524,Fangs of Ashamane - Alt 1 - Base Worgen,,,,0,10,0,0,66777,0,0,0,1,0,0,0,0,0,0
113526,Spiritwalker Ebonhorn,,,,0,2,0,0,63690,0,0,0,1,0,0,0,119206,118005,0
113527,Mischief,,,,0,12,0,0,73353,0,0,0,1,0,0,0,0,0,0
113529,Warchief Vol'jin,,,,1,7,0,0,31232,0,0,0,1,1,1,1,0,0,0
113534,Cenarius,,,,1,7,0,0,68656,0,0,0,1,1,1,1,0,0,0
113562,Vyr,,,,0,7,0,0,72858,0,0,0,1,1,1,1,0,0,0
113573,Cliffclutch Thornwitch,,,,0,7,0,3,63596,0,0,0,1,0,0,0,0,0,0
113574,Portal to Suramar City,,,,0,10,0,0,72860,0,0,0,1,1,1,1,0,0,0
113578,Command Ship,,,,0,10,0,3,72863,0,0,0,1,0,0,0,0,0,0
113583,Hodir,,,,0,7,0,0,71647,0,0,0,1,1,1,1,44821,0,0
113588,Bunny,,,,6,10,0,3,21955,11686,0,0,0,1,0,0,0,0,0
113589,Invisible Stalker - Squirky Target,,,,0,7,0,0,46003,41199,0,0,0,1,0,0,0,0,0
113601,Totally Generic GIGANTIC Bunny (JSB),,,,0,10,0,0,16480,21342,0,0,0,1,0,0,0,0,0
113605,Kirin Tor Guardian,,,,1,7,0,0,68480,47997,47999,48000,2,2,3,1,43617,0,0
113608,Kirin Tor Guardian,,,,1,7,0,0,27215,27216,27217,0,1,1,1,0,43091,43092,0
113618,Suramar Loyalist,,,,0,7,0,0,70031,70045,0,0,1,1,1,1,0,0,0
113624,Illidan Stormrage,,The Betrayer,,1,7,0,0,72657,0,0,0,1,0,0,0,0,0,0
113632,Silver Hand Templar,,,,0,7,0,0,71014,71015,72189,72177,1,1,1,1,28802,67149,0
113646,Defiled Grovewalker,,,,0,4,0,0,69789,0,0,0,1,0,0,0,0,0,0
113663,Ela'lothen,,The Moonspirit,,1,1,160,0,72897,0,0,0,1,0,0,0,0,0,0
113679,Wrathguard Soulsplitter,,,,0,3,0,0,64001,0,0,0,1,0,0,0,79734,79734,0
113686,Archmage Khadgar,,,,1,7,0,0,72900,0,0,0,1,0,0,0,0,0,0
113692,Illidan Stormrage,,,,0,7,0,0,72904,0,0,0,1,1,1,1,0,0,0
113693,Malfurion Stormrage,,,,0,7,0,0,72905,0,0,0,1,1,1,1,0,0,0
113708,Illidari Rift Controller,,,,0,4,0,0,61909,61910,61906,60087,1,1,1,1,0,0,0
113710,Rift Core,,,,0,4,0,0,64189,0,0,0,1,1,1,1,0,0,0
113711,Prot Shield - Alt 2,,,,0,10,0,3,72906,0,0,0,1,0,0,0,0,0,0
113712,Prot Shield - Alt 3,,,,0,10,0,3,72907,0,0,0,1,0,0,0,0,0,0
113713,Prot Shield - Alt 4,,,,0,10,0,3,72908,0,0,0,1,0,0,0,0,0,0
113714,Shield Weapon - Alt 1,,,,0,10,0,3,72909,0,0,0,1,0,0,0,0,0,0
113715,Shield Weapon - Alt 3,,,,0,10,0,3,72910,0,0,0,1,0,0,0,0,0,0
113716,Shield Weapon - Alt 4,,,,0,10,0,3,72911,0,0,0,1,0,0,0,0,0,0
113717,Shield Weapon - Alt 6,,,,0,10,0,3,72912,0,0,0,1,0,0,0,0,0,0
113718,Fire Sword - Alt 6,,,,0,10,0,3,72913,0,0,0,1,0,0,0,0,0,0
113719,Fists of the Heavens - Alt 1 - LEFT,,,,0,10,0,3,72914,0,0,0,1,0,0,0,0,0,0
113720,Fists of the Heavens - Alt 2  - LEFT,,,,0,10,0,3,72915,0,0,0,1,0,0,0,0,0,0
113721,Fists of the Heavens - Alt 3 - LEFT,,,,0,10,0,3,72916,0,0,0,1,0,0,0,0,0,0
113722,Fists of the Heavens - Alt 4  - LEFT,,,,0,10,0,3,72917,0,0,0,1,0,0,0,0,0,0
113723,Fists of the Heavens - Alt 5 - LEFT,,,,0,10,0,3,72918,0,0,0,1,0,0,0,0,0,0
113724,Fists of the Heavens - Alt 6 - LEFT,,,,0,10,0,3,72919,0,0,0,1,0,0,0,0,0,0
113725,Azgalor - Alt 1 - LEFT,,,,0,10,0,3,72920,0,0,0,1,0,0,0,0,0,0
113726,Azgalor - Alt 2 - LEFT,,,,0,10,0,3,72921,0,0,0,1,0,0,0,0,0,0
113727,Azgalor - Alt 3 - LEFT,,,,0,10,0,3,72922,0,0,0,1,0,0,0,0,0,0
113728,Azgalor - Alt 4 - LEFT,,,,0,10,0,3,72923,0,0,0,1,0,0,0,0,0,0
113729,Azgalor - Alt 5 - LEFT,,,,0,10,0,3,72924,0,0,0,1,0,0,0,0,0,0
113730,Azgalor - Alt 6 - LEFT,,,,0,10,0,3,72925,0,0,0,1,0,0,0,0,0,0
113731,Aldrochi- Alt 1 - LEFT,,,,0,10,0,3,72926,0,0,0,1,0,0,0,0,0,0
113732,Aldrochi- Alt 2 - LEFT,,,,0,10,0,3,72927,0,0,0,1,0,0,0,0,0,0
113733,Aldrochi- Alt 3 - LEFT,,,,0,10,0,3,72928,0,0,0,1,0,0,0,0,0,0
113734,Aldrochi- Alt 4 - LEFT,,,,0,10,0,3,72929,0,0,0,1,0,0,0,0,0,0
113735,Aldrochi- Alt 5 - LEFT,,,,0,10,0,3,72930,0,0,0,1,0,0,0,0,0,0
113736,Aldrochi- Alt 6,,,,0,10,0,3,72931,0,0,0,1,0,0,0,0,0,0
113737,Aldrochi- Alt 6 - LEFT,,,,0,10,0,3,72932,0,0,0,1,0,0,0,0,0,0
113741,Loyal Manasaber,,,,0,1,2,0,61926,0,0,0,1,0,0,0,0,0,0
113753,Great Dark Beyond Vehicle,,,,1,7,0,3,11686,0,0,0,1,1,1,1,0,0,0
113762,Fel Cannonball,,,,0,10,0,3,72982,0,0,0,1,0,0,0,0,0,0
113763,Xe'ra,,,,1,10,0,0,72940,0,0,0,1,0,0,0,0,0,0
113764,Silver Hand Knight,,,,0,7,0,0,72210,72209,71012,72208,1,1,1,1,34670,30882,0
113766,Silver Hand Knight,,,,0,7,0,0,72210,72209,71012,72208,1,1,1,1,34670,30882,0
113767,7.0 Suramar - Will it Felfire Bunny (JSB),,,,0,10,0,0,16480,21342,0,0,0,1,0,0,0,0,0
113768,Silver Hand Protector,,,,0,7,0,0,62794,0,0,0,1,0,0,0,25127,72983,0
113769,Silver Hand Shieldbearer,,,,0,7,0,0,72202,72203,72674,72677,1,1,1,1,15217,116647,0
113770,Silver Hand Shieldbearer,,,,0,7,0,0,72676,72675,71011,72205,1,1,1,1,15217,116647,0
113776,Fury Sword - Alt 1,,,,0,10,0,3,72944,0,0,0,1,0,0,0,0,0,0
113777,Val'kyr of Odyn,,,,0,7,0,3,67161,0,0,0,1,1,0,0,137262,0,0
113789,Quest - 7.0 Suramar - Artisan's Esplanade - Meat 01 - JSB,,,,0,10,0,0,72950,0,0,0,0,0,0,0,0,0,0
113790,Quest - 7.0 Suramar - Artisan's Esplanade - Meat 02 - JSB,,,,0,10,0,0,72951,0,0,0,0,0,0,0,0,0,0
113793,Val'kyr of Odyn,,,,0,7,0,3,67161,0,0,0,1,1,0,0,137262,0,0
113794,Val'kyr of Odyn,,,,0,7,0,3,67161,0,0,0,1,1,0,0,137262,0,0
113795,Felguard/Fel Hound Random,,,,0,3,0,0,72954,72955,65054,67613,1,1,1,1,0,0,0
113825,Malvingeroth,,Hunter of Night,,1,3,0,0,72964,0,0,0,1,0,0,0,127648,0,0
113827,Wondrous Wisdomball,,,,0,12,0,3,73463,0,0,0,0,1,1,1,0,0,0
113829,Captain Jarod Shadowsong,,,,1,7,0,0,73360,0,0,0,1,0,0,0,109637,109637,0
113835,Broxigar the Red,,,,1,7,0,0,73361,0,0,0,1,0,0,0,40384,0,0
113838,Draenei Anchorite,,,,0,7,0,0,65341,0,0,0,1,0,0,0,0,0,0
113839,Squigglefin Tadpole,,,,0,8,0,0,72660,0,0,0,1,1,1,1,0,0,0
113845,Totem Mastery,,,,6,11,0,0,13069,0,0,0,1,1,1,1,0,0,0
113851,Illidan Stormrage,,Captain of the Moon Guard,,1,7,0,0,73042,0,0,0,1,0,0,0,0,0,0
113855,Rescued Fawn,,,,0,12,0,0,70663,0,0,0,1,0,1,1,0,0,0
113857,Light's Heart,,,,0,10,0,2,72975,0,0,0,1,0,0,0,0,0,0
113866,Salteye Clam Vanquisher,,,,0,7,0,0,540,0,0,0,1,0,0,0,0,0,0
113867,Doomguard,,,,1,10,0,0,19945,20930,63144,0,1,1,1,1,0,0,0
113869,Black Rook Rumble,,,,6,10,0,3,21955,11686,0,0,0,1,0,0,0,0,0
113917,Unstable Energy,,,,0,10,0,0,72772,0,0,0,1,0,0,0,0,0,0
113918,Unstable Rift,,,,0,10,0,0,62646,0,0,0,1,0,0,0,0,0,0
113919,Unstable Anomaly,,,,0,10,0,0,73097,0,0,0,1,0,0,0,0,0,0
113968,Nisha,,Rexxar's Mount,,0,1,0,0,56836,0,0,0,1,0,0,0,0,0,0
113978,Sargeras,,,,1,10,0,0,169,11686,0,0,0,1,0,0,0,0,0
113979,Priestess of the Moon,,,,0,7,0,0,65229,0,0,0,1,0,0,0,0,0,0
113980,Traveling Pilgrim,,,,1,7,0,0,70497,0,0,0,1,1,1,1,0,0,0
113981,Lorlathil Villager,,,,0,7,0,0,29800,0,0,0,1,1,1,1,0,0,0
113983,Knight-Captain Murky,,,,0,12,0,0,73351,0,0,0,1,0,0,0,0,0,0
113984,Legionnaire Murky,,,,0,12,0,0,73352,0,0,0,1,0,0,0,0,0,0
113988,Moon Guard Acolyte,,,,1,7,0,0,73036,73037,73038,73039,1,1,1,1,0,0,0
113989,Gang of Bandits,,,,0,7,0,0,71426,0,0,0,1,1,1,1,25538,25538,0
113990,Gang of Bandits,,,,0,7,0,0,72453,0,0,0,1,1,1,1,25538,25538,0
113991,Gang of Bandits,,,,0,7,0,0,72456,0,0,0,1,1,1,1,25538,25538,0
113992,Gang of Bandits,,,,0,7,0,0,72462,0,0,0,1,1,1,1,25538,25538,0
113993,Defias Thieves,,,,0,7,0,0,71448,0,0,0,1,1,1,1,2057,1927,0
113994,Defias Thieves,,,,0,7,0,0,72470,0,0,0,1,1,1,1,2057,1927,0
113995,Defias Thieves,,,,0,7,0,0,72480,0,0,0,1,1,1,1,2057,1927,0
113996,Defias Thieves,,,,0,7,0,0,72477,0,0,0,1,1,1,1,2057,1927,0
114000,Crew of Pirates,,,,0,7,0,0,72485,0,0,0,1,1,1,1,3364,57848,0
114001,Crew of Pirates,,,,0,7,0,0,72662,0,0,0,1,1,1,1,3364,57848,0
114002,Crew of Pirates,,,,0,7,0,0,71472,0,0,0,1,1,1,1,3364,57848,0
114003,Crew of Pirates,,,,0,7,0,0,72491,0,0,0,1,1,1,1,3364,57848,0
114004,Uncrowned Duelists,,,,0,7,0,0,71461,72494,72495,71466,1,1,1,1,61620,7944,0
114005,Uncrowned Duelists,,,,0,7,0,0,72498,0,0,0,1,1,1,1,61620,7944,0
114006,Uncrowned Duelists,,,,0,7,0,0,72501,0,0,0,1,1,1,1,61620,7944,0
114007,Uncrowned Duelists,,,,0,7,0,0,72502,0,0,0,1,1,1,1,61620,7944,0
114008,Ashtongue Warriors,,,,0,7,0,0,67885,0,0,0,1,1,1,1,0,0,0
114009,Ashtongue Warriors,,,,0,7,0,0,67884,0,0,0,1,1,1,1,0,0,0
114010,Ashtongue Warriors,,,,0,7,0,0,67883,0,0,0,1,1,1,1,0,0,0
114011,Naga Myrmidons,,,,0,7,0,0,73030,0,0,0,1,1,1,1,0,0,0
114012,Naga Myrmidons,,,,0,7,0,0,73031,0,0,0,1,1,1,1,0,0,0
114013,Naga Myrmidons,,,,0,7,0,0,71274,0,0,0,1,1,1,1,0,0,0
114014,Naga Myrmidons,,,,0,7,0,0,73032,0,0,0,1,1,1,1,0,0,0
114015,Illidari Adepts,,,,0,7,0,0,61909,0,0,0,1,1,1,1,128361,128369,0
114016,Illidari Adepts,,,,0,7,0,0,61910,0,0,0,1,1,1,1,128361,128369,0
114017,Illidari Adepts,,,,0,7,0,0,60087,0,0,0,1,1,1,1,128361,128369,0
114018,Illidari Adepts,,,,0,7,0,0,60087,0,0,0,1,1,1,1,128361,128369,0
114019,Transformed Illidari Adepts,,,,0,7,0,0,71074,0,0,0,1,1,1,1,128361,128369,0
114020,Transformed Illidari Adepts,,,,0,7,0,0,66611,0,0,0,1,1,1,1,128361,128369,0
114021,Transformed Illidari Adepts,,,,0,7,0,0,67675,0,0,0,1,1,1,1,128361,128369,0
114022,Transformed Illidari Adepts,,,,0,7,0,0,67673,0,0,0,1,1,1,1,128361,128369,0
114023,Lesser Elementals,,,,0,7,0,0,1109,0,0,0,1,1,1,1,0,0,0
114024,Lesser Elementals,,,,0,7,0,0,1070,0,0,0,1,1,1,1,0,0,0
114025,Lesser Elementals,,,,0,7,0,0,5561,0,0,0,1,1,1,1,0,0,0
114026,Greater Elementals,,,,0,7,0,0,73034,0,0,0,1,1,1,1,0,0,0
114027,Greater Elementals,,,,0,7,0,0,35681,0,0,0,1,1,1,1,0,0,0
114028,Greater Elementals,,,,0,7,0,0,35044,0,0,0,1,1,1,1,0,0,0
114029,Circle of Earthcallers,,,,0,7,0,0,72682,0,0,0,1,1,1,1,13024,13024,0
114030,Circle of Earthcallers,,,,0,7,0,0,73035,0,0,0,1,1,1,1,13024,13024,0
114031,Circle of Earthcallers,,,,0,7,0,0,72507,0,0,0,1,1,1,1,13024,13024,0
114032,Circle of Earthcallers,,,,0,7,0,0,72514,72515,0,0,1,1,1,1,13024,13024,0
114033,Circle of Earthcallers,,,,0,7,0,0,72517,0,0,0,1,1,1,1,13024,13024,0
114034,Earthen Ring Geomancers,,,,0,7,0,0,72519,0,0,0,1,1,1,1,40244,84911,0
114035,Earthen Ring Geomancers,,,,0,7,0,0,72522,0,0,0,1,1,1,1,40244,84911,0
114036,Earthen Ring Geomancers,,,,0,7,0,0,72531,0,0,0,1,1,1,1,40244,84911,0
114037,Earthen Ring Geomancers,,,,0,7,0,0,72529,0,0,0,1,1,1,1,40244,84911,0
114038,Tirisgarde Apprentices,,,,0,7,0,0,70984,0,0,0,1,1,1,1,20978,0,0
114039,Tirisgarde Apprentices,,,,0,7,0,0,72348,0,0,0,1,1,1,1,20978,0,0
114040,Tirisgarde Apprentices,,,,0,7,0,0,72349,0,0,0,1,1,1,1,20978,0,0
114041,Tirisgarde Apprentices,,,,0,7,0,0,70983,0,0,0,1,1,1,1,20978,0,0
114042,Kirin Tor Invokers,,,,0,7,0,0,70422,0,0,0,1,1,1,1,27842,0,0
114043,Kirin Tor Invokers,,,,0,7,0,0,70992,0,0,0,1,1,1,1,27842,0,0
114044,Kirin Tor Invokers,,,,0,7,0,0,72353,0,0,0,1,1,1,1,27842,0,0
114045,Kirin Tor Invokers,,,,0,7,0,0,72362,0,0,0,1,1,1,1,27842,0,0
114046,Squad of Archers,,,,0,7,0,0,71234,0,0,0,1,1,1,1,0,0,4087
114047,Squad of Archers,,,,0,7,0,0,72286,0,0,0,1,1,1,1,0,0,4087
114048,Squad of Archers,,,,0,7,0,0,73041,0,0,0,1,1,1,1,0,0,4087
114049,Squad of Archers,,,,0,7,0,0,72298,0,0,0,1,1,1,1,0,0,4087
114050,Unseen Marksmen,,,,0,7,0,0,71238,0,0,0,1,1,1,1,0,0,16004
114051,Unseen Marksmen,,,,0,7,0,0,71241,0,0,0,1,1,1,1,0,0,16004
114052,Unseen Marksmen,,,,0,7,0,0,72308,0,0,0,1,1,1,1,0,0,16004
114053,Unseen Marksmen,,,,0,7,0,0,72311,0,0,0,1,1,1,1,0,0,16004
114054,Band of Trackers,,,,0,7,0,0,71242,0,0,0,1,1,1,1,0,0,64620
114055,Band of Trackers,,,,0,7,0,0,72313,0,0,0,1,1,1,1,0,0,64620
114056,Band of Trackers,,,,0,7,0,0,72319,0,0,0,1,1,1,1,0,0,64620
114057,Band of Trackers,,,,0,7,0,0,72320,0,0,0,1,1,1,1,0,0,64620
114058,Pathfinders,,,,0,7,0,0,71246,0,0,0,1,1,1,1,5286,1905,0
114059,Pathfinders,,,,0,7,0,0,72336,0,0,0,1,1,1,1,5286,1905,0
114060,Pathfinders,,,,0,7,0,0,71249,0,0,0,1,1,1,1,5286,1905,0
114061,Pathfinders,,,,0,7,0,0,72332,0,0,0,1,1,1,1,5286,1905,0
114063,Snowfang,,,,0,12,0,0,73093,0,0,0,1,1,1,1,0,0,0
114064,Snowfang,,,,0,14,0,0,73094,0,0,0,1,1,1,1,0,0,0
114065,Snowsong,,,,1,1,0,0,53317,0,0,0,0,0,0,0,0,0,0
114066,Orgrimmar Wind Rider,,,,0,7,0,3,37328,37329,37330,37331,1,1,0,0,5289,0,0
114067,Darkspear Bat Rider,,,,0,7,0,3,34207,34208,34209,34211,1,1,0,0,13631,0,0
114072,Pack of Imps,,,,0,7,0,0,67801,0,0,0,1,1,1,1,0,0,0
114073,Pack of Imps,,,,0,7,0,0,67724,0,0,0,1,1,1,1,0,0,0
114074,Pack of Imps,,,,0,7,0,0,67727,0,0,0,1,1,1,1,0,0,0
114075,Pack of Imps,,,,0,7,0,0,67733,0,0,0,1,1,1,1,0,0,0
114076,Swarm of Wild Imps,,,,0,7,0,0,70345,0,0,0,1,1,1,1,0,0,0
114077,Swarm of Wild Imps,,,,0,7,0,0,70857,0,0,0,1,1,1,1,0,0,0
114078,Swarm of Wild Imps,,,,0,7,0,0,70157,0,0,0,1,1,1,1,0,0,0
114079,Black Harvest Acolytes,,,,0,7,0,0,72533,0,0,0,1,1,1,1,25233,0,0
114080,Black Harvest Acolytes,,,,0,7,0,0,73096,0,0,0,1,1,1,1,25233,0,0
114081,Black Harvest Acolytes,,,,0,7,0,0,72536,0,0,0,1,1,1,1,25233,0,0
114082,Black Harvest Acolytes,,,,0,7,0,0,72534,0,0,0,1,1,1,1,25233,0,0
114083,Valarjar Aspirants,,,,0,7,0,0,65678,0,0,0,1,1,1,1,137263,137264,0
114084,Valarjar Aspirants,,,,0,7,0,0,65679,0,0,0,1,1,1,1,137263,137264,0
114085,Valarjar Aspirants,,,,0,7,0,0,65680,0,0,0,1,1,1,1,137263,137264,0
114086,Valarjar Aspirants,,,,0,7,0,0,65681,0,0,0,1,1,1,1,137263,137264,0
114087,Stormforged Valarjar,,,,0,7,0,0,67361,0,0,0,1,1,1,1,137174,137264,0
114088,Stormforged Valarjar,,,,0,7,0,0,67937,0,0,0,1,1,1,1,137174,137264,0
114089,Stormforged Valarjar,,,,0,7,0,0,67938,0,0,0,1,1,1,1,137174,137264,0
114090,Stormforged Valarjar,,,,0,7,0,0,70110,0,0,0,1,1,1,1,137174,137264,0
114091,Shieldmaiden Warband,,,,0,7,0,0,25801,0,0,0,1,1,1,1,127346,77408,0
114092,Shieldmaiden Warband,,,,0,7,0,0,71252,0,0,0,1,1,1,1,127346,77408,0
114093,Shieldmaiden Warband,,,,0,7,0,0,25800,0,0,0,1,1,1,1,127346,77408,0
114094,Valkyra Shieldmaidens,,,,0,7,0,0,71251,0,0,0,1,1,1,1,140345,89116,0
114095,Valkyra Shieldmaidens,,,,0,7,0,0,68954,0,0,0,1,1,1,1,140345,89116,0
114096,Valkyra Shieldmaidens,,,,0,7,0,0,69637,0,0,0,1,1,1,1,140345,89116,0
114098,Archmage Karlain,,Kirin Tor,,1,7,0,0,67195,0,0,0,1,0,0,0,50725,0,0
114100,Archmage Ansirem Runeweaver,,Kirin Tor,,1,7,0,0,67193,0,0,0,1,0,0,0,12182,0,0
114101,Archmage Vargoth,,Kirin Tor,,1,7,0,0,67196,0,0,0,1,0,0,0,28456,0,0
114115,Tiger Masters,,,,0,7,0,0,72620,0,0,0,1,1,1,1,82595,82595,0
114116,Tiger Masters,,,,0,7,0,0,69181,0,0,0,1,1,1,1,82595,82595,0
114117,Tiger Masters,,,,0,7,0,0,69183,0,0,0,1,1,1,1,82595,82595,0
114118,Tiger Masters,,,,0,7,0,0,68996,0,0,0,1,1,1,1,82595,82595,0
114119,Tiger Adepts,,,,0,7,0,0,72609,0,0,0,1,1,1,1,89576,0,0
114120,Tiger Adepts,,,,0,7,0,0,69017,0,0,0,1,1,1,1,89576,0,0
114121,Tiger Adepts,,,,0,7,0,0,69025,0,0,0,1,1,1,1,89576,0,0
114122,Tiger Adepts,,,,0,7,0,0,69007,0,0,0,1,1,1,1,89576,0,0
114123,Tiger Initates,,,,0,7,0,0,72603,0,0,0,1,1,1,1,52492,52492,0
114124,Tiger Initates,,,,0,7,0,0,72599,0,0,0,1,1,1,1,52492,52492,0
114125,Tiger Initates,,,,0,7,0,0,72604,0,0,0,1,1,1,1,52492,52492,0
114126,Tiger Initates,,,,0,7,0,0,65747,0,0,0,1,1,1,1,52492,52492,0
114127,Ox Masters,,,,0,7,0,0,72594,0,0,0,1,1,1,1,90012,0,0
114128,Ox Masters,,,,0,7,0,0,72592,0,0,0,1,1,1,1,90012,0,0
114129,Ox Masters,,,,0,7,0,0,73130,0,0,0,1,1,1,1,90012,0,0
114130,Ox Masters,,,,0,7,0,0,69000,0,0,0,1,1,1,1,90012,0,0
114138,Ox Adepts,,,,0,7,0,0,72587,0,0,0,1,1,1,1,83761,83761,0
114139,Ox Adepts,,,,0,7,0,0,72581,0,0,0,1,1,1,1,83761,83761,0
114140,Ox Adepts,,,,0,7,0,0,69020,0,0,0,1,1,1,1,83761,83761,0
114141,Ox Adepts,,,,0,7,0,0,69009,0,0,0,1,1,1,1,83761,83761,0
114142,Ox Initiates,,,,0,7,0,0,69168,0,0,0,1,1,1,1,85574,0,0
114143,Ox Initiates,,,,0,7,0,0,72575,0,0,0,1,1,1,1,85574,0,0
114144,Ox Initiates,,,,0,7,0,0,72572,0,0,0,1,1,1,1,85574,0,0
114145,Ox Initiates,,,,0,7,0,0,72577,0,0,0,1,1,1,1,85574,0,0
114146,Keepers of the Grove,,,,0,7,0,0,67939,0,0,0,1,1,1,1,0,0,0
114147,Keepers of the Grove,,,,0,7,0,0,66130,0,0,0,1,1,1,1,0,0,0
114148,Keepers of the Grove,,,,0,7,0,0,7618,0,0,0,1,1,1,1,0,0,0
114149,Druids of the Claw,,,,0,7,0,0,73134,0,0,0,1,1,1,1,65461,0,0
114150,Druids of the Claw,,,,0,7,0,0,73135,0,0,0,1,1,1,1,65463,0,0
114151,Druids of the Claw,,,,0,7,0,0,73132,0,0,0,1,1,1,1,65461,0,0
114152,Druids of the Claw,,,,0,7,0,0,73133,0,0,0,1,1,1,1,65463,0,0
114153,Daughters of Cenarius,,,,0,7,0,0,13672,0,0,0,1,1,1,1,0,0,0
114154,Daughters of Cenarius,,,,0,7,0,0,13673,0,0,0,1,1,1,1,0,0,0
114155,Squad of Squires,,,,0,7,0,0,71008,0,0,0,1,1,1,1,923,0,0
114156,Squad of Squires,,,,0,7,0,0,72222,0,0,0,1,1,1,1,923,0,0
114157,Squad of Squires,,,,0,7,0,0,72220,0,0,0,1,1,1,1,923,0,0
114158,Squad of Squires,,,,0,7,0,0,72671,0,0,0,1,1,1,1,923,0,0
114159,Shieldbearer Phalanx,,,,0,7,0,0,72194,0,0,0,1,1,1,1,15217,116647,0
114160,Shieldbearer Phalanx,,,,0,7,0,0,72202,0,0,0,1,1,1,1,15217,116647,0
114161,Shieldbearer Phalanx,,,,0,7,0,0,72205,0,0,0,1,1,1,1,15217,116647,0
114162,Shieldbearer Phalanx,,,,0,7,0,0,71011,0,0,0,1,1,1,1,15217,116647,0
114163,Silver Hand Knights,,,,0,7,0,0,72209,0,0,0,1,1,1,1,34670,30882,0
114164,Silver Hand Knights,,,,0,7,0,0,72212,0,0,0,1,1,1,1,34670,30882,0
114165,Silver Hand Knights,,,,0,7,0,0,72208,0,0,0,1,1,1,1,34670,30882,0
114166,Silver Hand Knights,,,,0,7,0,0,72214,0,0,0,1,1,1,1,34670,30882,0
114167,Silver Hand Templar,,,,0,7,0,0,71014,0,0,0,1,1,1,1,28802,67149,0
114168,Silver Hand Templar,,,,0,7,0,0,72188,0,0,0,1,1,1,1,28802,67149,0
114169,Silver Hand Templar,,,,0,7,0,0,72176,0,0,0,1,1,1,1,28802,67149,0
114170,Silver Hand Templar,,,,0,7,0,0,71015,0,0,0,1,1,1,1,28802,67149,0
114172,Group of Acolytes,,,,0,7,0,0,72369,0,0,0,1,1,1,1,55939,0,0
114173,Group of Acolytes,,,,0,7,0,0,72375,0,0,0,1,1,1,1,55939,0,0
114174,Group of Acolytes,,,,0,7,0,0,72715,0,0,0,1,1,1,1,55939,0,0
114175,Group of Acolytes,,,,0,7,0,0,72382,0,0,0,1,1,1,1,55939,0,0
114176,Netherlight Paragons,,,,0,7,0,0,72400,0,0,0,1,1,1,1,37169,62235,0
114177,Netherlight Paragons,,,,0,7,0,0,72399,0,0,0,1,1,1,1,37169,62235,0
114178,Netherlight Paragons,,,,0,7,0,0,72403,0,0,0,1,1,1,1,37169,62235,0
114179,Netherlight Paragons,,,,0,7,0,0,72407,0,0,0,1,1,1,1,37169,62235,0
114180,Band of Zealots,,,,0,7,0,0,72412,0,0,0,1,1,1,1,2236,19142,0
114181,Band of Zealots,,,,0,7,0,0,72717,0,0,0,1,1,1,1,2236,19142,0
114182,Band of Zealots,,,,0,7,0,0,72417,0,0,0,1,1,1,1,2236,19142,0
114183,Band of Zealots,,,,0,7,0,0,72421,0,0,0,1,1,1,1,2236,19142,0
114184,Dark Zealots,,,,0,7,0,0,72433,0,0,0,1,1,1,1,28633,0,0
114185,Dark Zealots,,,,0,7,0,0,72443,0,0,0,1,1,1,1,28633,0,0
114186,Dark Zealots,,,,0,7,0,0,72442,0,0,0,1,1,1,1,28633,0,0
114187,Dark Zealots,,,,0,7,0,0,72436,0,0,0,1,1,1,1,28633,0,0
114188,Geist Swarm,,,,0,7,0,0,37302,0,0,0,1,1,1,1,0,0,0
114189,Geist Swarm,,,,0,7,0,0,37301,0,0,0,1,1,1,1,0,0,0
114190,Geist Swarm,,,,0,7,0,0,25327,0,0,0,1,1,1,1,0,0,0
114191,Geist Swarm,,,,0,7,0,0,25170,0,0,0,1,1,1,1,0,0,0
114192,Pack of Ghouls,,,,0,7,0,0,519,0,0,0,1,1,1,1,0,0,0
114193,Pack of Ghouls,,,,0,7,0,0,570,0,0,0,1,1,1,1,0,0,0
114194,Pack of Ghouls,,,,0,7,0,0,547,0,0,0,1,1,1,1,0,0,0
114195,Pack of Ghouls,,,,0,7,0,0,559,0,0,0,1,1,1,1,0,0,0
114196,Ebon Knights,,,,0,7,0,0,63575,0,0,0,1,1,1,1,117049,0,0
114197,Ebon Knights,,,,0,7,0,0,72258,0,0,0,1,1,1,1,117049,0,0
114198,Ebon Knights,,,,0,7,0,0,72265,0,0,0,1,1,1,1,117049,0,0
114199,Ebon Knights,,,,0,7,0,0,63578,0,0,0,1,1,1,1,117049,0,0
114200,Ebon Ravagers,,,,0,7,0,0,25999,0,0,0,1,1,1,1,51905,0,0
114201,Ebon Ravagers,,,,0,7,0,0,72269,0,0,0,1,1,1,1,51905,0,0
114202,Ebon Ravagers,,,,0,7,0,0,72274,0,0,0,1,1,1,1,51905,0,0
114203,Ebon Ravagers,,,,0,7,0,0,72275,0,0,0,1,1,1,1,51905,0,0
114242,Helda the Breaker,,,,0,7,0,0,62670,62666,62662,62659,0,0,1,0,42331,0,0
114243,Kelissa Stilwell,,,,0,7,0,0,62670,62666,62662,62659,0,0,0,1,42331,0,0
114250,Gelbin Mekkatorque,,"High Tinker, King of Gnomes",,1,7,0,0,7006,0,0,0,1,1,1,1,0,0,0
114254,Disturbed Energy,,,,0,10,0,3,73346,0,0,0,1,1,1,1,0,0,0
114256,Feltongue Corruptor,,,,0,3,0,0,73487,0,0,0,1,1,1,1,128962,0,0
114269,Rooksguard Soldier,,,,0,7,0,0,72631,72632,72633,72634,1,1,1,1,0,0,0
114285,Rooksguard Soldier,,,,0,7,0,0,72631,72632,72633,72634,1,1,1,1,0,0,0
114286,Priestess of the Moon,,,,0,7,0,0,72825,72830,72831,0,1,1,1,0,106833,0,73038
114290,Moon Guard Acolyte,,,,1,7,0,0,73036,73037,73038,73039,1,1,1,1,0,0,0
114303,Spell Seeker Construct,,,,0,9,0,0,63866,0,0,0,1,0,0,0,0,0,0
114332,Illidan Stormrage,,,,0,7,0,0,73204,0,0,0,1,0,0,0,0,0,0
114333,Illidan Stormrage,,,,0,7,0,0,73205,0,0,0,1,0,0,0,0,0,0
114336,Illidan Stormrage,,Captain of the Moon Guard,,1,7,0,0,73207,0,0,0,1,0,0,0,0,0,0
114341,Guarm,,,,1,10,0,3,169,38795,0,0,0,1,0,0,0,0,0
114343,Guarm,,,,1,10,0,3,169,38795,0,0,0,1,0,0,0,0,0
114344,Guarm,,,,1,10,0,3,169,38795,0,0,0,1,0,0,0,0,0
114350,Shade of Medivh,,,,1,7,0,0,73834,0,0,0,1,1,1,1,28067,0,0
114359,Tyrande Whisperwind,,,,0,7,0,0,73234,0,0,0,1,1,1,1,0,0,0
114462,The Curator,,,,1,9,0,0,16841,0,0,0,1,1,1,1,0,0,0
114474,Duskwatch Highblade,,,,0,7,0,0,73503,0,0,0,1,1,0,0,132170,132170,0
114480,Duskwatch Observer,,,,0,7,0,0,71601,71600,0,0,1,1,0,0,132170,0,0
114517,Marksman Bow - Alt 7,,,,0,10,0,3,73298,0,0,0,1,0,0,0,0,0,0
114543,Igneous Flameling,,,,0,12,0,0,73308,0,0,0,1,0,0,0,0,0,0
114550,Khadgar's Upgraded Servant,,,,1,4,0,0,73322,0,0,0,1,0,0,0,0,0,0
114561,Khadgar's Upgraded Servant,,,,1,4,0,0,73322,0,0,0,1,0,0,0,0,0,0
114562,Khadgar's Upgraded Servant,,,,1,4,0,0,73322,0,0,0,1,0,0,0,0,0,0
114581,Nat Pagle,,Master Fisherman,,0,7,0,0,13099,0,0,0,0,0,0,0,116826,0,0
114617,Risen Saber,,,,0,6,0,0,65222,0,0,0,1,0,0,0,0,0,0
114623,Disturbed Energy,,,,0,10,0,3,73346,0,0,0,1,1,1,1,0,0,0
114705,Magnar Icebreaker,,,,1,6,0,0,73391,0,0,0,1,0,0,0,137263,140748,0
114768,Algromon,,,,0,3,0,0,64062,0,0,0,1,0,0,0,0,0,0
114788,Valarjar Thundercaller,,,,1,7,0,0,67277,67278,67279,0,1,2,2,0,36543,0,0
114790,Viz'aduum the Watcher,,,,1,7,0,0,73709,0,0,0,1,1,1,1,0,0,0
114793,Fal'dorei Slicer,,,,0,7,0,0,68737,0,0,0,1,0,0,0,0,0,0
114806,Darren's Test NPC,,,,0,7,0,0,856,0,0,0,1,0,0,0,33301,0,0
114807,Darren's Test NPC,,,,0,7,0,0,856,0,0,0,1,1,1,1,33301,0,0
114808,Darren's Test NPC,,,,0,7,0,0,856,0,0,0,1,0,0,0,33301,0,0
114831,Arcane Staff - Alt Stick,,,,0,10,0,3,73489,0,0,0,1,0,0,0,0,0,0
114838,Tyrande Whisperwind,,,,1,7,0,0,39623,0,0,0,1,0,0,0,0,0,0
114841,Lady Liadrin,,Blood Knight Matriarch,,1,7,0,0,61971,0,0,0,1,1,1,1,163831,163832,0
114845,Pyrestar Demolisher,,,,0,9,0,0,47695,0,0,0,1,1,1,1,0,0,0
114865,Dawnguard Magus,,,,0,7,0,0,26071,26072,26073,26074,0,0,1,1,0,0,0
114866,Silver Covenant Guardian Mage,,,,1,7,0,0,26067,26068,26069,26070,1,1,1,1,43619,0,0
114869,Soul Engine Executioner,,,,1,3,0,0,62553,0,0,0,1,0,0,0,0,0,0
114876,Vengeful Wrathguard,,,,0,3,0,0,68040,0,0,0,1,0,0,0,138422,138422,0
114879,Animus Golem,,,,1,9,0,0,47652,0,0,0,1,0,0,0,0,0,0
114880,Dawnguard Bloodknight,,,,0,7,0,0,47721,47722,47723,47724,1,1,1,1,27405,27406,0
114889,Shal'dorei Civilian,,,,0,7,0,0,70011,70016,70017,70018,1,1,1,1,0,0,0
114892,Withering Civilian,,,,0,7,0,0,71988,71989,72001,72002,1,1,1,1,0,0,0
114896,Glaive Thrower,,,,0,9,0,0,29642,0,0,0,1,1,1,1,0,0,0
114897,Darnassus Sentinel,,,,0,7,0,0,46522,46523,46524,46525,1,1,1,1,91793,0,13147
114898,Nightsaber,,,,0,1,2,0,62588,0,0,0,1,1,1,1,0,0,0
114899,Sentinel Owl,,,,0,1,26,3,64330,0,0,0,1,0,0,0,0,0,0
114902,Blackmange,,Brashtide Cannoneer,,1,7,0,0,73548,0,0,0,1,1,1,1,107254,54880,0
114904,Soul Engine Jailer,,,,0,3,0,0,73535,0,0,0,1,0,0,0,0,0,0
114908,First Arcanist Thalyssra,,,,0,7,0,0,67345,0,0,0,1,0,0,0,132171,0,0
114909,Archmage Khadgar,,,,1,7,0,0,65834,0,0,0,1,0,0,0,28067,0,0
114910,Duskwatch Bladedancer,,,,0,7,0,0,73537,73538,0,0,1,1,0,0,132170,132170,0
114911,Duskwatch Warcaster,,,,0,7,0,0,73539,73540,0,0,1,1,0,0,132171,132170,0
114912,Duskwatch Spellblocker,,,,0,7,0,0,73541,0,0,0,1,0,0,0,132170,137253,0
114914,Dalion,,Armsmaster of the Duskwatch,,0,7,0,0,73542,0,0,0,1,0,0,0,137255,137258,0
114915,Andaris Narassin,,First Arcanist of the Duskwatch,,0,7,0,0,73543,0,0,0,1,0,0,0,137256,19366,0
114916,Combat Construct,,,,0,9,0,0,67171,0,0,0,1,0,0,0,0,0,0
114917,Conjured Familiar,,,,0,4,0,0,72850,71126,0,0,1,1,0,0,0,0,0
114918,Trained Mana Saber,,,,0,1,0,0,61926,61928,61927,0,1,1,1,0,0,0,0
114931,Nightfallen Rebel,,,,0,7,0,0,71587,66859,67365,71231,1,1,1,1,34284,27496,0
114934,Banner,,,,0,7,0,0,67954,0,0,0,0,1,1,1,0,0,0
114941,Stuffshrew,,Ogrewatch,,1,7,0,0,73563,0,0,0,1,1,1,1,0,29949,29949
114943,Grief Warden,,Enmity Moose,,1,1,0,0,73564,0,0,0,1,1,1,1,0,0,0
114944,Sonny,,Thwack U,,1,7,0,0,73553,0,0,0,1,1,1,1,0,0,0
114945,Wes,,Thwack U,,1,7,0,0,73571,0,0,0,1,1,1,1,0,0,0
114950,Effects Bunny,,,,1,3,0,0,65939,11686,0,0,0,1,0,0,0,0,0
114951,Hudson,,Ogrewatch,,1,7,0,0,73988,0,0,0,1,1,1,1,0,0,0
114955,Dole Dastardly,,Ogrewatch,,1,7,0,0,73579,0,0,0,1,1,1,1,0,66953,66953
114959,Soul Engine Hound,,,,0,3,0,0,73659,0,0,0,1,0,0,0,0,0,0
114963,Vereesa Windrunner,,Ranger-General of the Silver Covenant,,1,7,0,0,28222,0,0,0,1,0,0,0,0,0,42140
114966,General Bret Hughes,,,,1,7,0,0,67690,0,0,0,1,0,0,0,923,0,0
114980,Steingardt,,Ogrewatch,,1,7,0,0,73600,0,0,0,1,1,1,1,139621,0,0
114995,Silver Covenant Warmage,,,,0,7,0,0,26067,26068,26069,26070,1,1,1,1,43619,0,0
115023,Burnstachio,,,,1,7,0,0,74633,0,0,0,1,0,0,0,0,0,0
115026,Helhound,,,,0,6,52,0,64467,0,0,0,1,1,1,1,0,0,0
115027,Fel Spreader,,,,0,10,0,3,73612,0,0,0,1,1,1,1,0,0,0
115037,Fel Spreader,,,,0,10,0,3,73612,0,0,0,1,1,1,1,0,0,0
115039,Archmage Khadgar,,,,1,7,0,0,65834,0,0,0,1,0,0,0,28067,0,0
115040,Ray D. Tear,,The Eighteenth,,1,6,0,0,73698,0,0,0,1,1,1,1,0,0,0
115056,Felwing Devourer,,,,0,3,0,3,65204,65202,65203,0,1,1,1,0,0,0,0
115058,Johnny Awesome,,,,1,7,0,0,73752,0,0,0,1,1,1,1,0,0,125367
115065,Fel Imp,,,,6,3,0,0,62652,62015,62653,0,0,1,0,0,0,0,0
115067,Silgryn,,,,0,7,0,0,68890,0,0,0,1,0,0,0,132170,132170,0
115078,Arluelle,,,,0,7,0,0,73864,0,0,0,1,0,0,0,132170,0,0
115079,Victoire,,Duskwatch Deserter,,0,7,0,0,73514,0,0,0,1,0,0,0,137254,0,0
115081,Deline,,Gondolier,,0,7,0,0,69990,0,0,0,1,0,0,0,0,0,0
115087,Rat,,,,0,8,0,0,1141,1418,2176,0,2,2,1,0,0,0,0
115091,Elekk,,,,0,1,300,0,54388,0,0,0,1,1,1,1,0,0,0
115092,Arcanist Valtrois,,,,0,7,0,0,73854,0,0,0,1,0,0,0,0,0,0
115094,Chief Telemancer Oculeth,,,,0,7,0,0,73853,0,0,0,1,0,0,0,0,0,0
115095,First Arcanist Thalyssra,,,,0,7,0,0,67345,0,0,0,1,0,0,0,132171,0,0
115096,Silgryn,,,,0,7,0,0,68890,0,0,0,1,0,0,0,132170,0,0
115098,Elisande,,Grand Magistrix,,1,7,0,0,71560,0,0,0,1,0,0,0,0,0,0
115099,Lady Liadrin,,Blood Knight Matriarch,,1,7,0,0,61971,0,0,0,1,1,1,1,163831,163832,0
115100,Tyrande Whisperwind,,,,1,7,0,0,39623,0,0,0,1,0,0,0,0,0,0
115102,Archmage Khadgar,,,,1,7,0,0,65834,0,0,0,1,0,0,0,28067,0,0
115104,Vereesa Windrunner,,Ranger-General of the Silver Covenant,,1,7,0,0,28222,0,0,0,1,0,0,0,0,0,42140
115106,Arluelle,,,,0,7,0,0,73864,0,0,0,1,0,0,0,132170,0,0
115135,Dreadmaw,,,,0,12,0,0,73661,73662,0,0,1,1,0,0,0,0,0
115136,Snobold Runt,,,,0,12,0,0,73663,0,0,0,1,0,0,0,0,0,0
115137,Nerubian Swarmer,,,,0,12,0,0,59766,0,0,0,1,1,1,1,0,0,0
115138,Magma Rageling,,,,0,12,0,0,73671,0,0,0,1,1,1,1,0,0,0
115139,Ironbound Proto-Whelp,,,,0,12,0,3,26740,0,0,0,1,1,1,1,0,0,0
115140,Runeforged Servitor,,,,0,12,0,0,73673,0,0,0,1,1,1,1,0,0,0
115141,Sanctum Cub,,,,0,12,0,0,29819,73675,0,0,9,1,1,1,0,0,0
115142,Winter Rageling,,,,0,12,0,0,73684,0,0,0,1,1,1,1,0,0,0
115143,Snaplasher,,,,0,12,0,0,73689,73690,0,0,1,1,1,1,0,0,0
115144,G0-R41-0N Ultratonk,,,,0,12,0,0,73692,0,0,0,1,1,1,1,0,0,0
115145,Creeping Tentacle,,,,0,12,0,0,73694,73695,73696,0,1,1,1,1,0,0,0
115146,Boneshard,,,,0,12,0,0,73697,0,0,0,1,0,0,0,0,0,0
115147,Blood Boil,,,,0,12,0,0,73699,0,0,0,1,0,0,0,0,0,0
115148,Blightbreath,,,,0,12,0,0,73704,73705,0,0,1,1,0,0,0,0,0
115149,Soulbroken Whelpling,,,,0,12,0,3,73706,0,0,0,1,0,0,0,0,0,0
115150,Drudge Ghoul,,,,0,12,0,0,73707,0,0,0,1,0,0,0,0,0,0
115152,Wicked Soul,,,,0,12,0,0,73708,0,0,0,1,0,0,0,0,0,0
115158,Stardust,,,,0,12,0,0,68857,0,0,0,1,0,0,0,0,0,0
115172,Thar'zul,,,,1,3,0,0,66036,0,0,0,1,1,1,1,139022,0,0
115185,Slippy,,,,1,1,0,0,47244,0,0,0,1,0,0,0,0,0,0
115210,Fel Painmaiden,,,,0,3,0,0,10927,10926,0,0,1,1,0,0,0,0,0
115211,Fel Cursethrower,,,,0,3,0,0,63526,0,0,0,1,0,0,0,0,0,0
115215,Resistant Withered,,,,0,7,0,0,68238,68237,68239,0,1,1,1,0,0,0,0
115233,Carl,,,,1,1,0,0,73718,0,0,0,1,1,1,1,0,0,0
115238,Lured Withered,,,,0,7,0,0,68238,68237,68239,0,1,1,1,0,0,0,0
115245,B3@7 B-0X,,,,1,9,0,0,55350,0,0,0,1,1,1,1,0,0,0
115256,Viz'aduum the Watcher,,,,1,7,0,2,73728,0,0,0,1,1,1,1,0,0,0
115262,Moroes,,Tower Steward,,0,6,0,0,73731,0,0,0,1,0,0,0,23481,23481,0
115267,Andaris Narassin,,First Arcanist of the Duskwatch,,0,7,0,0,73543,0,0,0,1,0,0,0,0,0,0
115268,Darion Strongblade,,Armsmaster of the Duskwatch,,0,7,0,0,73542,0,0,0,1,0,0,0,132170,0,0
115271,Ancient Shieldguard,,,,1,9,0,0,67171,0,0,0,1,0,0,0,0,0,0
115278,Undead Steward,,,,0,6,0,0,73957,0,0,0,0,0,0,0,23481,23481,0
115286,Crysa,,Flying Pet Tamer,,0,7,0,0,74035,0,0,0,1,0,0,0,18805,19346,0
115292,Ulrich Forgeworth,,Hammer of the Bronzebeards,,1,7,0,0,73758,0,0,0,1,1,1,1,124373,124373,0
115293,Baroness Dorothea Millstipe,,,,1,6,0,0,73813,0,0,0,1,0,0,0,28739,0,0
115294,Altor Direvith,,Fire of the Dark Iron,,1,7,0,0,73735,0,0,0,1,1,1,1,0,0,0
115295,Arstad the Wild,,The Wildhammer Storm,,1,7,0,0,73757,0,0,0,1,1,1,1,0,0,0
115298,Baron Rafe Dreuger,,,,1,6,0,0,73812,0,0,0,1,0,0,0,14082,0,0
115299,Lord Crispin Ference,,,,1,6,0,0,73814,0,0,0,1,0,0,0,13165,12893,0
115306,Cosmos,,,,0,12,0,0,73745,0,0,0,1,0,0,0,0,0,0
115307,Algalon the Observer,,Celestial Pet Tamer,,0,7,0,0,73748,0,0,0,1,0,0,0,0,0,0
115308,Comet,,,,0,12,0,0,73746,0,0,0,1,0,0,0,0,0,0
115309,Spawn Conversation Kill Credit,,,,0,7,0,0,65100,0,0,0,1,0,0,0,0,0,0
115310,Upper Promenade Conversation Kill Credit,,,,0,7,0,0,65100,0,0,0,1,0,0,0,0,0,0
115311,City Entrance Conversation Kill Credit,,,,0,7,0,0,65100,0,0,0,1,0,0,0,0,0,0
115313,Constellatius,,,,0,12,0,0,73747,0,0,0,1,1,1,1,0,0,0
115314,Terrace of Order Conversation Kill Credit,,,,0,7,0,0,65100,0,0,0,1,0,0,0,0,0,0
115315,Artisan's Gallery Conversation Kill Credit,,,,0,7,0,0,65100,0,0,0,1,0,0,0,0,0,0
115316,Waning Crescent Conversation Kill Credit,,,,0,7,0,0,65100,0,0,0,1,0,0,0,0,0,0
115317,Bazaar Conversation Kill Credit,,,,0,7,0,0,65100,0,0,0,1,0,0,0,0,0,0
115320,Aargoss,,,,0,7,0,0,73604,0,0,0,1,0,0,0,0,0,0
115321,Havi,,,,0,7,0,0,64593,0,0,0,1,0,0,0,0,0,0
115322,Victoire,,,,0,7,0,0,73514,0,0,0,1,0,0,0,0,0,0
115323,Odyn,,,,0,7,0,0,67230,0,0,0,1,0,0,0,0,0,0
115324,Animus Golem,,,,1,9,0,0,47652,0,0,0,1,0,0,0,0,0,0
115325,Dawnguard Bloodknight,,,,0,7,0,0,47721,47722,47723,47724,1,1,1,1,27405,27406,0
115326,Lady Liadrin,,Blood Knight Matriarch,,1,7,0,0,61971,0,0,0,1,1,1,1,163831,163832,0
115327,Darnassus Sentinel,,,,0,7,0,0,46522,46523,46524,46525,1,1,1,1,91793,0,13147
115328,Tyrande Whisperwind,,,,1,7,0,0,39623,0,0,0,1,0,0,0,0,0,0
115342,Chief Telemancer Oculeth,,,,0,7,0,0,73853,0,0,0,1,0,0,0,0,0,0
115352,Maw - Alt 3,,,,0,10,0,3,73765,0,0,0,1,0,0,0,0,0,0
115353,Claws of Ursoc - Alt 6 - Proto Bear,,,,0,10,0,0,74269,0,0,0,1,0,0,0,0,0,0
115354,Beat Box,,,,1,9,0,0,57090,0,0,0,1,0,0,0,0,0,0
115355,Assass Dagger - Alt 6,,,,0,10,0,3,73766,0,0,0,1,0,0,0,0,0,0
115356,Demo Dagger - Alt 5,,,,0,10,0,3,73767,0,0,0,1,0,0,0,0,0,0
115357,Senya,,,,1,1,0,0,73772,0,0,0,1,1,1,1,0,0,0
115358,Hippo,,,,1,1,0,0,73771,0,0,0,1,1,1,1,0,0,0
115362,Doug,,,,1,1,0,0,73776,0,0,0,1,0,0,0,0,0,0
115363,Tanner,,,,1,1,0,0,73777,0,0,0,1,0,0,0,0,0,0
115366,First Arcanist Thalyssra,,,,0,7,0,0,67345,0,65100,0,1,0,0,0,132171,0,0
115367,Archmage Khadgar,,,,1,7,0,0,65834,0,0,0,1,0,0,0,28067,0,0
115371,Arcanist Valtrois,,,,0,7,0,0,73854,0,0,0,1,0,0,0,0,0,0
115372,First Arcanist Thalyssra,,,,0,7,0,0,67345,0,0,0,1,0,0,0,132171,0,0
115374,Chief Telemancer Oculeth,,,,0,7,0,0,73853,0,0,0,1,0,0,0,0,0,0
115375,Archmage Khadgar,,,,1,7,0,0,65834,0,0,0,1,0,0,0,28067,0,0
115404,Huln Highmountain,,,,1,7,0,0,65465,0,0,0,1,0,0,0,128808,0,0
115426,Medivh,,,,1,7,0,0,18718,0,0,0,1,1,1,1,0,0,0
115427,Nielas Aran,,,,1,7,0,0,73804,0,0,0,1,1,1,1,0,0,0
115435,Telemancy Trap,,,,0,10,0,0,73810,0,0,0,1,0,0,0,0,0,0
115438,Moroes,,Tower Steward,,0,6,0,0,73731,0,0,0,1,0,0,0,0,0,0
115439,Baron Rafe Dreuger,,,,0,6,0,0,73818,0,0,0,1,0,0,0,0,0,0
115440,Baroness Dorothea Millstipe,,,,0,6,0,0,73819,0,0,0,1,0,0,0,0,0,0
115441,Lord Crispin Ference,,,,0,6,0,0,73820,0,0,0,1,0,0,0,0,0,0
115464,Archmage Khadgar,,,,1,7,0,0,65834,0,0,0,1,0,0,0,28067,0,0
115465,Archmage Modera,,Kirin Tor,,1,7,0,0,63776,0,0,0,1,1,1,1,35781,0,0
115466,Archmage Ansirem Runeweaver,,Kirin Tor,,1,7,0,0,67193,0,0,0,1,0,0,0,12182,0,0
115467,Archmage Kalec,,Kirin Tor,,1,7,0,0,38491,0,0,0,1,0,0,0,0,0,0
115468,Archmage Karlain,,Kirin Tor,,1,7,0,0,61993,0,0,0,1,0,0,0,50725,0,0
115483,Conjurer Weinhaus,,,,0,7,0,0,28177,0,0,0,1,0,0,0,0,0,0
115491,Medivh,,,,1,7,0,0,18718,0,0,0,1,1,1,1,0,0,0
115492,Firelord Smolderon,,Lord of the Firelands,,0,4,0,0,74738,0,0,0,1,0,0,0,71557,0,0
115503,Arcanist Valtrois,,,,0,7,0,0,73854,0,0,0,1,0,0,0,0,0,0
115504,Archmage Khadgar,,,,1,7,0,0,65834,0,0,0,1,0,0,0,28067,0,0
115505,Chief Telemancer Oculeth,,,,0,7,0,0,73853,0,0,0,1,0,0,0,0,0,0
115506,First Arcanist Thalyssra,,,,0,7,0,0,67345,0,65100,0,1,0,0,0,132171,0,0
115508,Ly'leth Lunastre,,,,0,7,0,0,70210,0,0,0,1,0,0,0,0,0,0
115510,Archmage Khadgar,,,,0,8,0,3,32546,0,0,0,1,1,1,1,0,0,0
115517,Magus Sendath,,,,0,7,0,0,26071,0,0,0,1,0,0,0,0,0,0
115520,Arcane Familiar,,,,0,4,0,0,61125,0,0,0,1,0,0,0,0,0,0
115521,Sentinel Moonshade,,,,0,7,0,0,46522,0,0,0,1,0,0,0,91793,0,13147
115524,Arcanist Valtrois,,,,0,7,0,0,73854,0,0,0,1,0,0,0,0,0,0
115528,Minor Pulsauron,,,,0,7,0,0,70249,0,0,0,1,1,0,0,0,0,0
115529,Lesser Chaotid,,,,6,7,0,0,59044,0,0,0,1,1,0,0,0,0,0
115535,Skulking Assassin,,,,0,7,0,0,73867,0,0,0,1,0,0,0,132170,132170,0
115543,Archmage Xylem,,,,1,7,0,0,73863,0,0,0,1,0,0,0,29688,0,0
115545,Imp Mother,,,,1,7,0,0,73865,0,0,0,1,0,0,0,0,0,0
115551,Phantom Valet,,,,0,6,0,0,73868,0,0,0,1,1,1,1,0,0,0
115556,Thunderaan,,The Windlord,,1,4,0,0,34128,0,0,0,0,0,0,0,137225,0,0
115637,Master Paku,,,,0,7,0,0,41568,65995,0,0,0,1,0,0,0,0,0
115639,Dancer,,,,0,7,0,0,73927,0,0,0,1,1,1,1,0,0,0
115645,Master Paku,,,,0,7,0,0,41568,0,0,0,1,1,1,1,0,0,0
115649,Dancer,,,,0,7,0,0,73911,0,0,0,1,1,1,1,0,0,0
115650,Dancer,,,,0,7,0,0,73912,0,0,0,1,1,1,1,0,0,0
115651,Dancer,,,,0,7,0,0,73932,0,0,0,1,1,1,1,0,0,0
115652,Dancer,,,,0,7,0,0,73909,0,0,0,1,1,1,1,0,0,0
115654,Dancer,,,,0,7,0,0,73910,0,0,0,1,1,1,1,0,0,0
115660,Zen Orb,,,,0,10,0,0,65892,11686,0,0,0,1,0,0,0,0,0
115662,Dancer,,,,0,7,0,0,73930,0,0,0,1,1,1,1,0,0,0
115684,Kirin Tor Peacekeeper,,,,1,7,0,0,68480,48000,47999,0,2,1,3,0,43617,0,0
115685,Tyrande Whisperwind,,,,1,7,0,0,39623,0,0,0,1,0,0,0,0,0,0
115686,Lady Liadrin,,Blood Knight Matriarch,,1,7,0,0,61971,0,0,0,1,1,1,1,163831,163832,0
115688,The Rat Prince,,,,1,3,0,0,65273,0,0,0,1,0,0,0,0,0,0
115693,Arcanist Valtrois,,,,0,7,0,0,73854,0,0,0,1,0,0,0,0,0,0
115698,Dancer,,,,0,7,0,0,73928,0,0,0,1,1,1,1,0,0,0
115700,Stellagosa,,,,0,2,0,3,64545,0,0,0,1,0,0,0,0,0,0
115709,First Arcanist Thalyssra,,,,1,7,0,0,67345,0,0,0,1,0,0,0,132171,0,0
115710,Chief Telemancer Oculeth,,,,0,7,0,0,73853,0,0,0,1,0,0,0,0,0,0
115712,Dancer,,,,0,7,0,0,73933,0,0,0,1,1,1,1,0,0,0
115717,Dancer,,,,0,7,0,0,73935,0,0,0,1,1,1,1,0,0,0
115718,Dancer,,,,0,7,0,0,73936,0,0,0,1,1,1,1,0,0,0
115736,First Arcanist Thalyssra,,,,0,7,0,0,67345,65100,0,0,1,0,1,1,132171,0,0
115784,Snowfeather Hatchling,,,,0,12,0,0,70071,0,0,0,1,0,0,0,0,0,0
115785,Direbeak Hatchling,,,,0,12,0,0,70070,0,0,0,1,0,0,0,0,0,0
115786,Sharptalon Hatchling,,,,0,12,0,0,70069,0,0,0,1,0,0,0,0,0,0
115787,Bloodgazer Hatchling,,,,0,12,0,0,70068,0,0,0,1,0,0,0,0,0,0
115793,Zoopownia,,The Hip Hoppotamus,,1,7,0,0,53607,0,0,0,1,1,1,1,0,0,0
115798,First Arcanist Thalyssra,,,,0,7,0,0,67345,0,0,0,1,0,0,0,132171,0,0
115799,Andaris Narassin,,First Arcanist of the Duskwatch,,0,7,0,0,73543,0,0,0,1,0,0,0,0,0,0
115800,Withered Soldier,,,,0,7,0,0,68238,68237,68239,0,1,1,1,0,0,0,0
115808,Ly'leth Lunastre,,,,0,7,0,0,74659,0,0,0,1,0,0,0,0,0,0
115809,Felborne Marauder,,,,0,7,0,0,71895,0,0,0,1,0,0,0,137257,137257,0
115833,Place or Remove Flag,,,,0,10,0,0,47399,27823,0,0,0,1,1,1,0,0,0
115839,Ghostly Parrot,,,,0,12,0,3,5207,0,0,0,1,1,1,1,0,0,0
115840,Arcanist Valtrois,,,,0,7,0,0,73854,0,0,0,1,0,0,0,0,0,0
115848,Highlord Kruul,,,,1,3,0,0,73968,0,0,0,1,0,0,0,13623,0,0
115867,Vanthir,,,,0,7,0,0,73873,0,0,0,1,0,0,0,0,0,0
115878,Stellagosa,,,,0,2,0,0,64545,0,0,0,1,0,0,0,0,0,0
115888,War Eagle,,,,1,1,26,3,70260,0,0,0,1,0,0,0,0,0,0
115901,Shal'dorei Infiltrator,,,,0,7,0,0,66563,73850,0,0,1,0,0,0,132170,132170,0
115915,Alliance Soldier,,,,0,7,0,0,53840,53909,53835,53910,1,1,1,1,1899,143,0
115916,Horde Grunt,,,,0,7,0,0,63360,63361,74078,74077,1,1,1,1,90032,0,0
115918,Dutiful Squire,,,,0,12,0,0,73244,0,0,0,1,1,1,1,0,0,0
115919,Dutiful Gruntling,,,,0,12,0,0,73245,0,0,0,1,1,1,1,0,0,0
115920,Horde Sharpshooter,,,,0,7,0,0,59176,59177,59178,59179,1,1,1,1,67463,0,67463
115921,Alliance Rifleman,,,,0,7,0,0,53107,53108,55344,55345,1,1,1,1,73460,0,73460
115924,Dawnguard Magus,,,,0,7,0,0,26071,26072,26073,26074,0,0,1,1,0,0,0
115926,Darnassus Sentinel,,,,0,7,0,0,46522,46523,46524,46525,1,1,1,1,91793,0,13147
115987,Experimental Withered,,,,0,7,0,0,68238,68237,68239,0,1,1,1,0,0,0,0
115988,Hungering Withered,,,,0,7,0,0,68238,68237,68239,0,1,1,1,0,0,0,0
116037,Resistant Withered,,,,0,7,0,0,68238,68237,68239,0,1,1,1,0,0,0,0
116046,Webbed Victim,,,,0,10,0,0,24925,0,0,0,1,0,0,0,0,0,0
116077,Swoop,,,,0,12,0,3,74038,0,0,0,1,1,1,1,0,0,0
116078,Buzz,,,,0,12,0,3,74036,0,0,0,1,0,0,0,0,0,0
116079,Cherry,,,,0,12,0,3,74037,0,0,0,1,0,0,0,0,0,0
116080,Albino Buzzard,,,,0,12,0,3,74036,0,0,0,1,0,0,0,0,0,0
116081,Fel-Vulnerable Withered,,,,0,7,0,0,68238,68237,68239,0,1,1,1,0,0,0,0
116087,Arcanist Valtrois,,,,0,7,0,0,73854,0,0,0,1,0,0,0,0,0,0
116106,Resistant Withered,,,,0,7,0,0,68238,68237,68239,0,1,1,1,0,0,0,0
116109,Stalker,,,,0,10,0,0,1126,11686,0,0,0,1,0,0,0,0,0
116146,Illidan Stormrage,,,,1,7,0,0,27571,0,0,0,1,0,0,0,32632,32633,0
116166,Eye of Gurgh,,,,2,3,0,0,76140,0,0,0,1,0,0,0,0,0,0
116168,Snowshoe Hare,,,,0,8,0,0,328,0,0,0,0,0,0,0,0,0,0
116188,Mother Bilegland,,,,1,3,0,3,72943,0,0,0,1,0,0,0,0,0,0
116198,Nightsaber,,,,0,1,0,0,62588,0,0,0,1,1,1,1,0,0,0
116206,Felsoul Wrathguard,,,,0,3,0,0,68040,0,0,0,1,0,0,0,138422,138422,0
116236,Darren's Test NPC,,,,0,7,0,0,856,0,0,0,1,0,0,0,33301,0,0
116249,Rat,,,,0,8,0,0,1141,1418,2176,0,2,2,1,0,0,0,0
116254,Teleporter Kill Credit,,,,0,7,0,0,13069,0,0,0,1,0,0,0,0,0,0
116313,Demon Kill Credit,,,,0,10,0,0,0,11686,0,0,0,1,0,0,0,0,0
116316,Zirux,,,,4,3,0,0,68330,0,0,0,1,0,0,0,0,0,0
116348,Bone Broodmother Kill Credit,,,,0,10,0,0,0,11686,0,0,0,1,0,0,0,0,0
116351,Andaris Narassin,,First Arcanist of the Duskwatch,,0,7,0,3,74164,0,0,0,1,0,0,0,0,0,0
116353,Invisible Stalker - Cosmetic Souls,,,,0,7,0,0,46003,41199,0,0,0,1,0,0,0,0,0
116354,Meatball,,,,0,7,0,0,501,0,0,0,1,0,0,0,0,0,0
116355,Gnoll,,,,1,7,0,0,501,0,0,0,1,0,0,0,0,0,0
116363,Kill Credit: Ancient Guidance Boss,,,,0,7,0,0,13069,0,0,0,1,0,0,0,0,0,0
116364,Sentinel Petrai,,Repairs,,0,7,0,0,74170,0,0,0,1,0,0,0,91793,0,13147
116369,Simulacra,,,,0,12,0,0,11686,0,0,0,0,0,0,0,0,0,0
116372,Arluelle,,,,0,7,0,0,73864,0,0,0,1,0,0,0,132170,0,0
116436,Arinor the Portalmaster,,,,0,3,0,0,74210,0,0,0,1,0,0,0,0,0,0
116441,Archmage Kalec,,Kirin Tor,,1,7,0,0,38491,0,0,0,1,0,0,0,0,0,0
116470,Felbound Spirit,,,,0,7,0,0,74216,0,0,0,1,0,0,0,119457,119457,0
116479,Eredar Overseer,,,,0,3,0,0,63822,63823,63828,63829,1,1,1,1,75010,127580,0
116488,Druid of the Antler,,,,0,7,0,0,64500,64501,64498,64499,1,1,1,1,0,0,0
116490,Kyra Lightblade,,Illidari Flight Master,,1,7,0,0,74222,0,0,0,1,0,0,0,128358,128372,0
116492,Invisible Man,,,,0,10,0,0,169,74224,0,0,0,1,1,1,0,0,0
116493,Brawl Bouncer,,,,0,7,0,0,46792,0,0,0,1,1,1,0,0,0,0
116539,Topps,,,,1,1,138,0,47233,0,0,0,1,1,1,1,0,0,0
116575,Withered Swarmer,,,,0,7,0,0,68238,68237,68239,0,1,1,1,0,0,0,0
116582,Legion Battleship,,,,0,10,0,3,72861,0,0,0,1,0,0,0,0,0,0
116621,Demissya Gladestrider,,Illidari Provisioner's Assistant,,0,7,0,0,74266,0,0,0,1,0,0,0,5597,5597,0
116624,Mother Mirenda,,,,0,3,0,3,65647,0,0,0,1,0,0,0,0,0,0
116647,Delas Moonfang,,,,0,7,0,0,71930,0,0,0,1,1,1,1,128366,0,0
116692,Serpent of Old,,,,1,1,138,0,74285,0,0,0,1,1,1,1,124368,124368,0
116695,Val'kyr of Odyn,,,,0,7,0,3,67158,0,0,0,1,0,0,0,0,0,0
116697,Illidan Stormrage,,,,1,7,0,0,27571,0,0,0,1,0,0,0,0,0,0
116702,Roland Abernathy,,,,0,7,0,0,74292,0,0,0,1,0,0,0,0,0,0
116704,Kor'vas Bloodthorn,,Illidari,,1,7,0,0,66159,0,0,0,1,1,1,1,128358,128372,0
116705,Lady S'theno,,Coilskar Captain,,0,7,0,0,74843,0,0,0,1,0,0,0,120477,0,0
116714,Ritssyn Flamescowl,,Council of the Black Harvest,,0,7,0,0,65975,0,0,0,1,1,1,1,110248,0,0
116715,Nightfallen Rebel,,,,0,7,0,0,71587,66859,67365,71231,1,1,1,1,0,0,0
116724,Lady S'theno,,Coilskar Captain,,0,7,0,0,60790,0,0,0,1,0,0,0,120477,0,0
116733,Chief Telemancer Oculeth,,,,0,7,0,0,73853,0,0,0,1,0,0,0,0,0,0
116734,Arcanist Valtrois,,,,0,7,0,0,73854,0,0,0,1,0,0,0,0,0,0
116738,Lady Liadrin,,Blood Knight Matriarch,,1,7,0,0,61971,0,0,0,1,1,1,1,163831,163832,0
116739,Tyrande Whisperwind,,,,1,7,0,0,39623,0,0,0,1,0,0,0,0,0,0
116740,Archmage Khadgar,,,,1,7,0,0,65834,0,0,0,1,0,0,0,28067,0,0
116742,Loramus Thalipedes,,Class Hall Upgrades,,1,3,0,0,70806,0,0,0,1,0,0,0,0,0,0
116743,Shadowmaster Aameen,,,,1,7,0,0,74331,0,0,0,1,1,1,1,127337,0,0
116769,Ride to Acherus Kill Credit,,,,0,10,0,0,0,11686,0,0,0,1,0,0,0,0,0
116782,Darren's Test NPC,,,,0,7,0,0,856,0,0,0,1,0,0,0,33301,0,0
116784,Feltongue Corruptor,,,,0,3,0,0,73487,0,0,0,1,1,1,1,128962,0,0
116786,Deviate Smallclaw,,,,0,14,0,0,74340,0,0,0,1,1,1,1,0,0,0
116787,Deviate Flapper,,,,0,14,0,0,74341,0,0,0,1,1,1,1,0,0,0
116788,Deviate Chomper,,,,0,14,0,0,74339,0,0,0,1,1,1,1,0,0,0
116789,Son of Skum,,,,1,14,0,0,74342,0,0,0,1,1,1,1,0,0,0
116790,Vilefang,,Lord Cobrahn's Companion,,1,14,0,0,74344,0,0,0,1,1,1,1,0,0,0
116791,Dreadcoil,,Lord Pythas' Companion,,1,14,0,0,4317,0,0,0,1,1,1,1,0,0,0
116792,Phyxia,,Lady Anacondra's Companion,,1,14,0,0,31631,0,0,0,1,1,1,1,0,0,0
116793,Hiss,,Lord Serpentis' Companion,,1,14,0,0,74343,0,0,0,1,1,1,1,0,0,0
116794,Growing Ectoplasm,,,,1,14,0,0,74345,0,0,0,1,1,1,1,0,0,0
116795,Budding Everliving Spore,,,,1,14,0,0,1084,0,0,0,1,1,1,1,0,0,0
116804,Scene Actor,,,,0,10,0,0,1126,11686,0,0,0,1,1,1,0,0,0
116815,Duskwatch Spellblade,,,,0,7,0,0,73541,0,0,0,1,0,0,0,137255,137258,0
116829,Test NPC,,,,0,3,0,0,59487,0,0,0,1,0,0,0,0,0,0
116831,Verdan the Everliving,,,,1,4,0,0,4256,0,0,0,1,1,1,1,0,0,0
116833,Vrykul Kill Credit,,,,0,10,0,0,0,11686,0,0,0,1,0,0,0,0,0
116838,Portal to Pit of Saron Kill Credit,,,,0,10,0,0,0,11686,0,0,0,1,0,0,0,0,0
116855,Ash'katzuum,,,,1,7,0,0,74366,0,0,0,1,1,1,1,0,19366,0
116856,Gaseous Fel,,,,0,10,0,0,1126,11686,0,0,0,1,0,0,0,0,0
116858,Danica the Reclaimer,,,,0,7,0,2,73300,0,0,0,1,0,0,0,140345,0,0
116867,Vethir,,,,1,2,0,3,68213,0,0,0,1,0,0,0,0,0,0
116871,Crackers,,,,0,12,0,3,58823,0,0,0,1,0,0,0,0,0,0
116875,Invisible Stalker,,,,0,12,0,3,26240,0,0,0,1,0,0,0,0,0,0
116882,Felguard Invader,,,,1,3,0,0,72664,0,0,0,1,0,0,0,113046,0,0
116887,Lunar Lantern,,,,0,12,0,3,39163,0,0,0,0,0,0,0,0,0,0
116889,Festival Lantern,,,,0,12,0,3,39333,0,0,0,0,0,0,0,0,0,0
116904,Gateway,,,,0,10,0,3,20324,27823,0,0,0,1,0,0,0,0,0
116921,Manasaber,,,,0,1,2,0,61926,0,0,0,1,0,0,0,0,0,0
116929,Brewmaster Blanche,,,,1,7,0,0,42067,0,0,0,0,0,0,0,95593,0,0
116946,Malfurion Stormrage,,,,1,7,0,0,35095,0,0,0,1,0,0,0,0,0,0
116952,D'Bynn,,,,1,1,2,0,72883,0,0,0,1,0,0,0,0,0,0
116960,Stormforged Valarjar,,,,0,7,0,0,67361,67937,67938,0,1,1,1,0,137174,140748,0
116969,Kirin Tor Invoker,,,,0,7,0,0,72357,72353,72356,70992,1,1,1,1,0,0,0
116971,Tirisgarde Apprentice,,,,0,7,0,0,70984,72352,72337,72350,1,1,1,1,0,0,0
117022,Glaive Thrower,,,,0,9,0,0,74406,0,0,0,1,1,1,1,0,0,0
117023,Glaive Thrower,,,,0,9,0,0,74407,0,0,0,1,1,1,1,0,0,0
117024,Nightsaber,,,,0,1,2,0,74408,0,0,0,1,1,1,1,0,0,0
117030,Roland Abernathy,,,,0,7,0,0,74292,0,0,0,1,0,0,0,0,0,0
117042,Prophet Velen,,,,1,7,0,0,17822,0,0,0,1,1,1,1,35714,0,0
117044,Prophet Velen,,,,1,7,0,0,17822,0,0,0,1,0,0,0,35714,0,0
117077,Bill the Janitor,,Brawler's Guild Custodial Engineer,,1,7,0,0,74419,0,0,0,1,1,1,1,3362,0,0
117087,Animated Broom,,,,0,7,0,0,74428,0,0,0,1,1,1,1,0,0,0
117089,Inquisitor Chillbane,,,,2,3,0,0,67378,0,0,0,1,0,0,0,0,0,0
117093,Felbringer Xar'thok,,,,2,3,0,0,67324,0,0,0,1,0,0,0,139022,0,0
117094,Malorus the Soulkeeper,,,,2,3,0,0,74429,0,0,0,1,0,0,0,0,0,0
117096,Potionmaster Gloop,,,,2,3,0,0,64632,0,0,0,1,0,0,0,0,0,0
117099,Demon Kill Credit,,,,0,10,0,0,0,11686,0,0,0,1,0,0,0,0,0
117102,Mindbreaker Gzzaj,,,,1,15,0,0,39269,0,0,0,1,0,0,0,0,0,0
117107,Priestess Halla,,,,0,7,0,0,68941,0,0,0,1,1,1,1,0,0,0
117113,Spawn of Gzzaj,,,,1,15,0,0,32709,0,0,0,1,0,0,0,0,0,0
117121,ArneTest - Baine Bloodhoof,,High Chieftain,,1,7,0,0,66086,0,0,0,1,0,0,0,58367,0,0
117133,Ooliss,,,,1,15,0,0,74442,0,0,0,1,1,1,1,0,0,0
117136,Doombringer Zar'thoz,,,,2,3,0,0,68312,0,0,0,1,0,0,0,0,0,0
117140,Salethan the Broodwalker,,,,2,3,0,0,76061,0,0,0,1,0,0,0,0,0,0
117141,Malgrazoth,,,,2,3,0,0,72964,0,0,0,1,0,0,0,28365,0,0
117145,Doomflipper,,,,1,1,0,0,61339,0,0,0,1,1,1,1,0,0,0
117146,Mazhareen,,,,1,1,0,0,28649,0,0,0,1,1,1,1,0,0,0
117147,Valkyra Aspirant,,,,0,7,0,0,68954,0,0,0,1,1,1,1,124548,89116,140345
117156,Legion Endbringer,,,,0,3,0,0,74464,0,0,0,1,0,0,0,124524,0,0
117169,Strange Behemoth,,,,1,1,138,0,74466,0,0,0,1,0,0,0,0,0,0
117171,Skylord Omnuron,,,,1,7,0,0,68648,0,0,0,1,1,1,1,0,0,0
117179,Strange Thing,,,,1,7,0,0,74467,0,0,0,1,1,1,1,0,0,0
117180,Everliving Spore,,,,0,12,0,0,74468,0,0,0,1,0,0,0,0,0,0
117182,Cavern Moccasin,,,,0,12,0,0,74469,26846,74470,74471,1,2,2,2,0,0,0
117183,Stranger,,,,0,7,0,0,112,29204,2579,2588,1,1,1,1,0,0,0
117184,Young Venomfang,,,,0,12,0,3,74472,74473,0,0,1,1,0,0,0,0,0
117193,Agronox,,Corrupted Caretaker,,1,4,0,0,74482,0,0,0,1,1,1,1,0,0,0
117194,Thrashbite the Scornful,,,,1,7,0,0,76022,0,0,0,1,1,1,1,143630,0,0
117199,Runeseer Faljar,,,,1,7,0,0,64593,0,0,0,1,1,1,1,0,0,0
117203,Cat,,,,0,1,2,0,31475,74485,74486,74487,1,1,1,1,0,0,0
117206,Strange Horse,,,,0,1,299,0,69274,69275,69709,69710,1,1,1,1,0,0,0
117207,a Seagull,,,,1,1,0,0,39490,0,0,0,1,1,1,1,0,0,0
117208,a Seagull,,The Real End Boss,,1,1,0,0,39490,0,0,0,1,1,1,1,0,0,0
117234,Captain Angelica,,,,0,7,0,0,70770,0,0,0,1,0,0,0,0,0,0
117239,Brutallus,,,,2,3,0,0,66677,0,0,0,1,1,1,1,0,0,0
117281,Felguard Legionnaire,,,,0,3,0,0,7970,62277,0,0,1,1,0,0,0,0,0
117288,Demon Kill Credit,,,,0,10,0,0,0,11686,0,0,0,1,0,0,0,0,0
117290,Virulent Imp,,,,0,3,0,0,67959,0,0,0,1,0,0,0,0,0,0
117291,Jadepyre Magus,,,,0,3,0,0,74370,74453,74454,74455,1,1,1,1,128962,0,0
117296,Ascended the Peak Credit,,,,0,10,0,0,0,11686,0,0,0,1,0,0,0,0,0
117303,Malificus,,,,2,3,0,0,63619,0,0,0,1,1,1,1,0,0,0
117305,Brewer Almai,,,,1,7,0,0,43408,0,0,0,0,0,0,0,93799,0,0
117313,Celestial,,,,0,1,0,0,70208,0,0,0,0,0,0,0,0,0,0
117340,Dibbler,,,,0,12,0,0,74513,0,0,0,1,0,0,0,0,0,0
117341,Naxxy,,,,0,12,0,3,74514,0,0,0,1,0,0,0,0,0,0
117343,Hearthy,,,,0,12,0,0,74515,0,0,0,1,1,1,1,0,0,0
117371,Trashy,,,,0,12,0,0,74520,0,0,0,1,0,0,0,0,0,0
117392,Effects Bunny,,,,1,3,0,0,65939,11686,0,0,0,1,0,0,0,0,0
117406,Gunpowder Lit Credit,,,,0,10,0,0,0,11686,0,0,0,1,0,0,0,0,0
117437,Leyline,,,,0,10,0,0,1126,11686,0,0,0,1,0,0,0,0,0
117442,Cenarius,,,,1,7,0,0,66177,0,0,0,1,0,0,0,0,0,0
117444,Archmage Kalec,,Kirin Tor,,1,2,0,0,23487,0,0,0,1,0,0,0,0,0,0
117445,Odyn,,,,0,7,0,0,67230,0,0,0,1,0,0,0,0,0,0
117447,Skyhorn Interceptor,,,,0,7,0,0,65478,0,0,0,1,0,0,0,0,0,36628
117451,War Eagle,,,,1,1,26,3,70260,0,0,0,1,0,0,0,0,0,0
117455,Arcane Familiar,,,,0,4,0,0,61125,0,0,0,1,0,0,0,0,0,0
117456,Archmage Ansirem Runeweaver,,Kirin Tor,,1,7,0,0,67193,0,0,0,1,0,0,0,12182,0,0
117457,Archmage Modera,,Kirin Tor,,1,7,0,0,63776,0,0,0,1,0,0,0,35781,0,0
117462,Minerva Ravensorrow,,,,0,7,0,0,64614,0,0,0,1,0,0,0,41261,0,0
117470,Si'vash,,,,2,7,0,0,74528,0,0,0,1,1,1,1,0,0,0
117472,The Great Akazamzarak,,,,1,7,0,0,68004,0,0,0,1,1,1,1,0,0,0
117477,Lilian Voss,,,,0,7,0,0,67721,0,0,0,1,0,0,0,49340,49340,0
117478,Princess Tess Greymane,,,,0,7,0,0,53598,0,0,0,1,0,0,0,5284,5284,0
117479,Eitrigg,,,,1,7,0,0,65757,0,0,0,1,0,0,0,10612,107339,0
117480,Lord Darius Crowley,,,,0,7,0,0,34161,0,0,0,1,0,0,0,54877,54878,0
117481,Lady S'theno,,Coilskar Captain,,1,7,0,0,60790,0,0,0,1,0,0,0,120477,0,0
117483,Coilskar Brute,,,,0,7,0,0,66814,0,0,0,1,1,1,1,120477,0,0
117488,Magatha Grimtotem,,Elder Crone,,1,7,0,0,74531,0,0,0,1,0,0,0,63084,0,0
117493,Grimtotem Warrior,,,,2,7,0,0,32457,0,0,0,1,1,0,0,134781,134781,0
117497,Aethas Sunreaver,,,,1,7,0,0,26770,0,0,0,1,0,0,0,35781,0,0
117499,The Great Akazamzarak,,,,0,7,0,0,68004,0,0,0,1,1,1,1,0,0,0
117500,Nighthuntress Syrenne,,,,1,7,0,0,66261,0,0,0,1,0,0,0,137254,0,0
117503,Kanrethad Ebonlocke,,,,0,7,0,0,46573,0,0,0,1,0,0,0,0,0,0
117504,Brewer Almai,,,,0,7,0,0,43408,0,0,0,1,1,1,1,93799,0,0
117508,Thisalee Crow,,,,1,7,0,0,32254,0,0,0,1,0,0,0,56004,0,0
117509,Skittering Demon,,,,0,1,3,0,65922,0,0,0,1,1,1,1,0,0,0
117523,Eligor Dawnbringer,,Brotherhood of the Light,,0,7,0,0,73522,0,0,0,1,0,0,0,18876,0,0
117524,Maximillian of Northshire,,Knight-Errant,,0,7,0,0,60700,0,0,0,1,0,0,0,10823,18825,0
117525,Aelthalyste,,,,0,6,0,0,10723,0,0,0,1,1,1,1,0,0,0
117535,Minerva Ravensorrow,,,,0,7,0,0,64614,0,0,0,1,0,0,0,41261,0,0
117541,Demon Kill Credit,,,,0,10,0,0,0,11686,0,0,0,1,0,0,0,0,0
117546,Felblade Devastator,,,,0,3,0,0,14152,0,0,0,1,0,0,0,72260,0,0
117582,Mephistroth,,,,1,3,0,3,74999,0,0,0,1,0,0,0,0,0,0
117599,Demon Portal,,,,1,3,0,0,74564,0,0,0,1,0,0,0,0,0,0
117610,Effects Bunny,,,,1,3,0,0,11686,0,0,0,1,0,0,0,0,0,0
117638,Brewmaster Blanche,,,,1,7,0,0,42067,0,0,0,0,0,0,0,95593,0,0
117642,Lady S'theno,,Coilskar Captain,,1,7,0,0,60790,0,0,0,1,0,0,0,120477,0,0
117656,General Purpose Stalker,,,,0,10,0,0,47399,11686,0,0,0,1,0,0,0,0,0
117658,Rock Viper,,,,0,8,0,0,4268,36544,0,0,1,1,1,1,0,0,0
117674,Muln Earthfury,,Earthen Ring,,0,7,0,0,38658,0,0,0,1,0,0,0,27862,0,0
117687,(Background) M/A/D/A/M,,Ship Computer,,0,10,0,0,11686,0,0,0,1,0,0,0,0,0,0
117692,Magni Bronzebeard,,The Speaker,,1,9,0,0,71764,0,0,0,1,0,0,0,45437,0,0
117694,Brann Bronzebeard,,,,1,9,0,0,26353,0,0,0,1,0,0,0,1910,0,0
117695,Betild Deepanvil,,Master Artificer,,1,9,0,0,67763,0,0,0,1,0,0,0,144036,0,0
117700,Vrykul Female Caster,,,,0,7,0,0,68941,0,0,0,1,1,1,1,0,0,0
117706,Fel Stormdrake,,,,1,2,0,0,74580,0,0,0,0,0,0,0,0,0,0
117749,Pimento,,Maximillian's Steed,,0,1,299,0,31072,0,0,0,0,1,1,1,0,0,0
117753,Oso,,,,1,1,0,0,74594,0,0,0,1,1,1,1,0,0,0
117759,Frost,,,,1,7,0,0,74595,0,0,0,1,1,1,1,0,0,17072
117762,Arcane Golem,,,,0,4,0,0,23431,0,0,0,1,0,0,0,0,0,0
117765,Kirin Tor Invoker,,,,0,7,0,0,72357,72353,72361,70988,1,1,1,1,0,0,0
117778,Cooling Slag Globule,,,,0,15,0,0,4754,0,0,0,1,0,0,0,0,0,0
117787,Demon Kill Credit,,,,0,10,0,0,0,11686,0,0,0,1,0,0,0,0,0
117854,Doomstone Overload Kill Credit,,,,0,10,0,0,0,11686,0,0,0,1,0,0,0,0,0
117860,Frost,,,,1,7,0,0,11686,0,0,0,1,1,1,1,0,0,0
117865,Ritssyn Flamescowl,,,,0,7,0,0,65975,0,0,0,1,0,0,0,0,0,0
117867,Shinfel Blightsworn,,,,0,5,0,0,65979,0,0,0,1,0,0,0,0,0,0
117868,Jubeka Shadowbreaker,,,,0,7,0,0,46572,0,0,0,1,0,0,0,0,0,0
117871,War Councilor Victoria,,Kirin Tor,,1,7,0,0,74621,0,0,0,1,1,1,1,143916,0,0
117873,Illidan Stormrage,,,,1,7,0,0,74146,0,0,0,1,0,0,0,150732,150732,0
117904,Firelord Smolderon,,Lord of the Firelands,,0,4,0,0,38793,0,0,0,0,0,0,0,71557,0,0
117932,Imp Gang,,,,0,12,0,0,74632,0,0,0,1,1,1,1,0,0,0
117934,Sissix,,Master Pet Tamer,,0,7,0,0,74634,0,0,0,1,0,0,0,0,0,0
117950,Madam Viciosa,,Master Pet Tamer,,0,7,0,0,75771,0,0,0,1,0,0,0,0,0,0
117951,Nameless Mystic,,Master Pet Tamer,,0,7,0,0,74635,0,0,0,1,0,0,0,0,0,0
117955,Felfire Supplicant,,Cult of the Green Flame,,0,7,0,0,73979,73978,0,0,1,1,0,0,128093,37134,0
117974,Illidan Stormrage,,,,1,7,0,0,27571,0,0,0,1,0,0,0,150732,150732,0
117979,Fido,,,,0,12,0,0,48661,0,0,0,1,1,1,1,0,0,0
117980,Seer's Eye,,,,0,12,0,2,60930,0,0,0,1,1,1,1,0,0,0
117981,Flickering Fel,,,,0,12,0,0,45923,0,0,0,1,1,1,1,0,0,0
117982,Imply,,,,0,12,0,0,48662,0,0,0,1,1,1,1,0,0,0
117983,Rover,,,,0,12,0,0,62466,0,0,0,1,1,1,1,0,0,0
117985,Seduction,,,,0,12,0,0,61892,0,0,0,1,1,1,1,0,0,0
117986,Living Pool,,,,0,12,0,0,48666,0,0,0,1,1,1,1,0,0,0
117987,Tia Mia and Larry,,,,0,12,0,0,61887,0,0,0,1,1,1,1,0,0,0
117988,Rock Lobster,,,,0,12,0,0,57803,0,0,0,1,1,1,1,0,0,0
118009,Maximillian of Northshire,,Knight-Errant,,0,7,0,0,60700,0,0,0,1,0,0,0,10823,18825,0
118010,Maximillian of Northshire,,Knight-Errant,,0,7,0,0,74489,0,0,0,1,0,0,0,10823,18825,0
118040,Fel Worm Egg,,,,0,10,0,0,74652,0,0,0,1,1,1,1,0,0,0
118052,Prophet Velen,,,,1,7,0,0,74655,0,0,0,1,0,0,0,35714,0,0
118060,Infinite Hatchling,,,,0,12,0,3,74657,0,0,0,1,1,1,1,0,0,0
118063,Paradox Spirit,,,,0,12,0,0,74700,0,0,0,1,1,1,1,0,0,0
118087,Kraken Eggs Bunny,,,,0,10,0,0,11686,0,0,0,1,0,0,0,0,0,0
118104,Shandris Feathermoon,,,,0,5,0,0,2035,0,0,0,1,0,0,0,0,0,0
118109,Alya,,,,0,7,0,0,56802,0,0,0,1,1,1,1,78477,0,0
118112,Kirin Tor Guardian,,,,1,7,0,0,68480,47997,47999,48000,2,2,3,1,43617,0,0
118137,Fleet Admiral Tethys,,,,1,7,0,0,67215,0,0,0,1,1,1,1,2179,1897,25277
118142,Rakeeshi Demon,,,,0,10,0,0,0,11686,0,0,0,1,0,0,0,0,0
118181,Nanners,,,,0,1,0,0,74701,0,0,0,1,0,0,0,0,0,0
118223,Sea Giant Pillager,,,,1,5,0,0,66810,66809,66811,0,1,1,1,0,0,0,0
118245,Cinematic Stalker,,,,6,7,0,2,19283,23980,0,0,1,0,0,0,0,0,0
118312,Demon Kill Credit,,,,0,10,0,0,0,11686,0,0,0,1,0,0,0,0,0
118322,Felborne Punisher,,,,0,7,0,0,71895,70879,0,0,1,1,0,0,133178,0,0
118348,Injured Shieldbearer,,,,0,7,0,0,71010,0,0,0,1,1,1,1,0,0,0
118390,Toiling Collector,,,,0,3,0,0,64480,0,0,0,1,0,0,0,0,0,0
118402,Succubus,,,,1,3,17,0,4162,0,0,0,1,0,0,0,0,0,0
118403,Syaith,,Loaner Demon,,1,3,17,0,76213,0,0,0,1,0,0,0,0,0,0
118406,Injured Shieldmaiden,,,,0,7,0,0,74391,0,0,0,1,1,1,1,0,0,0
118411,Blob Bunny,,,,0,10,0,0,1126,11686,0,0,0,1,0,0,0,0,0
118423,Injured Invoker,,,,0,7,0,0,72549,0,0,0,1,1,1,1,0,0,0
118424,Injured Bandit,,,,0,7,0,0,71426,0,0,0,1,1,1,1,0,0,0
118425,Injured Adept,,,,0,7,0,0,61909,0,0,0,1,1,1,1,0,0,0
118427,Injured Earthcaller,,,,0,7,0,0,71130,0,0,0,1,1,1,1,0,0,0
118428,Injured Conjuror,,,,0,7,0,0,70984,0,0,0,1,1,1,1,0,0,0
118429,Injured Archer,,,,0,7,0,0,71234,0,0,0,1,1,1,1,0,0,0
118430,Injured Initiate,,,,0,7,0,0,68999,0,0,0,1,1,1,1,0,0,0
118431,Injured Druid of the Claw,,,,0,7,0,0,73134,0,0,0,1,1,1,1,0,0,0
118432,Injured Acolyte,,,,0,7,0,0,72369,0,0,0,1,1,1,1,0,0,0
118433,Injured Ebon Knight,,,,0,7,0,0,63575,0,0,0,1,1,1,1,0,0,0
118447,Commander Jarod Shadowsong,,,,1,7,0,0,72771,0,0,0,1,1,1,1,45266,45287,0
118448,Granny Marl,,,,1,7,0,0,74776,0,0,0,1,1,1,1,0,0,3430
118449,Kanrethad Ebonlocke,,,,0,7,0,0,46573,0,0,0,1,0,0,0,0,0,0
118451,Callie Carrington,,,,1,7,0,0,74759,0,0,0,1,1,1,1,59616,59616,52052
118458,Fel Bat,,,,0,3,0,3,65202,0,0,0,1,0,0,0,0,0,0
118476,Thisalee Crow,,,,1,7,0,0,32254,0,0,0,1,0,0,0,56004,0,0
118494,Rooksguard Adjutant,,,,0,6,0,0,74767,0,0,0,1,1,1,1,61346,0,0
118496,Feltalon Ripper,,,,0,7,0,3,74886,0,0,0,1,0,0,0,0,0,0
118497,Spell Stalker,,,,0,10,0,0,1126,11686,0,0,0,1,0,0,0,0,0
118498,Feltalon Hag,,,,0,7,0,3,74887,0,0,0,1,0,0,0,0,0,0
118499,Feltalon Roostmother,,,,1,3,0,3,67569,0,0,0,1,0,0,0,0,0,0
118506,Sunreaver Spellblade,,,,0,7,0,0,47522,47519,47094,47090,1,1,1,1,45727,94256,0
118566,Lord Commander Alexius,,,,1,3,0,0,74813,0,0,0,1,0,0,0,0,0,0
118568,Delas Moonfang,,,,0,7,0,0,71930,0,0,0,1,0,0,0,0,0,0
118569,Amal'thazad,,,,1,6,0,0,25468,0,0,0,1,0,0,0,0,0,0
118616,Lord Darius Crowley,,,,0,7,0,0,34161,0,0,0,1,0,0,0,54877,54878,0
118617,Eitrigg,,,,0,7,0,0,65757,0,0,0,1,0,0,0,10612,107339,0
118618,Kanrethad Ebonlocke,,,,0,7,0,0,46573,0,0,0,1,0,0,0,0,0,0
118619,Magatha Grimtotem,,Elder Crone,,0,7,0,0,74531,0,0,0,1,0,0,0,63084,0,0
118620,Lilian Voss,,,,0,7,0,0,67721,0,0,0,1,0,0,0,49340,49340,0
118621,Princess Tess Greymane,,,,0,7,0,0,53598,0,0,0,1,0,0,0,5284,5284,0
118622,Torturer Relyn,,,,0,7,0,0,71895,0,0,0,1,0,0,0,0,0,0
118626,Aelthalyste,,,,0,6,0,0,10723,0,0,0,1,1,1,1,0,0,0
118641,Brewer Almai,,,,0,7,0,0,43408,0,0,0,1,1,1,1,93799,0,0
118648,Imp Mother,,,,1,3,0,3,72943,0,0,0,1,0,0,0,0,0,0
118665,The Great Akazamzarak,,,,0,7,0,0,68004,0,0,0,1,1,1,1,0,0,0
118666,Aethas Sunreaver,,,,0,7,0,0,26770,0,0,0,1,0,0,0,35781,0,0
118667,Nighthuntress Syrenne,,,,0,7,0,0,66261,0,0,0,1,0,0,0,137254,0,0
118669,Thisalee Crow,,,,0,7,0,0,32254,0,0,0,1,0,0,0,56004,0,0
118670,Lady S'theno,,Coilskar Captain,,0,7,0,0,74843,0,0,0,1,0,0,0,120477,0,0
118672,Minerva Ravensorrow,,,,0,7,0,0,64614,0,0,0,1,0,0,0,41261,0,0
118679,Deepsurge Tidesinger,,,,0,7,0,0,74846,0,0,0,1,0,0,0,0,0,0
118680,Deepsurge Punisher,,,,0,7,0,0,68084,0,0,0,1,1,1,1,0,0,0
118683,Deepsurge Defender,,,,0,7,0,0,74848,0,0,0,1,0,0,0,54820,0,0
118686,Commander Jarod Shadowsong,,,,1,7,0,0,72771,0,0,0,1,0,0,0,45266,45287,0
118693,Naga Kill Credit,,,,0,10,0,0,0,11686,0,0,0,1,0,0,0,0,0
118709,Wrathguard Invader,,,,0,3,0,0,63994,0,0,0,1,0,0,0,127651,127651,0
118725,Felshore Crab,,,,0,1,8,0,74864,0,0,0,1,0,0,0,0,0,0
118736,Eitrigg,,,,0,7,0,0,65757,0,0,0,1,0,0,0,10612,107339,0
118739,Spider Kill Credit,,,,0,10,0,0,0,11686,0,0,0,1,0,0,0,0,0
118749,Cenarius,,,,1,7,0,0,66177,0,0,0,1,0,0,0,0,0,0
118760,Odyn,,,,1,7,0,0,67230,0,0,0,1,0,0,0,0,0,0
118762,Damrul the Stronk,,,,1,7,0,0,64668,0,0,0,1,0,0,0,0,0,0
118772,Asrea Moonblade,,,,1,7,0,0,75511,0,0,0,1,1,1,0,137254,0,0
118775,Omanawkwa Steelhoof,,,,1,7,0,0,74940,0,0,0,1,0,0,0,56193,56173,0
118778,Val'kyr of Odyn,,,,1,7,0,0,67161,0,0,0,1,0,0,0,0,0,0
118786,Deadwood Felcaster,,,,0,7,0,3,74887,0,0,0,1,0,0,0,0,0,0
118788,Deadwood Featherblade,,,,0,7,0,3,74886,0,0,0,1,0,0,0,0,0,0
118793,Nerus Moonfang,,,,0,7,0,0,74218,0,0,0,1,0,0,0,0,0,0
118794,Nighthuntress Lexera,,,,0,7,0,0,74842,0,0,0,1,0,0,0,0,0,0
118795,Nighthuntress Syrenne,,,,0,7,0,0,66261,0,0,0,1,0,0,0,0,0,0
118796,Rivermane Shaman,,Rivermane Tribe,,0,7,0,0,65482,65483,0,0,0,1,1,1,55369,119725,0
118803,Aelthalyste,,,,0,7,0,0,10723,0,0,0,1,0,0,0,0,0,0
118824,The Great Akazamzarak,,,,0,7,0,0,75670,0,0,0,1,1,1,1,0,0,0
118826,Lord Darius Crowley,,,,0,7,0,0,34161,0,0,0,1,0,0,0,54877,54878,0
118841,Void Slave,,,,0,3,0,0,60636,0,0,0,1,0,0,0,0,0,0
118846,Void Expulsion,,,,6,3,0,0,18082,0,0,0,1,0,0,0,0,0,0
118850,Stampeding Felsteed,,,,0,1,0,0,51651,0,0,0,1,0,0,0,0,0,0
118851,Eredar Voidweaver,,,,0,3,0,0,74368,74457,74458,0,1,1,1,1,35109,0,0
118855,Aspirant Thyri,,,,1,7,0,0,68954,0,0,0,1,0,1,1,124548,89116,140345
118856,Magatha Grimtotem,,Elder Crone,,0,7,0,0,74531,0,0,0,1,0,0,0,63084,0,0
118860,Nerus Moonfang,,,,0,7,0,0,74218,0,0,0,1,0,0,0,45076,113178,0
118866,Ozzuk the Corrupter,,,,0,3,0,0,69256,0,0,0,1,0,0,0,0,0,0
118868,Nerus Moonfang,,,,0,7,0,0,74218,0,0,0,1,0,0,0,45076,113178,0
118871,Nighthuntress Syrenne,,,,0,7,0,0,66261,0,0,0,1,0,0,0,137254,0,0
118873,Dreadlord,,,,0,3,0,0,62555,0,0,0,1,0,0,0,0,0,0
118876,Corrine the Devout,,,,0,7,0,0,73985,0,0,0,1,0,0,0,0,0,0
118881,Lord Darius Crowley,,,,0,7,0,0,34161,0,0,0,1,0,0,0,54877,54878,0
118882,Eitrigg,,,,1,7,0,0,65757,0,0,0,1,0,0,0,10612,107339,0
118897,Command Center,,,,1,10,0,3,74928,11686,0,0,1,0,0,0,0,0,0
118923,Fel Reaver,,,,1,3,0,0,68324,0,0,0,1,1,0,0,0,0,0
118925,Felconsumed Victim,,,,0,7,0,0,70036,70038,65487,66145,1,1,1,1,0,0,0
118938,Stranger,,,,0,7,0,0,21256,11691,2575,2584,1,1,1,1,0,0,0
118943,Felborne Abjurer,,,,0,7,0,0,74103,74745,0,0,1,1,1,1,140089,0,0
118947,Commander Jarod Shadowsong,,,,1,7,0,0,72771,0,0,0,1,0,0,0,45266,45287,0
118965,Aelthalyste,,,,0,6,0,0,10723,0,0,0,1,1,1,1,0,0,0
118981,Corrupted Rooksguard,,,,0,6,0,0,74767,0,0,0,1,0,0,0,61346,0,0
118993,Dreadeye,,,,2,3,0,0,75013,0,0,0,1,0,0,0,0,0,0
119015,Prowling Shadowstalker,,,,0,3,0,0,62512,0,0,0,1,0,0,0,0,0,0
119025,Aethas Sunreaver,,,,0,7,0,0,26770,0,0,0,1,0,0,0,35781,0,0
119040,Tylarr Gronnden,,,,0,12,0,0,59026,0,0,0,1,1,1,1,0,0,0
119053,Xorothian Cultist,,,,0,7,0,0,75038,75062,75063,75064,1,1,1,1,0,0,0
119055,Thisalee Crow,,,,0,7,0,0,32254,0,0,0,1,0,0,0,56004,0,0
119057,Banshee,,,,0,6,0,0,10723,0,0,0,1,1,1,1,0,0,0
119058,Banshee,,,,0,6,0,0,10723,0,0,0,1,1,1,1,0,0,0
119059,Tirisgarde Apprentice,,,,0,7,0,0,26770,0,0,0,1,0,0,0,35781,0,0
119060,Tirisgarde Apprentice,,,,0,7,0,0,26770,0,0,0,1,0,0,0,35781,0,0
119061,Greywatch Mauler,,,,0,7,0,0,67833,0,0,0,1,0,0,0,54877,54878,0
119062,Greywatch Mauler,,,,0,7,0,0,67833,0,0,0,1,0,0,0,54877,54878,0
119064,Warsong Warrior,,,,0,7,0,0,60003,0,0,0,1,0,0,0,10612,107339,0
119065,Warsong Warrior,,,,0,7,0,0,60003,0,0,0,1,0,0,0,10612,107339,0
119067,Grimtotem Shaman,,,,0,7,0,0,30395,0,0,0,1,0,0,0,63084,0,0
119068,Grimtotem Shaman,,,,0,7,0,0,30395,0,0,0,1,0,0,0,63084,0,0
119069,Nerus Moonfang,,,,0,7,0,0,74218,0,0,0,1,0,0,0,0,0,0
119077,Dreamgrove Protector,,,,0,7,0,0,73135,0,0,0,1,0,0,0,56004,0,0
119078,Dreamgrove Protector,,,,0,7,0,0,73135,0,0,0,1,0,0,0,56004,0,0
119079,Underbelly Cardslinger,,,,0,7,0,0,29343,0,0,0,1,1,1,1,0,0,0
119080,Underbelly Cardslinger,,,,0,7,0,0,29343,0,0,0,1,1,1,1,0,0,0
119081,Nightborne Huntress,,,,0,7,0,0,66261,0,0,0,1,0,0,0,137254,0,0
119082,Nightborne Huntress,,,,0,7,0,0,66261,0,0,0,1,0,0,0,137254,0,0
119083,Balto,,,,0,12,0,0,75047,0,0,0,1,0,0,0,0,0,0
119089,Thorim's Beacon Kill Credit,,,,0,10,0,0,0,11686,0,0,0,1,0,0,0,0,0
119090,Kirin Tor Guardians,,,,1,7,0,0,68480,0,0,0,2,2,3,1,43617,0,0
119092,Odyn,,,,0,7,0,0,67230,0,0,0,1,0,0,0,0,0,0
119094,Boom Broom,,,,0,7,0,0,75050,0,0,0,1,1,1,1,0,0,0
119130,Illidan Stormrage,,,,1,7,0,0,76249,0,0,0,1,0,0,0,150732,150732,0
119139,Stoneblood Basilisk,,,,0,1,130,0,67022,0,0,0,1,0,0,0,0,0,0
119150,Klunk,,Magnetic Monstrosity,,1,1,0,0,75136,0,0,0,1,1,1,1,0,0,0
119164,Doomguard,,,,0,3,0,0,68312,0,0,0,1,0,0,0,0,0,0
119187,Xorothian Fel Knight,,,,0,3,0,0,75090,75092,75093,75094,1,1,1,1,144456,0,0
119188,Felsteed,,,,0,3,0,0,75091,0,0,0,1,1,1,1,0,0,0
119190,Choking Vines,,,,1,10,0,3,39353,0,0,0,1,1,1,1,0,0,0
119209,Erelyn Moonfang,,,,0,7,0,0,75447,0,0,0,1,0,0,0,0,0,0
119232,Priestess Bryna,,,,0,7,0,0,70690,0,0,0,1,1,1,1,0,0,0
119233,Yngvild the Watcher,,,,0,7,0,0,68907,0,0,0,1,1,1,1,0,0,0
119268,Ebon Knight Frostreavers,,,,0,7,0,0,75638,0,0,0,1,1,1,1,41261,0,0
119271,7th Legion Shock Force,,,,0,7,0,0,62743,0,0,0,1,1,1,1,38211,0,47014
119273,Kor'kron Shock Force,,,,0,7,0,0,76330,0,0,0,1,0,40,0,0,0,0
119274,Emerald Balancer,,,,0,7,0,0,46755,73217,86190,67244,1,1,1,1,0,0,0
119341,Mining Monkey,,,,0,14,0,0,75851,0,0,0,1,1,1,1,0,0,0
119342,Angry Geode,,,,0,14,0,0,75279,0,0,0,1,1,1,1,0,0,0
119343,Klutz's Battle Rat,,,,0,14,0,0,75866,0,0,0,1,1,1,1,0,0,0
119344,Klutz's Battle Bird,,,,0,14,0,0,75844,0,0,0,1,1,1,1,0,0,0
119345,Klutz's Battle Monkey,,,,0,14,0,0,75843,0,0,0,1,1,1,1,0,0,0
119346,Unfortunate Defias,,,,0,14,0,0,75280,0,0,0,1,0,0,0,0,0,0
119386,Wrathsteed,,,,0,3,0,0,74303,0,0,0,1,1,1,1,0,0,0
119388,Chieftain Hatuun,,,,1,7,0,0,75273,0,0,0,1,0,0,0,73363,0,0
119395,Felsiege Infernal,,,,1,3,0,0,62261,0,0,0,1,1,1,1,0,0,0
119397,Aggonar,,King of the Pits,,1,3,0,0,76028,0,0,0,1,1,1,1,28365,0,0
119398,Scorchwing Felspitter,,,,0,3,0,3,68116,0,0,0,1,0,0,0,0,0,0
119407,Cookie's Leftovers,,,,1,14,0,0,75283,0,0,0,1,0,0,0,0,0,0
119408,"""Captain"" Klutz",,,,1,14,0,0,75836,0,0,0,1,0,0,0,0,0,0
119409,Foe Reaper 50,,,,0,14,0,0,5299,0,0,0,1,0,0,0,0,0,0
119422,Kirin Tor Guardian,,,,1,7,0,0,27215,27216,27217,0,1,1,1,0,43091,43092,0
119444,Mail Portal,,,,0,10,0,0,75294,0,0,0,1,0,0,0,0,0,0
119448,Invisible Stalker,,,,0,10,0,0,46003,41199,0,0,0,1,0,0,0,0,0
119453,Felweaver Axtris,,,,1,3,0,0,71290,0,0,0,1,0,0,0,0,0,0
119459,Azure War-Drake,,,,0,10,0,0,28080,0,0,0,1,0,0,0,0,0,0
119498,Bloodbrood Whelpling,,,,0,12,0,3,75315,0,0,0,1,0,0,0,0,0,0
119499,Frostbrood Whelpling,,,,0,12,0,3,75316,0,0,0,1,0,0,0,0,0,0
119500,Vilebrood Whelpling,,,,0,12,0,3,75317,0,0,0,1,0,0,0,0,0,0
119516,Frenzied Dedicant,,,,1,3,0,0,69979,69980,0,0,1,1,1,1,138748,0,0
119517,Frenzied Dedicant,,,,1,3,0,0,0,0,74370,74453,1,1,1,1,138748,0,0
119532,Roland Abernathy,,,,0,7,0,0,74292,0,0,0,1,0,0,0,0,0,0
119536,Test Vrykul,,,,0,7,0,0,74225,0,0,0,1,1,1,1,0,0,0
119545,Nerus Moonfang,,,,0,7,0,0,74218,0,0,0,1,0,0,0,0,0,0
119546,Eredar Felbinder,,,,1,3,0,0,71768,71769,71770,71771,1,1,1,1,0,0,0
119547,Doomguard Destroyer,,,,1,3,0,0,63945,63165,0,0,1,1,0,0,138753,138753,0
119549,Felguard Destroyer,,,,1,3,0,0,18251,18345,0,0,1,1,0,0,24495,0,0
119550,Fel Lord,,,,1,3,0,0,64051,0,0,0,1,0,0,0,134126,0,0
119555,Fel Bat,,,,1,3,0,3,71225,0,0,0,1,0,0,0,0,0,0
119558,Antaen,,,,1,3,0,0,74893,74909,74910,74911,1,1,1,1,0,0,0
119561,Soul Flayer,,,,1,3,0,2,75396,75397,75398,75399,1,1,1,1,138735,0,0
119562,Eredar Demolisher,,,,1,3,0,0,75407,75408,75409,75410,1,1,1,1,0,0,0
119563,Wrathguard Bladeweaver,,,,1,3,0,0,64681,75430,0,0,1,1,0,0,127651,127651,0
119570,Dreadsteed (IGC),,,,0,7,0,0,75510,0,0,0,1,1,1,1,0,0,0
119571,Huntmaster's Loyal Wolfhawk (IGC),"Class Mount, Hunter (IGC)",,,1,1,0,0,73780,0,0,0,1,0,0,0,0,0,0
119601,Mining Monkey,,,,0,1,0,0,75851,0,0,0,1,1,1,1,0,0,0
119602,Vilefiend,,,,0,3,0,0,75678,0,0,0,1,1,1,1,0,0,0
119603,Fel Soulwarden,,,,0,3,0,0,69195,0,0,0,1,1,1,1,0,0,0
119605,Stockades Bonepicker,,,,0,3,0,0,62511,0,0,0,1,1,1,1,0,0,0
119629,Lord Hel'nurath,,,,2,3,0,0,62555,0,0,0,1,1,1,1,0,0,0
119636,Kirin Tor Invoker,,,,0,7,0,0,72364,72360,72356,70992,1,1,1,1,0,0,0
119652,Disc IGC,,,,0,7,0,0,74565,0,0,0,1,1,1,1,0,0,0
119653,Thorim's Flame Kill Credit,,,,0,10,0,0,0,11686,0,0,0,1,0,0,0,0,0
119656,Death Hunter Moorgoth (IGC),,Hunters of Death,,0,7,0,0,66767,0,0,0,1,0,0,0,0,0,28581
119657,"Slrglrglr ""Stabby"" Glrslrslr (IGC)",,Unseen Path Applicant,,0,7,0,0,486,0,0,0,1,1,1,1,2023,0,5870
119659,Kettric (IGC),,,,0,7,0,0,71630,0,0,0,1,0,0,0,0,0,40385
119698,Thundering Tempest (Elemental),,,,0,7,0,0,74144,0,0,0,1,1,1,1,0,0,0
119699,Deathlord's Vilebrood Vanquisher (Blood) (IGC),"Class Mount, Death Knight (Blood) (IGC)",,,1,1,0,0,75313,0,0,0,1,0,0,0,0,0,0
119707,Deathlord's Vilebrood Vanquisher (Frost) (IGC),"Class Mount, Death Knight (Frost) (IGC)",,,1,1,0,0,75314,0,0,0,1,0,0,0,0,0,0
119708,Deathlord's Vilebrood Vanquisher (Unholy) (IGC),"Class Mount, Death Knight (Unholy) (IGC)",,,1,1,0,0,73785,0,0,0,1,0,0,0,0,0,0
119710,Salanar the Horseman (IGC),,,,1,6,0,0,73374,0,0,0,0,0,0,0,38633,0,0
119715,Fel Commander Erixtol,,,,1,3,0,2,68,0,0,0,1,0,0,0,0,0,0
119717,Dread Felguard,,,,0,3,0,0,66003,0,0,0,1,1,1,1,132821,0,0
119720,Hatching Egg,,,,0,10,0,0,71556,0,0,0,1,0,0,0,0,0,0
119727,Mor'zul IGC,,,,0,7,0,0,14565,0,0,0,1,1,1,1,0,0,0
119728,Prophet Velen,,,,1,7,0,0,75801,0,0,0,1,0,0,0,35714,0,0
119729,Illidan Stormrage,,,,1,7,0,0,75059,0,0,0,1,0,0,0,150732,150732,0
119731,Khadgar,,,,0,7,0,0,65834,0,0,0,1,1,1,1,0,0,0
119735,Brewmaster Blanche,,,,1,7,0,0,42067,0,0,0,0,0,0,0,95593,0,0
119736,Thunderaan IGC,,,,0,7,0,0,69205,0,0,0,1,1,1,1,0,0,0
119742,Felguard Invader,,,,1,3,0,0,7970,0,0,0,1,0,0,0,132821,0,0
119750,Shadowguard Ethereal,,,,0,7,0,0,75008,0,0,0,1,1,1,1,0,0,0
119751,Shadowguard Voidcaster,,,,1,7,0,0,76431,0,0,0,1,0,0,0,0,0,0
119754,Deadmines Rat,,,,0,14,0,0,2176,1418,1141,0,1,1,1,1,0,0,0
119756,Deadmines Parrot,,,,0,14,0,0,45561,0,0,0,1,1,1,1,0,0,0
119760,Ironclad Crab,,,,0,14,0,0,1938,0,0,0,1,1,1,1,0,0,0
119762,Fel Broken Shrieker (IGC),"Class Mount, Demon Hunter (IGC)",,,1,1,0,0,75429,0,0,0,1,0,0,0,0,0,0
119765,Spirit of Brewmaster Blanche,,,,1,7,0,0,75492,0,0,0,0,0,0,0,95593,0,0
119768,Legionfall Soldier,,,,0,7,0,0,74939,74933,74934,63759,1,1,1,1,0,0,0
119771,Fel-Poisoned Initiate,,,,0,7,0,0,68997,69168,69167,69166,1,1,1,1,0,0,0
119772,Fel-Poisoned Initiate,,,,0,7,0,0,69043,69003,69045,0,1,1,1,0,0,0,0
119773,Fel-Poisoned Initiate,,,,0,7,0,0,69189,69162,69163,72603,1,1,1,1,0,0,0
119777,Durgan Stonestorm,,The Stormbreaker,,0,7,0,0,75495,0,0,0,1,0,0,0,0,0,0
119778,Rehgar (IGC),,,,0,7,0,0,64946,0,0,0,1,1,1,1,0,0,0
119781,Matron Mother Malevolence,,Illidari,,1,3,0,0,64013,0,0,0,1,0,0,0,0,0,0
119783,Archdruid's Lunarwing Form (Night Elf) (IGC),"Class Mount, Druid (Night Elf) (IGC)",,,1,1,0,0,74305,0,0,0,1,0,0,0,0,0,0
119784,Archdruid's Lunarwing Form (Tauren) (IGC),"Class Mount, Druid (Tauren) (IGC)",,,1,1,0,0,74304,0,0,0,1,0,0,0,0,0,0
119785,Archdruid's Lunarwing Form (Troll) (IGC),"Class Mount, Druid (Troll) (IGC)",,,1,1,0,0,74306,0,0,0,1,0,0,0,0,0,0
119786,Archdruid's Lunarwing Form (Worgen) (IGC),"Class Mount, Druid (Worgen) (IGC)",,,1,1,0,0,74307,0,0,0,1,0,0,0,0,0,0
119787,Farseer Nobundo (IGC),,,,0,7,0,0,71623,0,0,0,1,1,1,1,0,0,0
119789,Muln Earthfury (IGC),,,,0,7,0,0,69535,0,0,0,1,1,1,1,0,0,0
119794,Pocket Cannon,,,,0,12,0,0,75498,0,0,0,1,1,1,1,0,0,0
119803,Thisalee Crow,,,,0,7,0,0,32254,0,0,0,1,0,0,0,57020,0,0
119828,Argussian Vigilant,,,,1,9,0,0,79925,0,0,0,1,0,0,0,153354,153353,0
119829,Gavan (IGC),,,,0,7,0,0,65023,0,0,0,1,1,1,1,0,0,0
119839,Wrathsteed of Xoroth,,,,0,3,0,0,76058,0,0,0,1,1,1,1,0,0,0
119856,Skyhorn Interceptor,,,,0,7,0,0,65478,0,0,0,1,0,0,0,0,0,36628
119885,Ra,,Highkeeper <PH MODEL>,,1,7,0,0,47739,0,0,0,0,0,0,0,0,0,0
119887,InvisibleBunny (IGC),,,,0,7,0,0,23926,0,0,0,1,1,1,1,0,0,0
119888,Ra,,,,1,7,0,0,47739,0,0,0,0,0,0,0,0,0,0
119891,Magni Bronzebeard,,The Speaker,,1,9,0,0,71764,0,0,0,1,0,0,0,45437,0,0
119892,Magni Bronzebeard,,The Speaker,,1,9,0,0,71764,0,0,0,1,0,0,0,0,0,0
119893,Odyn,,,,0,7,0,0,67230,0,0,0,1,0,0,0,0,0,0
119894,Odyn,,Prime Designate,,0,7,0,0,67230,0,0,0,1,0,0,0,0,0,0
119897,Wondrous Library,,,,1,10,0,0,169,38795,0,0,0,1,1,1,0,0,0
119919,FelbrokenShrieker (IGC),,,,0,7,0,0,73783,0,0,0,1,1,1,1,0,0,0
119935,Kor'vas Bloodthorn (IGC),,,,0,7,0,0,66159,0,0,0,1,1,1,1,0,0,0
119936,Belath Dawnblade (IGC),,,,0,7,0,0,60090,0,0,0,1,1,1,1,0,0,0
119937,Jace Darkweaver (IGC),,,,0,7,0,0,60791,0,0,0,1,1,1,1,0,0,0
119970,Infazzar the Shade,,,,1,3,0,0,70603,0,0,0,1,0,0,0,0,0,0
119971,Master Bu,,,,0,7,0,0,76007,0,0,0,1,0,0,0,0,0,0
119972,Ban-Lu,,,,0,1,0,0,75987,0,0,0,1,0,0,0,0,0,0
119980,Cloud,,,,0,4,0,0,75572,0,0,0,1,0,0,0,0,0,0
119998,Nightborne Hunters,,,,1,7,0,0,66261,76297,76298,0,1,0,0,0,137254,0,0
120000,Shivarra,,,,0,3,0,0,22596,0,0,0,0,0,0,0,0,0,0
120001,Earthen Ring Protectors,,,,0,7,0,0,69153,0,0,0,1,1,1,1,58137,57763,0
120005,Felguard Brutes,,,,0,3,0,0,7970,0,0,0,1,0,0,0,133519,133519,0
120006,Hooded Priests,,,,0,7,0,0,67598,0,0,0,1,1,1,1,129394,0,0
120007,Silver Hand Crusaders,,,,0,7,0,0,62942,0,0,0,1,1,1,1,2557,0,0
120008,Ravenholdt Assassins,,Assassin's League,,0,7,0,0,76323,0,0,0,1,1,1,0,55045,55045,0
120010,Masters of Serenity,,,,0,7,0,0,76320,0,0,0,1,0,0,0,83066,83066,0
120024,Felcrawler Broodling,,,,0,8,0,0,66213,0,0,0,1,0,0,0,0,0,0
120036,Dreamgrove Protector,,,,0,7,0,0,73135,0,0,0,1,0,0,0,56004,0,0
120037,WarWyrm (IGC),,,,0,7,0,0,73778,0,0,0,1,1,1,1,0,0,0
120039,Odyn (IGC),,,,0,7,0,0,64975,0,0,0,1,1,1,1,0,0,0
120047,Kalecgos IGC,,,,0,7,0,0,75614,0,0,0,1,1,1,1,0,0,0
120048,War Eagle,,,,1,1,26,3,70260,0,0,0,1,0,0,0,0,0,0
120109,The Great Akazamzarak,,,,1,7,0,0,75631,0,0,0,1,1,1,1,0,0,0
120156,Corrupted Rooksguard,,,,0,6,0,0,74767,0,0,0,1,1,1,1,61346,0,0
120169,Princess Talanji,,,,1,7,0,0,75898,0,0,0,1,1,1,1,126524,0,0
120170,Nathanos Blightcaller,,Champion of the Banshee Queen,,1,7,0,0,86219,0,0,0,1,1,1,1,65795,65795,5258
120171,Rokhan,,,,1,7,0,0,116250,0,0,0,1,1,1,1,182571,0,0
120172,Trade Prince Gallywix,,,,1,7,0,0,75730,0,0,0,1,1,1,1,0,0,0
120173,Zen'tabra,,,,0,7,0,0,68419,73137,0,0,1,0,1,1,0,0,0
120176,Corrupted Idol of Aviana (IGC),,,,0,10,0,0,75633,0,0,0,1,1,1,1,0,0,0
120177,Idol of Aviana (IGC),,,,0,10,0,0,75632,0,0,0,1,1,1,1,0,0,0
120178,Avatar of Aviana (IGC),,,,1,1,0,3,72108,0,0,0,1,1,1,1,0,0,0
120179,Ghoul,,,,0,9,0,0,75660,0,0,0,1,0,0,0,0,0,0
120181,Super Ghoul,,,,0,9,0,0,75661,0,0,0,1,0,0,0,0,0,0
120186,Dragon Bones,,,,0,9,0,0,75666,0,0,0,1,0,0,0,0,0,0
120192,The Great Akazamzarak,,,,0,7,0,0,75670,0,0,0,1,1,1,1,0,0,0
120203,Legion Swarmwing,,,,0,3,0,3,65204,0,0,0,1,0,0,0,0,0,0
120218,Illidan Stormrage,,,,0,3,0,0,74146,0,0,0,1,1,1,0,150732,150732,0
120219,Thisalee Crow,,,,0,7,0,0,32254,0,0,0,1,0,0,0,57020,0,0
120223,Prophet Velen,,,,1,7,0,0,17822,0,0,0,1,0,0,0,35714,0,0
120226,Deadwood Roc,,,,0,1,26,3,65964,0,0,0,1,1,1,1,0,0,0
120243,Matron Mother (IGC),,,,0,7,0,0,21252,0,0,0,1,1,1,1,0,0,0
120271,Invisible Bunny (IGC),,,,0,10,0,0,1126,11686,0,0,0,1,0,0,0,0,0
120299,Thunderaan,,,,0,5,0,0,75586,0,0,0,1,0,0,0,0,0,0
120309,Feral Ghoul,,,,0,6,0,0,24996,24993,24999,24994,1,1,1,1,0,0,0
120323,Weary Lion Seal,,,,0,1,0,0,61339,40519,0,0,1,1,0,0,0,0,0
120324,Finale Kill Credit,,,,0,9,0,0,75661,0,0,0,1,0,0,0,0,0,0
120325,Unlocked Mage Tower - Kill Credit,,,,0,9,0,0,75661,0,0,0,1,0,0,0,0,0,0
120340,Cinematic Stalker,,,,6,7,0,2,19283,23980,0,0,1,0,0,0,0,0,0
120342,Dread Felbat,,,,0,3,0,3,67321,65307,66118,0,1,1,1,1,0,0,0
120350,Unlocked Comand Center - Kill Credit,,,,0,9,0,0,75661,0,0,0,1,0,0,0,0,0,0
120355,Unlocked Nether Disruptor - Kill Credit,,,,0,9,0,0,75661,0,0,0,1,0,0,0,0,0,0
120370,Codex Read Credit,,,,0,9,0,0,75661,0,0,0,1,0,0,0,0,0,0
120372,Prophet Velen,,,,1,7,0,0,17822,0,0,0,1,0,0,0,35714,0,0
120378,"Cedrik ""The Raza"" Fixmantra",,,,0,7,0,0,75757,0,0,0,1,0,0,0,0,0,0
120394,Command Center,,,,1,10,0,3,75767,11686,0,0,1,0,0,0,0,0,0
120397,Scraps,,,,0,12,0,0,75766,0,0,0,1,1,1,1,0,0,0
120430,Chaos Visions,,,,0,3,0,0,38795,0,0,0,1,1,1,1,0,0,0
120431,Command Center,,,,1,10,0,3,75767,11686,0,0,1,0,0,0,0,0,0
120476,Krokul Ridgestalker,,,,0,7,0,0,75142,74923,75146,75182,1,0,0,0,107134,0,0
120506,Iceburg,,,,0,9,0,0,75799,0,0,0,1,0,0,0,0,0,0
120507,Doomstone Placed Kill Credit,,,,0,10,0,0,0,11686,0,0,0,1,0,0,0,0,0
120514,High Exarch Turalyon,,,,1,7,0,0,75811,0,0,0,1,1,1,0,150577,0,0
120521,Chieftain Hatuun,,,,1,7,0,0,75273,0,0,0,1,0,0,0,73363,0,0
120526,Succubus,,,,0,3,17,0,77396,0,0,0,1,1,1,1,0,0,0
120527,Succubus,,,,0,3,17,0,77396,0,0,0,1,1,1,1,0,0,0
120529,High Exarch Turalyon,,,,1,7,0,0,75811,0,0,0,1,0,0,0,150577,0,0
120533,Prophet Velen,,,,1,7,0,0,17822,0,0,0,1,0,0,0,0,0,0
120548,Legion Battleship,,,,0,10,0,3,11686,0,0,0,1,0,0,0,0,0,0
120551,Krag'wa the Huge,,,,1,1,0,0,76791,0,0,0,1,1,1,1,0,0,0
120572,Roughback Leaper,,,,6,1,291,0,77988,80091,84006,77990,1,1,1,1,0,0,0
120590,Lady Jaina Proudmoore,,,,1,7,0,0,87892,0,0,0,1,1,1,1,153575,0,0
120591,Arne's Test Pet,,,,0,12,0,0,70068,0,0,0,1,0,0,0,0,0,0
120594,Lion's Guard,,,,1,7,0,0,75855,75856,0,0,1,1,1,1,12890,79347,0
120596,Legion Ship,,,,1,10,0,3,67380,11686,0,0,0,1,0,0,0,0,0
120597,Commander Lorna Crowley,,,,0,7,0,0,34520,0,0,0,1,1,1,1,3364,52525,110179
120599,Greyguard,,,,1,7,0,0,75876,75877,75910,75911,1,1,1,1,3197,0,52052
120606,Blood Troll Hexxer,,,,0,7,0,0,75858,75859,75860,75861,1,1,1,1,153588,0,0
120610,Blood Warrior,,,,0,7,0,0,75889,75890,75891,75892,1,1,1,1,72999,0,0
120613,Blood Troll Warmother,,,,1,7,0,0,84798,0,0,0,1,1,1,1,0,0,0
120637,Burning Fiend,,,,0,3,0,0,77119,0,0,0,1,0,0,0,0,0,0
120643,Lothraxion,,High Commander,,1,7,0,0,71801,0,0,0,1,1,1,0,0,0,0
120664,Lunarwing Owl,,,,1,1,0,3,74305,0,0,0,1,0,0,0,0,0,0
120704,Annihilan Warden,,,,0,3,0,0,75932,77139,77140,77141,1,1,1,1,147522,0,0
120709,Demon Kill Credit,,,,0,10,0,0,0,11686,0,0,0,1,0,0,0,0,0
120710,Felsorrow Conqueror,,,,0,3,0,0,75612,74138,0,0,1,1,0,0,141615,0,0
120711,Felsorrow Corruptor,,,,0,3,0,0,74368,74457,0,0,1,1,0,0,106127,0,0
120722,Master Bu,,,,0,7,0,0,76007,0,0,0,1,0,0,0,0,0,0
120723,Annihilan Fanatic,,,,0,3,0,0,75935,75936,75938,75939,1,1,1,1,72255,0,0
120734,Felsorrow Bruiser,,,,0,3,0,0,5047,0,0,0,1,0,0,0,138756,0,0
120736,Krokul Crusher,,,,0,7,0,0,75214,75220,75252,75260,1,1,1,1,138737,0,0
120737,Krokul Seer,,,,0,7,0,0,75228,75265,75145,75237,1,0,0,0,116389,0,0
120738,High Exarch Turalyon,,,,1,7,0,0,75811,0,0,0,1,0,0,0,150577,0,0
120739,Felsorrow Pesterer,,,,6,3,0,0,16480,0,0,0,1,0,0,0,0,0,0
120740,King Rastakhan,,,,1,7,0,0,77461,0,0,0,1,1,1,1,161023,0,0
120742,Pick Up Bombs Kill Credit,,,,0,10,0,0,0,11686,0,0,0,1,0,0,0,0,0
120753,Wounded Captive,,,,0,7,0,0,69196,57241,57240,69697,1,1,1,1,0,0,0
120754,Wounded Captive,,,,0,7,0,0,69197,57239,69208,26890,1,1,1,1,0,0,0
120756,Anduin Wrynn,,King of Stormwind,,1,7,0,0,82047,0,0,0,1,1,1,1,152482,0,0
120758,Master Bu,,,,0,7,0,0,76007,0,0,0,1,0,0,0,0,0,0
120760,High Exarch Turalyon,,,,1,7,0,0,75811,0,0,0,1,0,0,0,150577,0,0
120772,Pawprints Kill Credit,,,,0,1,0,0,37798,0,0,0,1,0,0,0,0,0,0
120773,Pawprints Kill Credit,,,,0,1,0,0,37798,0,0,0,1,0,0,0,0,0,0
120774,Pawprints Kill Credit,,,,0,1,0,0,37798,0,0,0,1,0,0,0,0,0,0
120775,Pawprints Kill Credit,,,,0,1,0,0,37798,0,0,0,1,0,0,0,0,0,0
120788,Genn Greymane,,King of Gilneas,,1,7,0,0,62093,0,0,0,1,1,1,1,0,0,0
120791,Zul the Prophet,,,,1,7,0,0,84351,0,0,0,1,1,1,1,161067,161068,0
120794,Bwonsamdi,,,,1,7,0,2,75961,0,0,0,100,1,1,1,154134,0,0
120804,Darkspear Scout,,,,1,7,0,0,75967,75968,75969,75970,1,1,1,1,136587,0,0
120822,Princess Talanji,,,,1,7,0,0,75898,0,0,0,1,1,1,1,0,0,0
120823,Rokhan,,,,0,7,0,0,116250,0,0,0,1,1,1,1,0,0,0
120824,Grand Ma'da Ateena,,The Blood Matriarch,,0,7,0,0,86053,0,0,0,1,1,1,1,0,0,0
120825,Legion Kill Credit,,,,0,10,0,0,0,11686,0,0,0,1,0,0,0,0,0
120830,"Ban-Fu, Cub of Ban-Lu",,,,0,12,0,0,75989,0,0,0,1,1,1,1,0,0,0
120844,Alleria Windrunner,,,,1,7,0,0,76272,0,0,0,1,0,0,0,0,0,151781
120845,Arator,,,,1,7,0,0,16624,0,0,0,1,0,0,0,26003,0,0
120862,Habutu,,Shield of the King,,1,7,0,0,76009,0,0,0,1,1,1,1,94106,94196,0
120885,Lothraxion,,High Commander,,1,7,0,0,71801,0,0,0,1,1,1,0,0,0,0
120886,Calico Jack,,,,0,12,0,0,11709,0,0,0,1,1,1,1,0,0,0
120896,Dark Tormentor,,,,0,3,0,0,63526,0,0,0,1,0,0,0,0,0,0
120913,Alleria Windrunner,,,,1,7,0,0,76272,0,0,0,1,0,0,0,0,0,151781
120914,Burning Fiend,,,,0,3,0,0,76027,0,0,0,1,0,0,0,0,0,0
120915,Darkfallen Slave,,,,0,7,0,0,74923,75886,75880,75888,1,1,1,1,0,0,0
120916,Pit Lord,,,,0,3,0,0,19715,0,0,0,1,0,0,0,0,0,0
120917,Alleria Windrunner,,,,1,7,0,0,76272,0,0,0,1,0,0,0,0,0,151781
120918,Thundering Tempest (Enhancement),,,,0,7,0,0,76024,0,0,0,1,1,1,1,0,0,0
120919,Thundering Tempest (Restoration),,,,0,7,0,0,76025,0,0,0,1,1,1,1,0,0,0
120922,Lady Jaina Proudmoore,,,,1,7,0,0,87893,0,0,0,1,1,1,1,153575,0,0
120932,Burning Sentry,,,,0,3,0,0,61981,0,0,0,1,0,0,0,0,0,0
120933,Living Felblaze,,,,0,3,0,0,69906,0,0,0,1,1,1,1,0,0,0
120942,Rivermane Shaman,,,,0,7,0,0,65996,65997,0,0,1,1,1,0,31269,38452,0
120973,Golden Retriever,,,,0,12,0,0,76046,0,0,0,1,1,1,1,0,0,0
120977,Prophet Velen,,,,1,7,0,0,17822,0,0,0,1,0,0,0,35714,0,0
120984,Efflorescence,,,,0,11,0,0,11686,0,0,0,1,1,1,1,0,0,0
120990,Fel Naga Kill Credit,,,,0,10,0,0,0,11686,0,0,0,1,0,0,0,0,0
120996,Atrigan,,Grand Tormenter,,1,7,0,0,74282,0,0,0,1,0,0,0,143627,0,0
120998,Flllurlokkr,,,,2,3,0,0,76060,0,0,0,1,0,0,0,2023,0,0
121014,Lightforged Beacon,,,,1,10,0,0,77656,0,0,0,1,0,0,0,0,0,0
121016,Aqueux,,,,2,1,0,0,76065,0,0,0,1,0,0,0,0,0,0
121021,Shadowsworn Invader,,,,1,3,0,0,63270,0,0,0,1,0,0,0,0,0,0
121029,Brood Mother Nix,,,,2,3,0,0,76067,0,0,0,1,0,0,0,0,0,0
121037,Grossir,,,,2,3,0,0,76070,0,0,0,1,0,0,0,0,0,0
121040,Revitalized Ghoul,,,,0,6,0,0,987,137,1065,0,1,1,1,0,0,0,0
121046,Brother Badatin,,,,2,3,0,0,76254,0,0,0,1,0,0,0,0,0,0
121048,Revitalized Monstrosity,,,,0,6,0,0,16159,7864,24829,0,2,2,1,0,0,0,0
121052,Feltalon Ripper,,,,0,7,0,3,74886,0,0,0,1,0,0,0,0,0,0
121053,Feltalon Hag,,,,0,7,0,3,74887,0,0,0,1,0,0,0,0,0,0
121054,Cragtalon Ripper,,,,0,7,0,0,63597,0,0,0,1,0,0,0,0,0,0
121055,Cragtalon Hag,,,,0,7,0,0,63598,0,0,0,1,0,0,0,0,0,0
121060,Revitalized Skeleton,,,,6,6,0,0,9786,9783,7550,0,1,1,1,0,0,0,0
121075,Room Entered Kill Credit,,,,0,10,0,0,0,11686,0,0,0,1,0,0,0,0,0
121107,Lady Eldrathe,,,,2,3,0,0,76101,0,0,0,1,0,0,0,0,0,0
121112,Somber Dawn,,,,2,1,299,0,76109,0,0,0,1,1,1,1,0,0,0
121116,Frozen Ghoul,,,,0,6,0,0,987,137,1065,0,0,0,1,0,0,0,0
121124,Apocron,,,,2,3,0,0,67647,0,0,0,1,1,1,1,0,0,0
121128,Deep Crack,,,,0,9,0,0,52922,0,0,0,1,0,0,0,0,0,0
121134,Duke Sithizi,,,,2,7,0,0,76121,0,0,0,1,0,0,0,0,0,0
121157,Prophet Velen,,,,1,7,0,0,17822,0,0,0,1,0,0,0,35714,0,0
121169,Illidan Stormrage,,,,1,7,0,0,75059,0,0,0,1,0,0,0,150732,150732,0
121170,Prophet Velen,,,,1,7,0,0,75801,0,0,0,1,0,0,0,35714,0,0
121173,Ban-Lu,,,,0,1,0,0,76155,0,0,0,1,0,0,0,0,0,0
121179,Vereesa Windrunner,,Ranger-General of the Silver Covenant,,1,7,0,0,28222,0,0,0,1,0,0,0,0,0,42140
121217,Torcalin Guardian,,,,1,7,0,0,78400,0,0,0,1,1,1,1,94106,94196,0
121227,Illidan Stormrage,,,,1,7,0,0,27571,0,0,0,1,0,0,0,150732,150732,0
121235,Taelia,,,,0,7,0,0,81291,0,0,0,1,1,1,1,155757,0,0
121239,Flynn Fairwind,,,,0,7,0,0,76222,0,0,0,1,1,1,1,155766,155766,0
121248,Broken,,,,0,7,0,0,75886,0,0,0,1,0,0,0,0,0,0
121250,Shadow-Touched Krokul,,,,0,7,0,0,76227,76231,76232,76233,1,1,1,1,0,0,0
121261,Lothraxion,,High Commander,,1,7,0,0,71801,0,0,0,1,1,1,0,0,0,0
121262,Magni Bronzebeard,,The Speaker,,1,7,0,0,71764,0,0,0,1,1,1,0,0,0,0
121263,Grand Artificer Romuul,,,,0,7,0,0,76255,0,0,0,1,0,0,0,126431,45617,0
121264,Aethas Sunreaver,,,,1,7,0,0,26770,0,0,0,1,0,0,0,35781,0,0
121276,Forgotten Echo,,,,0,7,0,0,74962,74960,74958,74956,1,1,1,1,0,0,0
121293,Magic Disc,,,,0,10,0,3,26876,0,0,0,1,0,0,0,0,0,0
121295,Invisible Stalker,,,,0,7,0,0,56187,11686,0,0,0,1,0,0,0,0,0
121308,Lady Liadrin,,Blood Knight Matriarch,,1,7,0,0,61971,0,0,0,1,1,1,1,163831,163832,0
121317,Son of Skum,,,,0,12,0,0,76262,0,0,0,1,0,0,0,0,0,0
121341,Felwing Marauder,,,,0,3,0,3,65204,65202,65203,0,1,1,1,0,0,0,0
121343,Ban-Lu,,,,0,7,0,0,76155,0,0,0,1,0,0,0,0,0,0
121345,Prophet Velen,,,,1,7,0,0,17822,0,0,0,1,0,0,0,35714,0,0
121361,Ebon Knight Frostreavers,,,,0,7,0,0,76292,0,0,0,1,1,1,1,41261,0,0
121362,Ebon Knight Frostreavers,,,,0,7,0,0,76293,0,0,0,1,1,1,1,41261,0,0
121363,Ebon Knight Frostreavers,,,,0,7,0,0,76295,0,0,0,1,1,1,1,41261,0,0
121366,Kirin Tor Guardians,,,,1,7,0,0,47997,0,0,0,2,2,3,1,43617,0,0
121367,Kirin Tor Guardians,,,,1,7,0,0,47999,0,0,0,2,2,3,1,43617,0,0
121368,Kirin Tor Guardians,,,,1,7,0,0,48153,0,0,0,2,2,3,1,43617,0,0
121369,Masters of Serenity,,,,0,7,0,0,76319,0,0,0,1,0,0,0,83066,83066,0
121370,Masters of Serenity,,,,0,7,0,0,76321,0,0,0,1,0,0,0,83066,83066,0
121371,Masters of Serenity,,,,0,7,0,0,76322,0,0,0,1,0,0,0,83066,83066,0
121372,Silver Hand Crusaders,,,,0,7,0,0,62151,0,0,0,1,1,1,1,2557,0,0
121373,Silver Hand Crusaders,,,,0,7,0,0,62811,0,0,0,1,1,1,1,2557,0,0
121374,Silver Hand Crusaders,,,,0,7,0,0,62326,0,0,0,1,1,1,1,2557,0,0
121375,Hooded Priests,,,,0,7,0,0,67599,0,0,0,1,1,1,1,129394,0,0
121376,Hooded Priests,,,,0,7,0,0,67600,0,0,0,1,1,1,1,129394,0,0
121377,Hooded Priests,,,,0,7,0,0,67601,0,0,0,1,1,1,1,129394,0,0
121378,Ravenholdt Assassins,,Assassin's League,,0,7,0,0,76324,0,0,0,1,1,1,0,55045,55045,0
121379,Ravenholdt Assassins,,Assassin's League,,0,7,0,0,76325,0,0,0,1,1,1,0,55045,55045,0
121380,Ravenholdt Assassins,,Assassin's League,,0,7,0,0,76326,0,0,0,1,1,1,0,55045,55045,0
121381,Earthen Ring Protectors,,,,0,7,0,0,69154,0,0,0,1,1,1,1,58137,57763,0
121382,Earthen Ring Protectors,,,,0,7,0,0,69152,0,0,0,1,1,1,1,58137,57763,0
121383,Earthen Ring Protectors,,,,0,7,0,0,76328,0,0,0,1,1,1,1,58137,57763,0
121386,Kor'kron Shock Force,,,,0,7,0,0,76331,0,0,0,1,0,40,0,0,0,0
121387,Kor'kron Shock Force,,,,0,7,0,0,76332,0,0,0,1,0,40,0,0,0,0
121388,Kor'kron Shock Force,,,,0,7,0,0,76333,0,0,0,1,0,40,0,0,0,0
121389,7th Legion Shock Force,,,,0,7,0,0,62744,0,0,0,1,1,1,1,38211,0,47014
121390,7th Legion Shock Force,,,,0,7,0,0,76335,0,0,0,1,1,1,1,38211,0,47014
121391,7th Legion Shock Force,,,,0,7,0,0,76335,0,0,0,1,1,1,1,38211,0,47014
121402,Legion Battleship,,,,0,10,0,3,74928,11686,0,0,0,1,0,0,0,0,0
121403,Feltalon Matron,,,,0,7,0,0,76358,0,0,0,1,0,0,0,0,0,0
121409,Ebon Death Knight,,,,0,7,0,0,72274,0,0,0,1,0,0,0,41261,0,0
121411,Coilskar Myrmidon,,,,0,7,0,0,66908,0,0,0,1,0,0,0,120477,0,0
121412,Thunder Warrior,,,,0,7,0,0,43535,0,0,0,1,1,1,1,93799,0,0
121413,Legionfall Defender,,,,0,7,0,0,74756,0,0,0,1,0,0,0,45076,113178,0
121414,Uncrowned Assassin,,,,0,7,0,0,72501,0,0,0,1,0,0,0,49340,49340,0
121415,Uncrowned Assassin,,,,0,7,0,0,71466,0,0,0,1,0,0,0,5284,5284,0
121416,Black Harvest Invoker,,,,0,7,0,0,72550,0,0,0,1,0,0,0,0,0,0
121483,Ebon Knight Frostreavers,,,,0,7,0,0,75638,76292,76293,76295,1,1,1,1,41261,0,0
121484,Shivarra,,,,0,3,0,0,22596,22596,22596,22596,0,0,0,0,0,0,0
121485,Dreamgrove Wardens,,,,0,7,0,0,43787,64143,43786,43789,1,1,1,1,0,0,0
121486,Nightborne Hunters,,,,1,7,0,0,66261,76297,76298,0,1,1,1,0,137254,0,0
121487,Kirin Tor Guardians,,,,1,7,0,0,68480,47997,47999,48153,1,1,1,1,43617,0,0
121488,Masters of Serenity,,,,0,7,0,0,76320,76319,76321,76322,1,1,1,1,83066,83066,0
121489,Silver Hand Crusaders,,,,0,7,0,0,62942,62151,62811,62326,1,1,1,1,2557,0,0
121490,Hooded Priests,,,,0,7,0,0,67598,67599,67600,67601,1,1,1,1,129394,0,0
121491,Earthen Ring Protectors,,,,0,7,0,0,69153,69154,69152,76328,1,1,1,1,58137,57763,0
121492,Kor'kron Shock Force,,,,0,7,0,0,76330,76331,76332,76333,1,1,1,1,94649,0,0
121493,7th Legion Shock Force,,,,0,7,0,0,62743,62744,76335,76335,1,1,1,1,38211,0,47014
121501,Generic Bunny - Kmart,,,,0,10,0,3,22903,11686,0,0,0,1,0,0,0,0,0
121502,Very Lost Feathermane Kitten,,,,0,1,160,0,76366,0,0,0,1,1,1,1,0,0,0
121532,Nath'raxxan Doomherald,,,,0,3,0,2,74966,0,0,0,1,0,0,0,0,0,0
121541,Ban-Lu,,,,0,10,0,0,27823,0,0,0,1,0,0,0,0,0,0
121563,Darklost Krokul,,,,0,7,0,0,76405,0,0,0,1,0,0,0,0,0,0
121570,Felguard Brute,,,,0,3,0,0,7970,0,0,0,1,0,0,0,133519,133519,0
121576,Ravenholdt Assassins,,Assassin's League,,0,7,0,0,76323,76325,76324,76326,1,1,1,1,55045,55045,0
121577,Reckless Cutter,,,,0,6,0,0,78225,78226,78227,78228,1,1,1,1,128193,128193,0
121585,Warmother Shazraka,,,,0,7,0,0,79689,0,0,0,1,1,1,1,0,0,0
121594,Aggramar,,,,1,5,0,0,76034,0,0,0,1,0,0,0,147371,0,0
121599,King Rastakhan,,,,1,7,0,0,77461,0,0,0,1,1,1,1,161023,0,0
121609,Kil'jaeden,,The Deciever,,1,3,0,0,74504,0,0,0,1,0,0,0,0,0,0
121611,Archimonde,,The Defiler,,1,3,0,0,70256,0,0,0,1,0,0,0,123973,0,0
121612,Grand Artificer Romuul,,,,0,7,0,0,76255,0,0,0,1,0,0,0,125763,144092,0
121613,Vindicator Boros,,,,0,7,0,0,63585,0,0,0,1,0,0,0,105940,126759,0
121617,Prophet Velen,,,,1,7,0,0,17822,0,0,0,1,0,0,0,35714,0,0
121619,Vindicator Nobundo,,,,0,7,0,0,56859,0,0,0,1,0,0,0,105940,111464,0
121621,Naaru,,,,0,7,0,0,17872,0,0,0,1,0,0,0,0,0,0
121622,Metamorphosis,,,,0,3,0,0,59944,0,0,0,0,0,0,0,0,0,0
121696,Torcalin Ironhide,,,,0,7,0,0,79855,0,0,0,1,1,1,1,94106,94196,0
121709,Old K'zlotec,,Wrath of Rezan,,1,1,0,0,78197,0,0,0,1,1,1,1,0,0,0
121710,Heave Cudgel,,,,0,10,0,0,76504,0,0,0,1,1,1,1,143630,0,0
121715,Orphaned Felbat,,,,0,12,0,3,68861,0,0,0,1,0,0,0,0,0,0
121786,Vereesa Windrunner,,Ranger-General of the Silver Covenant,,1,7,0,0,28222,0,0,0,1,0,0,0,50268,0,42140
121880,Illidan Stormrage,,,,1,7,0,0,75059,0,0,0,1,0,0,0,150732,150732,0
121890,Arator,,,,1,7,0,0,16624,0,0,0,1,0,0,0,26003,0,0
121952,Beastcaller,,,,0,7,0,0,79536,79537,0,0,1,1,0,0,94096,0,28023
121993,Raptari Warrior,,,,0,7,0,0,75966,75971,0,0,1,1,1,1,11763,0,28023
122010,Panthara Shadowfang,,,,0,1,2,0,76600,0,0,0,1,1,1,1,0,0,0
122027,Fleetlord Dominator,,,,0,3,0,0,75659,0,0,0,1,0,0,0,128278,0,0
122028,Shadow Council Warlock,,,,0,7,0,0,74597,0,0,0,1,0,0,0,0,0,0
122029,Eredar Bloodmage,,,,0,7,0,0,74598,0,0,0,1,0,0,0,94955,0,0
122030,Felborne Spellbreaker,,,,0,7,0,0,74596,0,0,0,1,0,0,0,137257,137260,0
122031,Ixallon the Soulbreaker,,,,0,3,0,0,74973,0,0,0,1,0,0,0,0,0,0
122032,Lady Jaina Proudmoore,,,,0,7,0,0,80015,0,0,0,1,1,1,1,0,0,0
122033,Twilight,,,,0,12,0,0,76595,0,0,0,1,0,0,0,0,0,0
122044,Kil'jaeden,,The Deceiver,,1,3,0,3,76011,0,0,0,1,0,0,0,0,0,0
122045,Lightforged Beacon,,,,1,10,0,0,77656,0,0,0,1,0,0,0,0,0,0
122046,Light's Heart,,,,0,10,0,2,72975,0,0,0,1,0,0,0,0,0,0
122078,Savage Cursespitter,,,,0,7,0,0,75862,75863,0,0,1,1,1,1,0,0,151213
122084,Admiral Svirax,,,,1,3,0,0,68962,0,0,0,1,0,0,0,0,0,0
122087,Archmage Khadgar,,,,1,7,0,0,61871,0,0,0,1,0,0,0,28067,0,0
122102,Hanzabu,,,,0,7,0,0,76641,0,0,0,1,0,0,0,147908,0,0
122119,Akunda,,,,1,1,0,0,88039,0,0,0,1,1,1,1,0,0,0
122141,Legionfall Defender,,,,0,7,0,0,74756,0,0,0,1,0,0,0,45076,113178,0
122142,Uncrowned Assassin,,,,0,7,0,0,71466,0,0,0,1,0,0,0,5284,5284,0
122143,Uncrowned Assassin,,,,0,7,0,0,72501,0,0,0,1,0,0,0,49340,49340,0
122144,Thunder Warrior,,,,0,7,0,0,43535,0,0,0,1,1,1,1,93799,0,0
122147,Coilskar Myrmidon,,,,0,7,0,0,66908,0,0,0,1,0,0,0,120477,0,0
122150,Ebon Death Knight,,,,0,7,0,0,72274,0,0,0,1,0,0,0,41261,0,0
122152,Bunny for TK Side Mission 3 Vindicator Install Fake,,,,0,10,0,3,22903,11686,0,0,0,1,0,0,0,0,0
122219,Argus Volcano,,,,0,10,0,3,22903,11686,0,0,0,1,0,0,0,0,0
122220,Bunny,,,,0,10,0,3,22903,11686,0,0,0,1,0,0,0,0,0
122236,Wondrous Library,,,,1,10,0,0,169,38795,0,0,0,1,1,1,0,0,0
122237,Wondrous Library,,,,1,10,0,0,169,38795,0,0,0,1,1,1,0,0,0
122238,Wondrous Library,,,,1,10,0,0,169,38795,0,0,0,1,1,1,0,0,0
122239,Bloodhunter Stalker,,,,0,7,0,0,76727,76728,0,0,1,1,1,1,160115,0,0
122240,Bloodhunter Cursecarver,,,,0,7,0,0,82368,82367,0,0,1,1,1,1,2020,0,0
122245,Adolescent Storm Drake,,,,0,2,0,0,70590,67199,0,0,2,1,0,0,0,0,0
122276,Taloc,,,,1,9,0,0,85386,0,0,0,1,1,1,1,0,0,0
122320,Bladeguard Kaja,,,,1,7,0,0,80740,0,0,0,1,1,1,1,94106,0,0
122321,Bladeguard Kaja,,,,1,7,0,0,80740,0,0,0,1,1,1,1,0,0,0
122325,Zandalari Female Guard,,,,0,7,0,0,76689,0,0,0,1,0,0,0,0,0,0
122326,Zandalari Male Guard,,,,0,7,0,0,76687,0,0,0,1,0,0,0,0,0,0
122330,Zandalari Ravasaur,,,,0,1,0,0,80358,0,0,0,1,1,1,1,0,0,0
122337,Trained Pterrordax,,,,0,1,0,3,77065,0,0,0,0,1,1,1,0,0,0
122354,Kil'jaeden,,,,1,7,0,0,76811,0,0,0,1,0,0,0,116556,0,0
122370,Cyrus Crestfall,,Harbormaster,,0,7,0,0,76907,0,0,0,1,1,1,1,0,0,0
122378,High Exarch Turalyon,,,,1,7,0,0,75811,0,0,0,1,0,0,0,150577,0,0
122392,Nathanos Blightcaller,,Champion of the Banshee Queen,,1,7,0,0,66644,0,0,0,1,1,1,1,65795,65795,5258
122440,Archimonde,,,,1,7,0,0,77102,0,0,0,1,0,0,0,107249,0,0
122445,Zandalari Pterrorwing,,,,0,1,0,0,79580,79581,79582,0,0,1,1,1,0,0,0
122452,Foundry Worker,,,,0,7,0,0,83315,83316,0,0,1,1,1,1,45123,0,0
122464,Legion Battleship,,,,0,10,0,3,11686,0,0,0,1,0,0,0,0,0,0
122490,Mary Hayes,,,,0,10,0,0,0,11686,0,0,0,1,0,0,0,0,0
122492,Samuel Hawthorne,,,,0,10,0,0,0,11686,0,0,0,1,0,0,0,0,0
122530,Spell Bunny,,,,0,10,0,0,1126,11686,0,0,0,1,0,0,0,0,0
122536,Grand Artificer Romuul,,,,0,7,0,0,76255,0,0,0,1,0,0,0,125763,144092,0
122584,Meerah,,,,0,7,0,0,79320,0,0,0,1,1,1,1,0,0,0
122602,Reincarnated Berserker,,,,1,7,0,0,79591,0,0,0,1,1,1,1,0,0,0
122610,Zul the Prophet,,,,1,7,0,0,84351,0,0,0,1,1,1,1,161067,161068,0
122612,Tricorne,,,,0,12,0,0,76956,0,0,0,1,1,1,1,0,0,0
122615,Spell Stalker,,,,0,10,0,0,1126,11686,0,0,0,1,0,0,0,0,0
122616,Spell Stalker,,,,0,10,0,0,1126,11686,0,0,0,1,0,0,0,0,0
122617,Spell Stalker,,,,0,10,0,0,1126,11686,0,0,0,1,0,0,0,0,0
122618,Spell Stalker,,,,0,10,0,0,1126,11686,0,0,0,1,0,0,0,0,0
122619,Spell Stalker,,,,0,10,0,0,1126,11686,0,0,0,1,0,0,0,0,0
122620,Spell Stalker,,,,0,10,0,0,1126,11686,0,0,0,1,0,0,0,0,0
122621,High Exarch Turalyon,,,,1,7,0,0,75811,0,0,0,1,0,0,0,150577,0,0
122629,Foe Reaper 0.9,,,,0,12,0,0,45555,0,0,0,1,0,0,0,0,0,0
122641,Yazma,,Zanchuli Council,,1,7,0,0,76962,0,0,0,1,1,1,1,94849,0,0
122642,Vol'kaal,,Zanchuli Council,,1,7,0,0,79411,0,0,0,1,1,1,1,0,0,0
122661,General Jakra'zet,,Zanchuli Council,,1,7,0,0,82968,0,0,0,1,1,1,1,0,0,0
122662,General Jakra'zet,,Zanchuli Council,,1,7,0,0,78436,0,0,0,1,0,0,0,0,0,0
122669,King Rastakhan,,,,1,7,0,0,77461,0,0,0,1,1,1,1,161023,0,0
122688,Bwonsamdi,,,,1,7,0,3,75961,0,0,0,1,1,1,1,0,0,0
122701,Examiner Alerinda,,Archaeology Trainer,,0,7,0,0,81869,0,0,0,1,1,1,1,0,0,0
122702,Enchantress Quinni,,Enchanting Trainer,,0,7,0,0,81830,0,0,0,1,1,1,1,0,0,0
122743,DELETE ME,,,,0,7,0,0,80742,0,0,0,1,0,0,0,0,0,0
122744,Prophet Velen,,,,1,7,0,0,17822,0,0,0,1,0,0,0,35714,0,0
122767,Vulpera Male,,,,0,7,0,0,39468,0,0,0,1,0,0,0,0,0,0
122771,Vulpera Female,,,,0,7,0,0,79314,0,0,0,1,0,0,0,0,0,0
122800,Prophet Velen,,,,1,7,0,0,75801,0,0,0,1,0,0,0,35714,0,0
122821,Trade Prince Gallywix,,,,1,7,0,0,75730,0,0,0,1,1,1,1,0,0,0
122831,Velen,,,,1,7,0,0,80410,0,0,0,1,1,1,1,0,0,0
122833,Frenzied Plaguewing,,,,0,3,0,3,79690,0,0,0,1,0,0,0,0,0,0
122852,Shivarra Destroyer,,,,0,3,0,0,22596,0,0,0,0,0,0,0,0,0,0
122854,Sethrak Tent,,,,0,10,0,0,1126,11686,0,0,0,1,0,0,0,0,0
122868,Sethrak Skycaller,,,,0,7,0,0,80487,0,0,0,1,1,1,1,151335,0,0
122869,Sethrak Mender,,,,0,7,0,0,80641,0,0,0,1,0,0,0,151335,0,0
122870,Sethrak Sandscout,,,,0,7,0,0,80650,80651,80649,80652,2,2,1,1,0,0,0
122889,Invisible Stalker,,,,0,7,0,0,56187,11686,0,0,0,1,0,0,0,0,0
122911,Commander Vecaya,,,,2,3,0,0,78156,0,0,0,1,0,0,0,139164,0,0
122912,Commander Sathrenael,,,,2,3,0,0,78814,0,0,0,1,0,0,0,147493,0,0
122915,Zolani,,Blade of the King,,1,7,0,0,77146,0,0,0,1,1,1,1,153584,0,0
122928,Alliance Weapon,,,,0,10,0,3,1126,11686,0,0,0,1,0,0,0,0,0
122932,Catapult Sabotaged,,,,0,10,0,3,1126,11686,0,0,0,1,0,0,0,0,0
122947,Mistress Il'thendra,,,,2,3,0,0,80099,0,0,0,1,0,0,0,0,0,0
122949,Fallen Gryphon,,,,0,10,0,3,1126,11686,0,0,0,1,0,0,0,0,0
122952,Alleria Windrunner,,,,1,7,0,0,76272,0,0,0,1,0,0,0,0,0,151781
122958,Blistermaw,,,,2,3,0,0,78588,0,0,0,1,0,0,0,0,0,0
122968,Yazma,,,,1,7,0,0,79568,0,0,0,0,1,1,1,0,0,0
122977,Whirling Saber,,,,0,10,0,0,76504,0,0,0,1,0,0,0,76175,0,0
122989,Message Received,,,,0,10,0,3,1126,11686,0,0,0,1,0,0,0,0,0
122994,Scarwing Harrier,,,,0,3,0,3,65204,0,0,0,1,0,0,0,0,0,0
122999,Gar'zoth,,,,2,3,0,0,20907,0,0,0,1,0,0,0,28365,0,0
123015,Hooded Leader,,Zanchuli Council,,1,7,0,0,78436,0,0,0,1,1,1,1,0,0,0
123055,Abby Kill Credit,,,,0,10,0,0,0,11686,0,0,0,1,0,0,0,0,0
123080,Ritual Circle,,,,0,10,0,0,42735,11686,0,0,0,1,1,1,0,0,0
123109,Seething Harbinger,,,,0,3,0,0,77885,77884,77883,77882,1,1,0,0,124386,124386,0
123110,Shadowbound Defiler,,,,0,3,0,0,77892,77891,77889,77890,1,1,1,1,113988,0,0
123232,Prophet Velen,,,,1,7,0,0,17822,0,0,0,1,0,0,0,35714,0,0
123301,Shadow-Touched Krokul,,,,0,7,0,0,76227,76231,76232,76233,1,1,1,1,0,0,0
123329,Test Dragon Pet,,,,2,12,0,0,90413,0,0,0,1,1,1,1,0,0,0
123331,Sandfury Assassin,,,,0,7,0,0,77273,77272,0,0,1,0,0,0,0,0,0
123332,Young Sargeras,,,,1,7,0,0,77278,0,0,0,1,0,0,0,0,0,0
123350,Antaen Light-Breaker,,,,1,3,0,0,77286,0,0,0,1,0,0,0,150764,0,0
123359,Grand Artificer Romuul,,,,1,7,0,0,76255,0,0,0,1,0,0,0,125763,144092,0
123371,Garothi Worldbreaker,,,,0,9,0,0,76534,0,0,0,1,0,0,0,0,0,0
123405,Vindicator Boros,,Hand of Argus,,1,7,0,0,76352,0,0,0,1,0,0,0,105940,126759,0
123417,Sailor Freed Kill Credit,,,,0,10,0,0,0,11686,0,0,0,1,0,0,0,0,0
123450,Vilescale Fathom-Hunter,,,,0,7,0,0,77426,0,0,0,1,1,1,1,54538,0,0
123453,Vilescale Sorceress,,,,0,7,0,0,77428,0,0,0,1,1,1,1,0,0,0
123461,Vilescale Behemoth,,,,1,7,0,0,66814,0,0,0,1,1,1,1,0,0,0
123464,Sister Subversia,,Coven of Shivarra,,2,3,0,0,77324,0,0,0,1,1,1,1,32369,32369,0
123474,Augari Consul,,,,0,7,0,0,77350,77351,77352,77353,1,1,1,1,115833,0,0
123486,Grobathan,,,,1,7,0,0,77650,0,0,0,1,0,0,0,0,0,0
123488,Conservatory Vigilant,,,,1,7,0,0,79925,0,0,0,1,0,0,0,153354,153353,0
123504,Augari Wakener,,,,0,7,0,0,77371,77372,77373,77374,1,1,1,1,124728,0,0
123554,Krag'wa the Huge,,,,1,1,0,0,76791,0,0,0,0,0,0,0,0,0,0
123556,Shadow Hunter Mutumba,,,,0,7,0,0,54542,0,0,0,1,0,0,0,112134,0,0
123597,"Noura, Mother of Flames - IGC",,Coven of Shivarra,,1,3,0,0,76919,0,0,0,1,0,0,0,0,0,0
123598,"Asara, Mother of Night - IGC",,Coven of Shivarra,,1,3,0,0,76917,0,0,0,1,0,0,0,0,0,0
123599,"Diima, Mother of Gloom - IGC",,Coven of Shivarra,,1,3,0,0,76918,0,0,0,1,0,0,0,0,0,0
123601,Essence of Eonar - IGC,,,,1,4,0,3,76935,0,0,0,1,0,0,0,0,0,0
123637,A.M.O.D.,,Gob Squad,,0,9,0,0,83276,0,0,0,1,1,1,1,0,0,0
123642,Boralus Citizen,,,,0,7,0,0,80177,80178,78471,78472,1,1,1,1,0,0,0
123650,Shadow,,,,0,12,0,0,77501,0,0,0,1,1,1,1,0,0,0
123680,Dark Keeper Aedis,Herald of the Dark Titan,,,1,7,0,0,77538,0,0,0,1,0,0,0,151027,0,0
123686,Alleria Windrunner,,,,1,7,0,0,76272,0,0,0,1,0,0,0,0,0,151781
123687,High Exarch Turalyon,,,,1,7,0,0,75811,0,0,0,1,0,0,0,150577,0,0
123698,Argus Cosmetic Volcano Eruption Missile Target,,,,0,10,0,3,22903,11686,0,0,0,1,0,0,0,0,0
123699,Argus Volcano Impact Target Caster,,,,0,10,0,3,22903,11686,0,0,0,1,0,0,0,0,0
123738,Commander,,,,0,7,0,0,77589,0,0,0,1,0,0,0,28800,0,0
123745,Snowglobe Stalker 2,,,,0,7,0,0,46003,41199,0,0,0,1,0,0,0,0,0
123746,Snowglobe Stalker 3,,,,0,7,0,0,46003,41199,0,0,0,1,0,0,0,0,0
123748,Sand Spire,,,,0,11,0,0,77599,0,0,0,1,1,1,1,0,0,0
123757,Urok,,,,1,6,39,0,84196,0,0,0,0,1,1,1,0,0,0
123761,Void-Blade Zedaat,,,,1,7,0,0,77624,0,0,0,1,1,1,1,150764,150764,0
123800,Arthas,,Prince of Lordaeron,,1,7,0,0,24949,0,0,0,0,0,0,0,37579,0,0
123849,Warguard Rakera,,,,1,7,0,0,80739,0,0,0,1,1,1,1,95790,94194,0
123889,Void Image,,,,1,7,0,0,76899,0,0,0,1,0,0,0,150764,150764,0
124022,Ashvane Jailer,,Ashvane Trading Co.,,0,7,0,0,85582,85583,0,0,1,1,1,1,155801,0,0
124040,Caravan Brutosaur,,,,1,1,0,0,86605,0,0,0,1,1,1,1,0,0,0
124062,King Rastakhan,,,,1,7,0,0,77461,0,0,0,1,1,1,1,161023,0,0
124072,Alliance Force-Commander,,,,0,7,0,0,33908,0,0,0,1,0,0,0,57038,0,0
124074,Deathguard War-Captain,,,,0,7,0,0,33907,0,0,0,1,0,0,0,57038,0,0
124083,Zolani,,Blade of the King,,1,7,0,0,77146,0,0,0,1,1,1,1,96621,0,0
124086,Khaz'goroth's Soul (IGC),,,,1,10,0,0,79627,0,0,0,1,0,0,0,0,0,0
124087,Golganneth's Soul (IGC),,,,1,10,0,3,79628,0,0,0,1,0,0,0,0,0,0
124091,Norgannon's Soul (IGC),,,,1,10,0,3,79626,0,0,0,1,0,0,0,0,0,0
124152,Grobathan,,,,1,7,0,0,77650,0,0,0,1,0,0,0,0,0,0
124154,Chromie,,,,1,2,0,0,78231,0,0,0,1,0,0,0,0,0,0
124178,Priest of Rezan,,,,1,7,0,0,77850,0,0,0,1,1,1,1,161023,0,0
124183,Bilewing Egg,,,,6,10,0,0,80518,0,0,0,1,1,1,1,0,0,0
124228,Alliance Banner,,,,0,10,0,0,44713,0,0,0,1,0,0,0,0,0,0
124232,Tol Dagor Inmate,,,,0,7,0,0,52400,52399,0,0,1,1,1,1,0,0,0
124238,Pack Mule,,,,0,1,0,0,82950,0,0,0,1,1,1,1,0,0,0
124252,Spiritwalker Ebonhorn,,,,1,7,0,0,83258,0,0,0,1,0,0,0,119206,118005,0
124253,Alliance Banner,,,,0,10,0,0,44713,0,0,0,1,0,0,0,0,0,0
124261,Sandspinner Egg,,,,0,10,0,0,42349,0,0,0,1,0,0,0,0,0,0
124293,Image of Grand Artificer Romuul,,,,0,7,0,0,77938,0,0,0,1,0,0,0,125763,144092,0
124312,High Exarch Turalyon,,,,1,7,0,0,75811,0,0,0,1,0,0,0,150577,0,0
124314,Eonar,,,,0,10,0,0,78647,0,0,0,1,0,0,0,0,0,0
124357,Getaway Boat,,,,0,9,0,0,77955,0,0,0,1,1,1,1,0,0,0
124382,Bonepicker Raven,,,,0,1,7,3,32546,0,0,0,1,1,1,1,0,0,0
124389,Sneaky Marmot,,,,0,12,0,0,1072,0,0,0,1,0,0,0,0,0,0
124408,General Purpose Bunny,,,,0,10,0,0,1126,11686,0,0,0,1,0,0,0,0,0
124415,Horde Flag,,,,0,10,0,0,77995,0,0,0,1,0,0,0,0,0,0
124425,Blood Dart Spitter,,,,0,7,0,0,75889,75890,75891,75892,1,1,1,1,0,0,151213
124426,Marjorie Foster,,Blacksmith,,0,7,0,0,77997,0,0,0,1,1,1,1,0,0,0
124449,Lady Liadrin,,Blood Knight Matriarch,,1,7,0,0,90363,0,0,0,1,1,1,1,163831,163832,0
124480,Orgrimmar Raider,,,,0,7,0,0,88367,88368,88369,88370,1,1,1,1,164001,119203,0
124487,Bunny,,,,0,10,0,0,42735,11686,0,0,0,1,1,1,0,0,0
124494,Bunny,,,,0,10,0,0,42735,11686,0,0,0,1,1,1,0,0,0
124497,Fallhaven Villager,,,,0,7,0,0,78046,78047,78048,78049,1,1,1,1,0,0,0
124499,Fallhaven Villager,,,,0,7,0,0,78050,78051,78052,78053,1,1,1,1,0,0,0
124503,High Exarch Turalyon (IGC),,,,1,7,0,0,75811,0,0,0,1,0,0,0,150577,0,0
124506,Reanimated Troll,,TEMP MODEL,,0,6,0,0,26859,75951,75950,0,1,1,1,1,0,0,0
124514,Matron Folnuna,,,,1,3,0,3,72943,0,0,0,1,0,0,0,0,0,0
124544,Arkhaan,,,,1,7,0,0,76377,0,0,0,1,0,0,0,0,0,0
124546,Blood Peon,,TEMP MODEL,,0,7,0,0,78085,0,0,0,1,1,1,1,128193,0,0
124547,Bloodhunter Drudge,,,,0,7,0,0,86145,86146,86147,86148,1,1,1,1,128193,0,0
124564,Bunny,,,,0,10,0,0,42735,11686,0,0,0,1,1,1,0,0,0
124571,Kil'jaeden,,,,1,7,0,0,78095,0,0,0,1,0,0,0,116556,0,0
124574,Hatuun,,,Council to the Triumvirate,1,7,0,0,78098,0,0,0,1,0,0,0,105909,0,0
124575,Boros,,Commander,,1,7,0,0,78618,0,0,0,1,0,0,0,31299,118555,0
124577,Talgath,,,,0,3,0,0,78101,0,0,0,1,0,0,0,127127,0,0
124584,Magni Bronzebeard,,The Speaker,,1,7,0,0,71764,0,0,0,1,1,1,0,0,0,0
124585,Lothraxion (IGC),,High Commander,,1,7,0,0,71801,0,0,0,1,1,1,0,0,0,0
124589,Mining Monkey,,,,0,12,0,0,78106,0,0,0,1,1,1,1,0,0,0
124590,Lord Illidan Stormrage,,Master of the Illidari,,1,7,0,0,27571,0,0,0,1,0,0,0,150732,150732,0
124594,Dig Rat,,,,0,12,0,0,1418,0,0,0,1,0,0,0,0,0,0
124595,Magni Bronzebeard,,The Speaker,,1,7,0,0,71764,0,0,0,1,1,1,0,0,0,0
124609,Jump 1 Kill Credit,,,,0,10,0,0,0,11686,0,0,0,1,0,0,0,0,0
124610,Jump 2 Kill Credit,,,,0,10,0,0,0,11686,0,0,0,1,0,0,0,0,0
124611,Jump 3 Kill Credit,,,,0,10,0,0,0,11686,0,0,0,1,0,0,0,0,0
124612,Jump 4 Kill Credit,,,,0,10,0,0,0,11686,0,0,0,1,0,0,0,0,0
124613,Jump 5 Kill Credit,,,,0,10,0,0,0,11686,0,0,0,1,0,0,0,0,0
124614,Jump 6 Kill Credit,,,,0,10,0,0,0,11686,0,0,0,1,0,0,0,0,0
124615,Jump 7 Kill Credit,,,,0,10,0,0,0,11686,0,0,0,1,0,0,0,0,0
124616,Jump 8 Kill Credit,,,,0,10,0,0,0,11686,0,0,0,1,0,0,0,0,0
124617,Environeer Bert,,Leprous Pet Tamer,,0,7,0,0,78117,0,0,0,1,0,0,0,9604,0,0
124621,Jump 9 Kill Credit,,,,0,10,0,0,0,11686,0,0,0,1,0,0,0,0,0
124625,Mistress Alluradel,,,,1,3,0,0,78119,0,0,0,1,0,0,0,0,0,0
124626,Mount Horse Kill Credit,,,,0,10,0,0,0,11686,0,0,0,1,0,0,0,0,0
124632,Clamp,,,,0,12,0,0,78121,0,0,0,1,0,0,0,0,0,0
124633,M-37,,,,0,12,0,0,78122,0,0,0,1,0,0,0,0,0,0
124634,Corporal Hammer,,,,0,12,0,0,78123,0,0,0,1,0,0,0,0,0,0
124651,Lady Sylvanas Windrunner,,Warchief,,1,7,0,0,86014,0,0,0,1,1,1,1,0,0,42775
124655,King Rastakhan,,,,1,7,0,0,77461,0,0,0,1,1,1,1,161023,0,0
124656,Zolani,,Blade of the King,,1,7,0,0,77146,0,0,0,1,1,1,1,96621,0,0
124684,Eye of the Torturer,,,,2,3,0,0,76140,0,0,0,1,0,0,0,0,0,0
124689,Archimonde,,,,1,7,0,0,77102,0,0,0,1,0,0,0,0,0,0
124722,Commodore Calhoun,,Ashvane Trading Co.,,4,7,0,0,79859,0,0,0,1,1,1,1,155765,155765,0
124759,Man'ari,,,,1,7,0,0,78176,78178,0,0,1,1,0,0,138735,138745,0
124775,Commander Endaxis,,,,2,3,0,0,78200,0,0,0,1,0,0,0,0,0,0
124787,Lady Jaina Proudmoore,,,,1,7,0,0,88348,0,0,0,1,1,1,1,153575,0,0
124798,High Overlord Saurfang,,,,1,7,0,0,14732,0,0,0,1,1,1,1,155857,0,0
124802,Lord Aldrius Norwington,,,,0,7,0,0,78476,0,0,0,1,1,1,1,155691,0,0
124813,Unworthy Troll,,TEMP MODEL,,6,7,0,0,78144,0,0,0,1,1,1,1,0,0,0
124827,Gonk,,,,1,1,0,0,79401,0,0,0,0,1,1,1,0,0,0
124832,Warguard Rakera,,,,1,7,0,0,80739,0,0,0,1,1,1,1,95790,94194,0
124855,Sludge Guard,,,,0,7,0,0,87531,78319,0,0,1,1,1,1,0,0,34034
124858,Bronze Proto-Whelp,,,,0,12,0,3,78222,0,0,0,1,1,1,1,0,0,0
124870,L'ura (IGC),,,,1,10,0,0,76770,0,0,0,1,1,1,1,0,0,0
124871,Zuraal the Ascended (IGC),,,,1,7,0,0,77871,0,0,0,1,0,0,0,0,0,0
124872,Saprish (IGC),,Ethereum-Lord of the Shadowguard,,1,7,0,0,76771,0,0,0,1,0,0,0,124381,0,0
124873,Darkfang (IGC),,,,1,1,0,0,76602,0,0,0,1,0,0,0,0,0,0
124874,Viceroy Nezhar (IGC),,,,1,7,0,3,77951,0,0,0,1,0,0,0,0,0,0
124875,Shadowguard Subjugator (IGC),,,,1,7,0,0,76542,0,0,0,1,0,0,0,0,0,0
124906,Image of Grand Artificer Romuul,,,,0,7,0,0,77938,0,0,0,1,0,0,0,125763,144092,0
124907,Ritual Circle,,,,0,10,0,0,42735,11686,0,0,0,1,1,1,0,0,0
124908,Ritual Circle,,,,0,10,0,0,42735,11686,0,0,0,1,1,1,0,0,0
124909,Ritual Circle,,,,0,10,0,0,42735,11686,0,0,0,1,1,1,0,0,0
124912,Aggonar,,King of the Pits,,1,3,0,0,76028,0,0,0,1,0,0,0,28365,0,0
124913,Magni Bronzebeard,,,,1,7,0,0,71764,0,0,0,1,0,0,0,0,0,0
124915,King Rastakhan,,,,1,7,0,0,77461,0,0,0,1,1,1,1,161023,0,0
124917,Natha'vor Sacrifice,,,,0,7,0,0,78225,78226,78227,78228,1,1,1,1,0,0,0
124923,Bronze Whelpling,,,,0,12,0,3,78258,0,0,0,1,1,1,1,0,0,0
124930,Shadra,,The Venom Queen,,1,1,3,0,78260,0,0,0,1,1,1,1,0,0,0
124931,Krokul Ridgestalker,,,,0,7,0,0,75142,74923,75146,75182,1,0,0,0,107134,0,0
124932,Yazma,,,,1,7,3,0,79568,0,0,0,1,1,1,1,0,0,0
124941,King Rastakhan,,,,1,7,0,0,77461,0,0,0,1,1,1,1,161023,0,0
124944,Ageless Bronze Drake,,,,0,12,0,3,78261,0,0,0,1,1,1,1,0,0,0
124975,Image of Grand Artificer Romuul,,,,0,7,0,0,77938,0,0,0,1,0,0,0,125763,144092,0
125005,Kul Tiran Noble,,,,0,7,0,0,78471,78472,78964,78965,1,1,1,1,0,0,0
125037,Dreadcoil Myrmidon,,,,0,7,0,0,31291,0,0,0,1,1,1,1,54538,0,0
125038,Dreadcoil Spitespeaker,,,,0,7,0,0,32310,0,0,0,1,1,1,1,0,0,0
125042,Gora Layton,,,,0,7,0,0,80844,0,0,0,1,1,1,1,155774,0,0
125057,Krokul Seer,,,,1,7,0,0,75228,75265,75145,75237,1,0,0,0,116389,0,0
125086,Nol the Waveblade,,,,0,7,0,0,66813,0,0,0,1,1,1,1,120477,0,0
125097,Dark Ranger,,,,0,7,0,0,78328,78329,78330,0,1,1,1,1,34284,34284,18680
125105,Walk Kill Credit,,,,0,10,0,0,0,11686,0,0,0,1,0,0,0,0,0
125106,Canter Kill Credit,,,,0,10,0,0,0,11686,0,0,0,1,0,0,0,0,0
125107,Gallop Kill Credit,,,,0,10,0,0,0,11686,0,0,0,1,0,0,0,0,0
125108,Stop Kill Credit,,,,0,10,0,0,0,11686,0,0,0,1,0,0,0,0,0
125109,Blazing Felshard,,,,0,3,0,0,58255,0,0,0,1,1,1,1,0,0,0
125110,Wrathful Ember,,,,6,3,0,0,51621,0,0,0,1,0,0,0,0,0,0
125133,Jump Marker Bunny,,,,0,10,0,0,0,11686,0,0,0,1,0,0,0,0,0
125134,Stormwind Lookout,,,,0,7,0,0,78342,0,0,0,1,1,1,1,0,0,0
125151,Vanguard Portal-Master,,,,0,3,0,0,77892,77891,77889,77890,1,1,1,1,113988,0,0
125152,Vanguard Scout,,,,0,3,0,0,77885,77884,77883,77882,1,1,0,0,124386,124386,0
125157,Talgath,,,,1,3,0,0,78357,0,0,0,1,0,0,0,0,0,0
125174,Dreadcoil Seeker,,,,0,7,0,0,28512,0,0,0,1,1,1,1,52517,52517,0
125181,Spiritwalker Ebonhorn,,,,1,7,0,0,63690,0,0,0,1,0,0,0,118005,118005,0
125196,Royal Dreadguard,,,,0,7,0,0,87522,87523,0,0,1,1,1,1,164001,163998,0
125221,Darkspear Shaman,,,,0,7,0,0,78374,87534,0,0,1,1,1,1,9482,0,0
125231,Tauren Earthshaker,,,,0,7,0,0,88365,88364,88366,0,1,1,1,1,72258,0,0
125263,Ritual Circle,,,,0,10,0,0,42735,11686,0,0,0,1,1,1,0,0,0
125277,Mount Donkey Kill Credit,,,,0,10,0,0,0,11686,0,0,0,1,0,0,0,0,0
125286,Lasso Barrel Kill Credit,,,,0,10,0,0,0,11686,0,0,0,1,0,0,0,0,0
125295,Lasso Keg Kill Credit,,,,0,10,0,0,0,11686,0,0,0,1,0,0,0,0,0
125329,Wag'shash the Bold,,,,0,1,0,0,78437,0,0,0,2,1,1,1,0,0,0
125354,Mana-Drained Frog,,,,0,1,0,0,78437,0,0,0,2,1,1,1,0,0,0
125356,Igrul the Scalebane,,,,0,7,0,0,78453,0,0,0,1,0,0,0,133778,133778,0
125365,Frogmarsh Defender,,,,0,1,0,0,78437,0,0,0,2,1,1,1,0,0,0
125367,Mana-Drained Frog,,,,0,1,0,0,78443,0,0,0,2,1,1,1,0,0,0
125381,Grimestone Invader,,,,0,7,0,0,976,79246,0,0,1,1,1,1,3350,0,0
125396,Pick Up Barrel Kill Credit,,,,0,10,0,0,0,11686,0,0,0,1,0,0,0,0,0
125406,Kil'jaeden,,,,1,7,0,0,76811,0,0,0,1,0,0,0,0,0,0
125418,Frogmarsh Leaper,,,,6,1,0,0,77988,77989,76785,77990,2,2,2,2,0,0,0
125440,Felbroken Crusher,,,,0,7,0,0,75214,75220,75252,75260,1,1,1,1,138737,0,0
125441,Void-Purged Krokul,,,,0,7,0,0,75480,75479,0,0,1,1,0,0,0,0,0
125442,Lightforged Bulwark,,,,0,7,0,0,76336,78378,78387,78386,1,1,1,1,140555,138831,0
125443,Alleria Windrunner,,,,1,7,0,0,76272,0,0,0,1,0,0,0,0,0,151781
125450,Lightforged Centurion (IGC),,,,0,7,0,0,77958,77959,77960,77961,1,1,1,1,101388,138831,0
125451,Lightforged Cleric (IGC),,,,0,7,0,0,78659,0,0,0,1,1,1,1,133471,0,0
125491,Wag'shash the Bold,,,,0,1,0,0,78497,0,0,0,2,1,1,1,0,0,0
125494,SpeedyNumberIII,,,,0,14,0,0,304,0,0,0,1,1,1,1,0,0,0
125507,Krol'dra the Wise,,,,0,1,0,0,78423,0,0,0,2,1,1,1,0,0,0
125508,Wok'grug the Clever,,,,0,1,0,0,78512,0,0,0,1,1,1,1,0,0,0
125512,High Exarch Turalyon,,,,1,7,0,0,75811,0,0,0,1,0,0,0,150577,0,0
125513,Image of Prophet Velen,,,,1,7,0,0,17822,0,0,0,1,0,0,0,152612,0,0
125562,Essence of Eonar,,,,0,10,0,0,79794,0,0,0,1,0,0,0,0,0,0
125565,"Young Archimonde, Corrupted (IGC)",,,,1,7,0,0,78527,0,0,0,1,0,0,0,107249,106108,0
125579,Shadowy Illusion,,,,0,3,0,0,38795,0,0,0,1,0,0,0,0,0,0
125584,Magni Bronzebeard,,,,1,7,0,0,71764,0,0,0,1,0,0,0,101388,138831,0
125604,Eonar,,,,1,7,0,0,79794,0,0,0,1,0,0,0,0,0,0
125682,Prophet Velen,,,,1,7,0,0,17822,0,0,0,1,0,0,0,152612,0,0
125689,Alleria Windrunner,,,,1,7,0,0,76272,0,0,0,1,0,0,0,0,0,151781
125720,Lightforged Beacon,,,,1,9,0,0,78194,0,0,0,1,1,1,1,0,0,0
125821,DO NOT USE Lightforged Soldier,,,,0,7,0,0,76240,0,0,0,1,0,0,0,0,0,0
125824,Khazaduum,,,,2,3,0,0,78946,0,0,0,1,0,0,0,0,0,0
125832,Huln Highmountain,,,,1,7,0,0,81348,0,0,0,1,1,1,1,128808,0,0
125844,Shadowguard Voidbender (IGC),,,,1,7,0,0,76423,0,0,0,1,1,1,1,124732,0,0
125845,Void Discharge (IGC),,,,1,4,0,0,76601,0,0,0,1,1,1,1,0,0,0
125846,Void Flayer(IGC),,,,1,10,0,0,78264,0,0,0,1,1,1,1,0,0,0
125847,L'ura Door Barrier Stalker (IGC),,,,0,10,0,0,11686,0,0,0,1,0,0,0,0,0,0
125869,Void Broken,,,,0,7,0,0,76234,0,0,0,1,0,0,0,0,0,0
125880,Invisible Stalker,,,,0,7,0,0,56187,11686,0,0,0,1,0,0,0,0,0
125899,Lightforged Soldier,,,,0,7,0,0,76428,76240,0,0,1,1,0,0,0,0,0
125934,Invisible Stalker,,,,0,10,0,0,56187,11686,0,0,0,1,1,1,0,0,0
125946,Lo'gwush the Valiant,,,,0,1,0,0,77553,0,0,0,1,1,1,1,0,0,0
125948,Zul the Prophet,,,,1,7,0,0,84351,0,0,0,1,1,1,1,161070,161068,0
125953,Habutu,,Shield of the King,,1,7,0,0,76009,0,0,0,1,1,1,1,94106,94196,0
125956,Invisible Stalker - Cosmetic Souls,,,,0,10,0,0,46003,41199,0,0,0,1,1,1,0,0,0
125968,Prophet Velen,,,,1,7,0,0,17822,0,0,0,1,0,0,0,35714,0,0
126010,Sargeras,,,,1,7,0,0,78494,0,0,0,1,0,0,0,0,0,0
126040,Puscilla,,,,2,3,0,3,66039,0,0,0,1,0,0,0,0,0,0
126058,Fel Broken,,,,0,7,0,0,75143,0,0,0,1,0,0,0,0,0,0
126062,Lady Liadrin,,Blood Knight Matriarch,,1,7,0,0,61971,0,0,0,1,1,1,1,163831,163832,0
126078,Lady Liadrin,,Blood Knight Matriarch,,1,7,0,0,61971,0,0,0,1,1,1,1,163831,163832,0
126111,Brood of Ven'orn,,,,0,1,3,0,78781,0,0,0,1,1,1,1,0,0,0
126114,Vile Felspitter,,,,0,3,0,0,68161,65688,0,0,1,1,0,0,0,0,0
126136,Barrel Checked Kill Credit,,,,0,10,0,0,0,11686,0,0,0,1,0,0,0,0,0
126174,Voracious Scavenger,,,,6,3,0,0,78772,0,0,0,1,0,0,0,0,0,0
126193,Antoran Defender,,,,0,3,0,0,75932,77139,77140,77141,1,1,1,1,147522,0,0
126212,Draenei Guard,,,,1,7,0,0,78795,78796,0,0,1,1,0,0,24019,118555,0
126232,Monster Restored Kill Credit,,,,0,10,0,0,0,11686,0,0,0,1,0,0,0,0,0
126239,Chieftain Hatuun,,,,1,7,0,0,75273,0,0,0,1,0,0,0,73363,0,0
126258,Admiral Svirax,,,,1,3,0,0,74967,0,0,0,1,0,0,0,0,0,0
126280,Generic Bunny,,,,0,10,0,0,20570,11686,0,0,0,1,0,0,0,0,0
126281,Generic Bunny,,,,0,10,0,0,20570,11686,0,0,0,1,0,0,0,0,0
126282,Corrupting Circle Credit,,,,0,10,0,0,20570,27823,0,0,0,1,0,0,0,0,0
126290,Salve Used Credit,,,,0,10,0,0,20570,27823,0,0,0,1,0,0,0,0,0
126294,Gravebloom Salve made Credit,,,,0,10,0,0,20570,27823,0,0,0,1,0,0,0,0,0
126302,Alleria Windrunner,,,,0,7,0,0,76272,0,0,0,1,0,0,0,0,0,151781
126305,High Exarch Turalyon,,,,0,7,0,0,75811,0,0,0,1,1,1,1,150577,0,0
126307,Prophet Velen,,,,1,7,0,0,17822,0,0,0,1,1,1,1,35714,0,0
126309,Anduin Wrynn,,King of Stormwind,,1,7,0,0,86008,0,0,0,1,1,1,1,152482,0,0
126319,High Exarch Turalyon,,,,1,7,0,0,78867,0,0,0,1,1,1,1,150577,0,0
126323,Prophet Velen,,,,1,7,0,0,17822,0,0,0,1,1,1,1,152612,0,0
126326,Gelbin Mekkatorque,,"High Tinker, King of Gnomes",,1,7,0,0,86774,0,0,0,1,1,1,1,0,0,0
126339,Injured Citizen,,,,0,7,0,0,57834,58096,58097,58098,1,1,1,1,0,0,0
126366,Escaping Citizen,,,,0,7,0,0,16921,16922,16923,16924,1,1,1,1,0,0,0
126369,Marrowfly,,,,6,1,44,3,78882,0,0,0,1,1,1,1,0,0,0
126382,Hopeless Echo,,,,0,7,0,0,78890,78891,78892,78893,1,1,1,1,0,0,0
126425,Vindicaar Matrix Core,,,,0,10,0,3,22903,11686,0,0,0,1,0,0,0,0,0
126436,Lightforged Beacon IGC,,,,1,10,0,0,77656,0,0,0,1,0,0,0,0,0,0
126444,Felguard,,,,1,3,0,0,79677,0,0,79678,1,0,0,1,0,0,0
126472,Eitrigg,,,,1,7,0,0,82115,0,0,0,1,1,1,1,10612,107339,0
126498,Felguard Destroyer,,,,1,3,0,0,79677,0,0,0,1,0,0,0,0,0,0
126501,Lightforged Centurion,,,,0,7,0,0,79992,0,79994,0,1,0,1,0,0,0,0
126560,Wardruid Loti,,Zanchuli Council,,1,7,0,0,78971,0,0,0,1,1,1,1,128100,0,0
126564,Hexlord Raal,,Zanchuli Council,,1,7,0,0,78972,0,0,0,1,1,1,1,0,0,0
126579,Ghost Shark,,,,0,12,0,3,78989,0,0,0,1,0,0,0,0,0,0
126581,Roughneck Rider,,,,0,7,0,0,78990,80845,78992,80846,1,1,1,1,0,0,0
126582,Roughneck Rider,,,,0,7,0,0,78994,78993,85213,85214,1,1,1,1,0,0,0
126598,A Fish,,,,0,8,0,0,39933,0,0,0,1,0,0,0,0,0,0
126619,Eredar Brute (IGC),,,,0,3,0,0,74891,0,0,0,1,0,0,0,0,0,0
126620,Flynn Fairwind,,,,0,7,0,0,76222,0,0,0,1,1,1,1,155766,155766,0
126671,Pay Respects Credit,,,,0,10,0,0,20570,27823,0,0,0,1,0,0,0,0,0
126676,Cave Scouted Kill Credit,,,,0,10,0,0,0,11686,0,0,0,1,0,0,0,0,0
126684,Yazma,,Zanchuli Council,,1,7,0,0,76962,0,0,0,1,1,1,1,126524,0,0
126694,Felhunter,,,,0,3,15,0,77398,0,0,0,1,1,1,1,0,0,0
126718,Freehold Porter,,,,0,7,0,0,79064,79065,79066,79067,1,1,1,1,0,0,0
126719,Irontide Cutthroat,,Irontide Raiders,,0,7,0,0,79068,79069,79070,79071,1,1,1,1,851,0,0
126720,Irontide Ruffian,,Irontide Raiders,,0,7,0,0,79072,79073,0,0,1,1,1,1,15905,15905,0
126732,Pinky,,,,1,1,39,0,76972,0,0,0,1,1,1,1,0,0,0
126735,Irontide Brinecaster,,Irontide Raiders,,0,7,0,0,79077,79078,79079,79080,1,1,1,1,44219,0,0
126765,Nath'raxxan Soulweaver,,,,0,3,0,0,77886,77888,0,0,1,1,1,1,113988,0,0
126770,Irontide Overseer,,Irontide Raiders,,0,7,0,0,79088,79089,0,0,1,0,1,1,160421,0,0
126771,Irontide Horse,,,,0,1,299,0,76855,0,0,0,1,1,1,1,0,0,0
126773,Locus-Walker,,,,0,7,0,0,78749,0,0,0,1,1,1,1,124381,0,0
126774,Irontide Trickshot,,Irontide Raiders,,0,7,0,0,79091,79092,0,0,1,1,1,1,0,0,155816
126838,Mountain Donkey,,,,0,1,0,0,82950,0,0,0,1,1,1,1,0,0,0
126849,Pile of Stones,,,,0,10,0,3,22903,11686,0,0,0,1,0,0,0,0,0
126868,Turek the Lucid,,,,2,7,0,0,79143,0,0,0,1,0,0,0,0,0,0
126900,Instructor Tarahna,,,,2,7,0,0,79160,0,0,0,1,0,0,0,115833,0,0
126943,Antoran Soul Harvester,,,,0,3,0,0,69195,0,0,0,1,1,1,1,0,0,0
126950,Prophet Velen,,,,1,7,0,0,17822,0,0,0,1,0,0,0,0,0,0
126954,High Exarch Turalyon,,,,1,7,0,0,75811,0,0,0,1,0,0,0,150577,0,0
127009,Krokul Ridgestalker,,,,0,7,0,0,78395,0,0,0,1,0,0,0,107134,0,0
127013,Falcon Shot Kill Credit,,,,0,10,0,0,0,11686,0,0,0,1,0,0,0,0,0
127039,Void-Purged Krokul,,,,0,7,0,0,76236,0,0,0,1,1,1,1,0,0,0
127099,Urok,,,,1,1,39,0,84196,0,0,0,0,1,1,1,0,0,0
127106,Irontide Officer,,,,1,7,0,0,81286,0,0,0,1,1,1,1,155800,0,0
127111,Irontide Oarsman,,,,1,7,0,0,81279,81280,0,0,1,1,1,1,160315,0,0
127135,Pile of Stones,,,,0,10,0,3,22903,11686,0,0,0,1,0,0,0,0,0
127137,Pile of Stones,,,,0,10,0,3,22903,11686,0,0,0,1,0,0,0,0,0
127143,Dockmaster Marl,,,,0,7,0,0,79088,0,0,0,1,1,1,1,2480,0,0
127146,Pile of Stones,,,,0,10,0,3,22903,11686,0,0,0,1,0,0,0,0,0
127162,Antoran Soulshaper,,,,0,3,0,0,79290,79289,79287,79288,1,1,1,1,138191,0,0
127172,Tethered Goods,,,,6,10,0,3,64062,11686,0,0,0,1,0,0,0,0,0
127175,Rig Robbing Bunny,,,,6,10,0,3,64062,11686,0,0,0,1,0,0,0,0,0
127190,The Paraxis,,,,0,10,0,3,65683,0,0,0,1,0,0,0,0,0,0
127222,Hexlord Raal,,Zanchuli Council,,1,7,0,0,78972,0,0,0,1,1,1,1,0,0,0
127227,Flopping Fish,,,,6,10,0,3,64062,11686,0,0,0,1,0,0,0,0,0
127228,Pitlord,,,,1,3,0,0,79683,0,0,0,1,0,0,0,0,0,0
127236,Crawg Spawnling,,,,6,1,296,0,79304,79305,0,0,1,1,1,1,0,0,0
127295,Void Image,,,,1,7,0,0,79003,0,0,0,1,0,0,0,27905,27905,0
127301,Sister Subversia,,Coven of Shivarra,,2,3,0,0,77324,0,0,0,1,1,1,1,32369,32369,0
127302,Vagath the Betrayed,,,,2,3,0,0,74446,0,0,0,1,0,0,0,0,0,0
127303,Tereck the Selector,,,,2,3,0,0,78217,0,0,0,1,0,0,0,113913,0,0
127304,Talestra the Vile,,,,2,3,0,0,77540,0,0,0,1,0,0,0,138737,0,0
127305,Commander Sathrenael,,,,2,3,0,0,78814,0,0,0,1,0,0,0,147493,0,0
127307,Naroua,,King of the Forest,,2,1,2,0,78926,0,0,0,1,0,0,0,0,0,0
127308,Khazaduum,,,,2,3,0,0,78946,0,0,0,1,0,0,0,0,0,0
127309,Imp Mother Laglath,,,,2,3,0,0,72942,0,0,0,1,0,0,0,0,0,0
127310,Gar'zoth,,,,2,3,0,0,20907,0,0,0,1,0,0,0,28365,0,0
127311,Blistermaw,,,,2,3,0,0,78588,0,0,0,1,0,0,0,0,0,0
127312,Mistress Il'thendra,,,,2,3,0,0,77165,0,0,0,1,0,0,0,70227,0,0
127313,Siegemaster Voraan,,,,2,3,0,0,75765,0,0,0,1,0,0,0,147493,0,0
127320,Instructor Tarahna,,,,2,7,0,0,79160,0,0,0,1,0,0,0,115833,0,0
127321,Jed'hin Champion Vorusk,,,,2,7,0,0,79157,0,0,0,1,0,0,0,0,0,0
127322,Sorolis the Ill-Fated,,,,2,7,0,0,79150,0,0,0,1,0,0,0,124728,0,0
127323,Ataxon,,,,2,3,0,0,76477,0,0,0,1,0,0,0,0,0,0
127324,Captain Faruq,,,,2,7,0,0,76899,0,0,0,1,0,0,0,0,0,0
127325,Turek the Lucid,,,,2,7,0,0,79143,0,0,0,1,0,0,0,0,0,0
127326,Venomtail Skyfin,,,,2,1,34,3,79142,0,0,0,1,0,0,0,0,0,0
127327,Vigilant Kuro,,,,2,9,0,0,79141,0,0,0,1,0,0,0,114823,114824,0
127328,Vigilant Thanos,,,,2,9,0,0,79140,0,0,0,1,0,0,0,114823,114824,0
127329,Kaara the Pale,,,,2,1,0,0,79136,0,0,0,1,0,0,0,0,0,0
127330,Wrangler Kravos,,,,2,7,0,0,79133,0,0,0,1,0,0,0,0,0,0
127331,Shadowcaster Voruun,,,,2,7,0,0,77107,0,0,0,1,1,1,1,0,0,0
127334,Varga,,,,2,1,2,0,78793,0,0,0,1,1,1,1,0,0,0
127335,Inquisitor Vethroz,,,,2,3,0,0,74572,0,0,0,1,0,0,0,0,0,0
127336,All-Seer Xanarian,,,,2,3,0,0,64719,0,0,0,1,0,0,0,0,0,0
127337,Commander Texlaz,,,,2,3,0,0,71253,0,0,0,1,0,0,0,0,0,0
127338,Admiral Rel'var,,,,2,3,0,0,76275,0,0,0,1,0,0,0,0,0,0
127339,Watcher Aival,,,,2,3,0,0,74729,0,0,0,1,0,0,0,0,0,0
127340,Lieutenant Xakaar,,Hand of Svirax,,2,3,0,0,78814,0,0,0,1,0,0,0,147495,0,0
127341,Everburning Doombringer,,,,2,3,0,0,63864,0,0,0,1,0,0,0,0,0,0
127342,Void Warden Valsuran,,,,2,3,0,0,78507,0,0,0,1,0,0,0,0,0,0
127343,Worldsplitter Skuul,,,,2,3,0,3,79261,0,0,0,1,0,0,0,134126,0,0
127344,Houndmaster Kerrax,,,,2,3,0,0,71965,0,0,0,1,0,0,0,139007,0,0
127345,Wrath-Lord Yarez,,,,2,3,0,0,78873,0,0,0,1,0,0,0,124026,0,0
127377,Pa'ku,,Lord of Winds,,1,10,0,3,80026,0,0,0,1,1,1,1,0,0,0
127408,Mo'arg,,,,1,3,0,0,79688,0,0,0,1,0,0,0,0,0,0
127421,Check Out Stable Kill Credit,,,,0,10,0,0,0,11686,0,0,0,1,0,0,0,0,0
127426,Check Out Catering Kill Credit,,,,0,10,0,0,0,11686,0,0,0,1,0,0,0,0,0
127438,Akunda the Blessed,,,,0,7,0,0,79431,0,0,0,1,1,1,1,0,0,0
127439,Akunda the Divine,,,,0,7,0,0,79433,0,0,0,1,1,1,1,0,0,0
127440,Akunda the Revered,,,,0,7,0,0,79432,0,0,0,1,1,1,1,0,0,0
127441,Akunda the Hallowed,,,,0,7,0,0,79434,0,0,0,1,1,1,1,0,0,0
127489,Hexlord Raal,,Zanchuli Council,,1,7,0,0,78972,0,0,0,1,1,1,1,0,0,0
127501,Pile of Stones,,,,0,10,0,3,22903,11686,0,0,0,1,0,0,0,0,0
127504,Pile of Stones,,,,0,10,0,3,22903,11686,0,0,0,1,0,0,0,0,0
127505,Pile of Stones,,,,0,10,0,3,22903,11686,0,0,0,1,0,0,0,0,0
127516,Check Out Mountainfolk Kill Credit,,,,0,10,0,0,0,11686,0,0,0,1,0,0,0,0,0
127534,Rose,,,,0,1,0,0,85221,0,0,0,1,1,1,1,0,0,0
127537,Geraldine,,,,0,7,0,0,79478,0,0,0,1,0,0,0,0,0,0
127538,Ride Norwington Horse Kill Credit,,,,0,10,0,0,0,11686,0,0,0,1,0,0,0,0,0
127539,Horse Brought to Norwington Kill Credit,,,,0,10,0,0,0,11686,0,0,0,1,0,0,0,0,0
127540,Zandalari Forces Kill Credit,,,,0,10,0,0,0,11686,0,0,0,1,0,0,0,0,0
127562,Kul Tiran Noble,,,,0,7,0,0,82612,78475,78962,78963,1,1,1,1,155798,0,0
127573,Grimestone Raider,,,,0,7,0,0,765,0,0,0,1,1,1,1,3350,0,0
127574,Grimestone Raider,,,,0,1,0,0,81928,0,0,0,1,1,1,1,0,0,0
127576,Wardruid Loti,,Zanchuli Council,,1,7,0,0,78971,0,0,0,1,1,1,1,128100,0,0
127587,Antoran Soulshaper,,,,1,3,0,0,79290,79289,79287,79288,1,1,1,1,138191,0,0
127637,Follow Majo Kill Credit,,,,0,10,0,0,0,11686,0,0,0,1,0,0,0,0,0
127638,Help Majo Kill Credit,,,,0,10,0,0,0,11686,0,0,0,1,0,0,0,0,0
127640,Invisible Stalker,,,,0,10,0,0,56187,11686,0,0,0,1,1,1,0,0,0
127641,Lead Majo Kill Credit,,,,0,10,0,0,0,11686,0,0,0,1,0,0,0,0,0
127649,Generic Bunny,,,,0,10,0,0,21955,11686,0,0,0,1,0,0,0,0,0
127657,Felguard Red  (IGC),,,,0,7,0,0,20531,0,0,0,1,1,1,1,0,0,0
127658,Infernal  (IGC),,,,0,3,0,0,63864,0,0,0,1,1,1,1,0,0,0
127659,Felhound Felhunter  (IGC),,,,0,7,0,0,1913,0,0,0,1,1,1,1,0,0,0
127713,Portable Audiophone,,,,0,9,0,0,82537,0,0,0,1,1,1,1,0,0,0
127768,Siege Monstrosity,,,,1,6,39,0,78169,0,0,0,0,1,1,1,0,0,0
127776,Scaleclaw Broodmother,,,,4,1,288,0,79365,0,0,0,1,1,1,1,0,0,0
127779,Blood Weaver,,,,1,7,0,0,75882,75883,75884,75885,1,1,1,1,52942,0,0
127802,Invisible Stalker,,,,0,10,0,0,56187,11686,0,0,0,1,1,1,0,0,0
127843,Amanthul's Soul (IGC),,,,1,10,0,0,79625,0,0,0,1,0,0,0,0,0,0
127850,Tinytron,,,,0,12,0,0,79630,79631,79632,79633,1,1,1,1,0,0,0
127852,Discarded Experiment,,,,0,12,0,0,79634,0,0,0,1,0,0,0,0,0,0
127853,Rattlejaw,,,,0,12,0,0,24751,0,0,0,1,0,0,0,0,0,0
127857,Twilight Clutch-Sister,,,,0,12,0,0,79635,79636,74423,0,2,1,2,0,0,0,0
127858,Bound Stream,,,,0,12,0,0,79637,0,0,0,1,0,0,0,0,0,0
127859,Faceless Minion,,,,0,12,0,0,79638,0,0,0,1,0,0,0,0,0,0
127862,Zephyrian Prince,,,,0,12,0,0,79641,0,0,0,1,0,0,0,0,0,0
127863,Drafty,,,,0,12,0,0,79639,0,0,0,1,0,0,0,0,0,0
127868,Echo of Hatuun,,Council to the Triumvirate,,0,7,0,0,79644,0,0,0,1,0,0,0,105909,0,0
127871,Echo of Archimonde,,The Triumvirate,,1,7,0,0,79646,0,0,0,1,0,0,0,125845,0,0
127881,Hungry Lion Seal,,,,0,1,0,0,24926,24929,0,0,1,1,1,1,0,0,0
127890,Augari Wakener,,,,0,7,0,0,79661,79662,79663,79664,1,1,1,1,124728,0,0
127891,Augari Consul,,,,0,7,0,0,79665,79666,79667,79668,1,1,1,1,115833,0,0
127899,Trogg Proxy,,,,0,10,0,0,0,11686,0,0,0,1,0,0,0,0,0
127922,Stalker,,,,0,10,0,0,1126,11686,0,0,0,1,0,0,0,0,0
127940,Kul Tiran Empowered Kill Credit,,,,0,10,0,0,0,11686,0,0,0,1,0,0,0,0,0
127947,Blazehound,,,,0,12,0,0,79707,0,0,0,1,0,0,0,0,0,0
127948,Cinderweb Recluse,,,,0,12,0,0,45289,0,0,0,1,0,0,0,0,0,0
127950,Surger,,,,0,12,0,0,79709,0,0,0,1,0,0,0,0,0,0
127951,Infernal Pyreclaw,,,,0,12,0,0,38283,0,0,0,1,0,0,0,0,0,0
127952,Faceless Mindlasher,,,,0,12,0,0,65888,0,0,0,1,0,0,0,0,0,0
127953,Corrupted Blood,,,,0,12,0,0,71972,0,0,0,1,0,0,0,0,0,0
127954,Unstable Tendril,,,,0,12,0,0,79711,0,0,0,1,0,0,0,0,0,0
127956,Amalgam of Destruction,,,,0,12,0,0,79712,0,0,0,1,0,0,0,0,0,0
127966,Akunda the Exalted,,,,0,7,0,0,87330,0,0,0,1,1,1,1,0,0,0
127983,T'paartos,,,,1,7,0,0,79658,79624,79659,0,1,0,0,0,0,0,0
127986,Snowglobe Stalker,,,,0,7,0,0,46003,41199,0,0,0,1,0,0,0,0,0
127987,Snowglobe Stalker 2,,,,0,7,0,0,46003,41199,0,0,0,1,0,0,0,0,0
127994,Pile of Stones,,,,0,10,0,3,22903,11686,0,0,0,1,0,0,0,0,0
127996,Pile of Stones,,,,0,10,0,3,22903,11686,0,0,0,1,0,0,0,0,0
127997,Pile of Stones,,,,0,10,0,3,22903,11686,0,0,0,1,0,0,0,0,0
127998,Pile of Stones,,,,0,10,0,3,22903,11686,0,0,0,1,0,0,0,0,0
128000,Pile of Stones,,,,0,10,0,3,22903,11686,0,0,0,1,0,0,0,0,0
128007,Ruinhoof,,,,0,14,0,0,79742,0,0,0,1,1,1,1,0,0,0
128008,Foulclaw,,,,0,14,0,0,79743,0,0,0,1,1,1,1,0,0,0
128009,Baneglow,,,,0,14,0,2,79744,0,0,0,1,1,1,1,0,0,0
128010,Retch,,,,0,14,0,0,79746,0,0,0,1,1,1,1,0,0,0
128011,Deathscreech,,,,0,14,0,2,79747,0,0,0,1,1,1,1,0,0,0
128012,Gnasher,,,,0,14,0,0,79745,0,0,0,1,1,1,1,0,0,0
128013,Bucky,,,,0,14,0,0,79748,0,0,0,1,1,1,1,0,0,0
128014,Snozz,,,,0,14,0,0,75476,0,0,0,1,1,1,1,0,0,0
128015,Gloamwing,,,,0,14,0,2,79749,0,0,0,1,1,1,1,0,0,0
128016,Shadeflicker,,,,0,14,0,0,79735,0,0,0,1,1,1,1,0,0,0
128017,Corrupted Blood of Argus,,,,0,14,0,0,79736,0,0,0,1,1,1,1,0,0,0
128018,Mar'cuus,,,,0,14,0,0,79737,0,0,0,1,1,1,1,0,0,0
128019,Watcher,,,,0,14,0,0,63537,0,0,0,1,1,1,1,0,0,0
128020,Bloat,,,,0,14,0,0,79750,0,0,0,1,1,1,1,0,0,0
128021,Earseeker,,,,0,14,0,2,79751,0,0,0,1,1,1,1,0,0,0
128022,Pilfer,,,,0,14,0,0,79738,0,0,0,1,1,1,1,0,0,0
128023,Minixis,,,,0,14,0,0,79739,0,0,0,1,1,1,1,0,0,0
128024,One-of-Many,,,,0,14,0,0,79741,0,0,0,1,1,1,1,0,0,0
128118,Cross Gazer,,,,0,12,0,3,79777,0,0,0,1,1,1,1,0,0,0
128119,Orphaned Marsuul,,,,0,12,0,0,79776,0,0,0,1,0,0,0,0,0,0
128137,Fel Lasher,,,,0,12,0,0,79783,0,0,0,1,0,0,0,0,0,0
128146,Felclaw Marsuul,,,,0,12,0,0,78451,0,0,0,1,1,1,1,0,0,0
128147,Akunda the Exalted,,,,1,7,0,0,79716,0,0,0,1,1,1,1,0,0,0
128156,Globe Yeti,,,,0,14,0,0,79795,0,0,0,0,0,0,0,0,0,0
128157,Docile Skyfin,,,,0,12,0,3,79796,0,0,0,1,0,0,0,0,0,0
128158,Fel-Afflicted Skyfin,,,,0,12,0,3,79797,0,0,0,1,0,0,0,0,0,0
128159,Grasping Manifestation,,,,0,12,0,0,79760,0,0,0,0,0,0,0,0,0,0
128160,Fossorial Bile Larva,,,,0,12,0,0,79798,0,0,0,1,0,0,0,0,0,0
128162,Bile Larva,,,,0,14,0,0,77759,77760,0,0,1,4,0,0,0,0,0
128163,Antoran Bile Larva,,,,0,14,0,0,79363,77760,0,0,1,4,0,0,0,0,0
128164,Bilescourge,,,,0,14,0,3,78449,0,0,0,1,0,0,0,0,0,0
128166,Flickering Argunite,,,,0,14,0,3,78464,0,0,0,1,0,0,0,0,0,0
128167,Skyfin Juvenile,,,,0,14,0,3,78499,78500,0,0,1,1,0,0,0,0,0
128168,Voidstalker Runt,,,,0,14,0,0,78502,0,0,0,1,0,0,0,0,0,0
128169,Magni Bronzebeard,,,,1,7,0,0,71764,0,0,0,1,0,0,0,101388,138831,0
128170,Warpstalker Runt,,,,0,14,0,0,78508,0,0,0,1,0,0,0,0,0,0
128171,Void Shardling,,,,0,14,0,3,78509,0,0,0,1,0,0,0,0,0,0
128172,Arcane Gorger,,,,0,14,0,3,78595,78597,0,0,1,0,0,0,0,0,0
128173,Pygmy Marsuul,,,,0,14,0,0,78599,78598,0,0,1,1,0,0,0,0,0
128174,Felcrazed Wyrm,,,,0,14,0,3,78606,0,0,0,1,0,0,0,0,0,0
128175,Antoran Bilescourge,,,,0,14,0,3,79358,0,0,0,1,0,0,0,0,0,0
128189,Stocky Horse,,,,0,1,299,0,76888,0,0,0,1,1,1,1,0,0,0
128229,Stabby Jane,,,,0,7,0,0,79841,0,0,0,1,1,1,1,160435,0,0
128232,Gravebloom Credit,,,,0,10,0,0,20570,27823,0,0,0,1,0,0,0,0,0
128234,Castaway Peacekeeper,,,,1,7,0,0,86905,79065,86906,79067,1,1,1,1,161445,0,76980
128303,Lightforged Beacon,,,,1,9,0,0,78194,0,0,0,1,1,1,1,0,0,0
128304,Lightforged Beacon,,,,1,9,0,0,78194,0,0,0,1,1,1,1,0,0,0
128344,Bloodbelly Flyer,,,,0,1,296,0,76650,0,0,0,1,1,1,1,0,0,0
128378,Skull Wave Controller,,,,0,10,0,0,11686,0,0,0,1,1,1,1,0,0,0
128388,Rebellious Imp,,,,0,12,0,0,79888,79890,0,0,1,1,1,1,0,0,0
128392,Backpack Credit,,,,0,10,0,0,20570,27823,0,0,0,1,0,0,0,0,0
128393,Journal Credit,,,,0,10,0,0,20570,27823,0,0,0,1,0,0,0,0,0
128396,Uuna,,,,0,12,0,0,76829,0,0,0,1,1,1,1,0,0,0
128398,Wind Rider,,,,0,7,0,3,86557,86558,0,0,1,1,1,1,0,0,0
128402,Wind Rider,,,,0,7,0,3,86557,86558,0,0,1,1,1,1,0,0,0
128467,Elijah Eggleton,,Sausages,,0,7,0,0,79948,0,0,0,1,1,1,1,0,0,0
128481,PC - Void Elf Female,,,,0,7,0,0,75083,0,0,0,1,0,0,0,0,0,0
128482,PC - Void Elf Male,,,,0,7,0,0,75082,0,0,0,1,0,0,0,0,0,0
128483,PC - Nightborne Elf Female,,,,0,7,0,0,67345,0,0,0,1,0,0,0,0,0,0
128484,PC - Nightborne Elf Male,,,,0,7,0,0,68890,0,0,0,1,0,0,0,0,0,0
128485,PC - Highmountain Tauren Female,,,,0,7,0,0,73318,0,0,0,1,0,0,0,0,0,0
128486,PC - Highmountain Tauren Male,,,,0,7,0,0,65479,0,0,0,1,0,0,0,0,0,0
128487,PC - Lightforged Draenei Female,,,,0,7,0,0,77524,0,0,0,1,0,0,0,0,0,0
128488,PC - Lightforged Draenei Male,,,,0,7,0,0,76336,0,0,0,1,0,0,0,0,0,0
128521,Old Rotana,,Bulwark of Torcali,,1,1,0,0,47310,0,0,0,1,1,1,1,0,0,0
128538,Goblin Rocket,,,,0,7,0,3,58149,0,0,0,1,1,1,1,0,0,0
128551,Irontide Mastiff,,,,1,1,52,0,30223,0,0,0,1,1,1,1,0,0,0
128553,Azer'tor,,,,4,4,0,0,82998,0,0,0,1,1,1,1,0,0,0
128589,Lightforged Centurion,,,,0,7,0,0,79992,0,79994,0,1,0,1,0,0,0,0
128674,Gut-Gut the Glutton,,,,4,7,0,0,80078,0,0,0,1,1,1,1,0,0,0
128686,Kamid the Trapper,,,,4,7,0,0,83351,0,0,0,1,1,1,1,156877,0,0
128700,Irontide Recruiter,,Irontide Raiders,,0,7,0,0,79069,0,0,0,1,1,1,1,851,0,0
128704,Great Sea Vagrant,,,,0,7,0,0,79064,79065,79066,79067,1,1,1,1,0,0,0
128705,Great Sea Privateer,,,,0,7,0,0,80087,80088,80089,80090,1,1,1,1,0,0,0
128722,Prophet Velen,,,,1,7,0,0,17822,0,0,0,1,0,0,0,0,0,0
128725,Prophet Velen,,,,1,7,0,0,17822,0,0,0,1,0,0,0,0,0,0
128735,Prophet Velen,,,,1,7,0,0,17822,0,0,0,1,0,0,0,0,0,0
128838,Pack Mule,,,,0,1,299,0,76875,0,0,0,1,1,1,1,0,0,0
128842,Satchel of Seaweed Kill Credit,,,,0,10,0,0,0,11686,0,0,0,1,0,0,0,0,0
128886,Irontide Bouncer,,,,1,7,0,0,79088,0,0,0,1,1,1,1,2480,0,0
128893,Vinyeti,,NOT USED PLACEHOLDER,,4,7,0,0,80243,0,0,0,1,1,1,1,0,0,0
128903,Carentan,,,,0,7,0,0,80247,0,0,0,1,0,0,0,0,0,0
128910,Crawgling Spawn,,,,6,1,296,0,79305,80183,0,0,1,1,1,1,0,0,0
128949,Prophet Velen,,,,1,7,0,0,17822,0,0,0,1,0,0,0,152612,0,0
128951,Nez'ara,,,,4,7,0,0,80291,0,0,0,1,1,1,1,0,0,0
128960,Sick Villager Proxy,,,,0,10,0,0,0,11686,0,0,0,1,0,0,0,0,0
128969,Ashvane Commander,,,,1,7,0,0,84067,84068,0,0,1,1,1,1,163777,0,0
128976,Krolusk Dunecrawler,,,,0,1,0,0,75601,0,0,0,1,1,1,1,0,0,0
128991,Vulpera Padfoot,,The Bilge Rats,,0,7,0,0,80319,80320,0,0,1,1,1,1,5283,5283,0
128994,Bristleback Horker,,The Bilge Rats,,0,7,0,0,6078,0,0,0,1,1,1,1,2695,0,0
128995,Ookin Swabby,,The Bilge Rats,,0,7,0,0,80322,0,0,0,1,1,1,1,164311,13605,0
128997,Brinescale Wavecaller,,The Bilge Rats,,0,7,0,0,80475,0,0,0,1,1,1,1,79832,0,0
128998,Captain Eudora,,The Bilge Rats,,1,7,0,0,80007,0,0,0,1,0,0,0,0,0,153433
129006,Nazeshi Banner,,,,0,10,0,0,66113,0,0,0,1,1,1,1,0,0,0
129009,Vulpera Mixologist,,The Bilge Rats,,0,7,0,0,80327,80328,0,0,1,1,1,1,5283,52359,0
129013,Cutwater Knife Juggler,,Cutwater Corsairs,,0,7,0,0,80335,80336,0,0,1,1,1,1,56817,0,6886
129025,Cutwater Duelist,,Cutwater Corsairs,,0,7,0,0,80339,80340,0,0,1,1,1,1,54824,0,0
129029,Cutwater Reaver,,Cutwater Corsairs,,0,7,0,0,80341,0,0,0,1,1,1,1,36749,36749,0
129030,Cutwater Scoundrel,,Cutwater Corsairs,,0,7,0,0,80343,80344,0,0,1,1,1,1,161445,0,0
129049,Tottle,,,,0,12,0,0,87401,0,0,0,1,1,1,1,0,0,0
129067,Cutwater Card Shark,,Cutwater Corsairs,,0,7,0,0,88457,88458,0,0,1,1,1,1,155766,0,0
129075,Bones,,,,0,1,0,0,30211,0,0,0,1,1,0,0,0,0,0
129081,Nazeshi Supplies,,,,0,10,0,0,67458,0,0,0,1,1,1,1,0,0,0
129092,Hozen Hang Bunny,,,,6,10,0,3,64062,11686,0,0,0,1,1,1,0,0,0
129095,Blacktooth Knuckleduster,,Blacktooth Brawlers,,0,7,0,0,79072,79073,0,0,1,1,1,1,15905,15905,0
129096,Hands,,,,0,7,0,0,80379,0,0,0,1,1,1,1,0,0,0
129097,Blacktooth Scrapper,,Blacktooth Brawlers,,0,7,0,0,80380,80381,0,0,1,1,1,1,0,0,0
129114,Illidan Stormrage,,,,0,3,0,0,74146,0,0,0,1,1,1,0,150732,150732,0
129115,Tyrande Whisperwind,,,,1,7,0,0,39623,0,0,0,1,0,0,0,0,0,0
129116,Malfurion Stormrage,,,,1,7,0,0,35095,0,0,0,1,0,0,0,0,0,0
129121,Blacktooth Brute,,Blacktooth Brawlers,,0,7,0,0,80389,80390,0,0,1,1,1,1,5301,0,0
129122,Stabby Jane,,,,0,7,0,0,79841,0,0,0,1,1,1,1,3368,0,0
129131,Zandalari Spirit,,,,0,6,0,0,80397,80398,80399,80400,1,1,1,1,0,0,0
129139,Freehold Colt,,,,0,1,299,0,76855,229,2325,0,1,1,1,1,0,0,0
129140,Ookin Crewman,,The Bilge Rats,,0,7,0,0,80402,0,0,0,1,1,1,1,1897,0,0
129153,Bandicoon,,,,0,8,0,0,40089,0,0,0,1,0,0,0,0,0,0
129180,Warbringer Hozzik,,,,4,7,0,0,80424,0,0,0,1,1,1,1,0,0,0
129201,Kaza'jin the Wavebinder,,Shipwright,,0,7,0,0,80448,0,0,0,1,0,0,0,0,0,0
129209,Illidan Stormrage,,,,0,7,0,0,80439,0,0,0,1,1,1,1,0,0,0
129210,Malfurion Stormrage,,,,0,7,0,0,80440,0,0,0,1,1,1,1,0,0,0
129211,Tyrande Whisperwind,,,,0,7,0,0,80441,0,0,0,1,1,1,1,0,0,0
129212,Habutu,,,,1,7,0,0,76009,0,0,0,1,0,0,0,94106,94196,0
129222,Zolani,,,,1,7,0,0,77146,0,0,0,1,0,0,0,96621,0,0
129224,Bladeguard Kaja,,,,1,7,0,0,80740,0,0,0,1,1,1,1,94106,0,0
129252,Brinescale Gladiator,,The Bilge Rats,,0,7,0,0,80454,0,0,0,1,1,1,1,54539,0,0
129253,REUSE,,,,0,12,0,0,80456,0,0,0,1,1,1,1,0,0,0
129254,Freehold Blacksmith,,,,1,7,0,0,80425,0,0,0,1,1,1,1,45123,0,0
129256,Bloodfeaster Larva,,,,0,14,0,0,80457,0,0,0,1,1,1,1,0,0,0
129257,Sulthis' Keystone,,,,0,10,0,0,86116,0,0,0,1,1,1,1,0,0,0
129273,Vilnak'dor,,,,0,7,0,0,47380,0,0,0,1,0,0,0,0,0,0
129283,Jumbo Sandsnapper,,,,4,1,8,0,80500,0,0,0,1,1,1,1,0,0,0
129292,Clockwork Sentry,,,,0,12,0,0,80506,0,0,0,1,1,1,1,0,0,0
129299,Whistlebloom Egg,,,,6,10,0,0,80518,0,0,0,1,1,1,1,0,0,0
129304,General Jakra'zet,,Zanchuli Council,,1,7,0,0,82968,0,0,0,1,1,1,1,0,0,0
129311,Hir'eek,,Lord of the Midnight Sky,,1,1,0,3,80851,0,0,0,1,1,1,1,0,0,0
129368,Ritual Circle Kill Credit,,,,0,10,0,0,0,11686,0,0,0,1,0,0,0,0,0
129377,Priestess Alun'za,,,,1,7,0,0,80293,0,0,0,1,0,0,0,0,0,0
129395,Hir'eek,,Lord of the Midnight Sky,,1,1,0,3,80851,0,0,0,1,1,1,1,0,0,0
129401,Zandalari Male Kid,,,,0,7,0,0,77184,0,0,0,1,1,1,1,0,0,0
129402,Zandalari Female Kid,,,,0,7,0,0,77187,0,0,0,1,1,1,1,0,0,0
129403,Serrik,,,,0,7,0,0,80625,0,0,0,1,0,0,0,0,0,0
129405,Sethrak Melee,,,,0,7,0,0,80445,80604,0,0,1,1,0,0,0,0,0
129407,Sethrak Caster,,,,0,7,0,0,80485,80603,0,0,1,0,0,0,0,0,0
129409,Zolani,,Blade of the King,,1,7,0,0,77146,0,0,0,1,1,1,1,153584,0,0
129415,Viq'Goth,,,,1,1,0,3,85051,0,0,0,1,1,1,1,0,0,0
129439,Zandalari Exile,,,,0,7,0,0,79862,79861,0,0,1,1,0,0,0,0,0
129444,Sethrak Boss Male,,,,0,7,0,0,80445,0,0,0,1,0,0,0,0,0,0
129447,Hir'eek,,Lord of the Midnight Sky,,1,1,0,3,80851,0,0,0,1,1,1,1,0,0,0
129449,Lightforged Beacon,,,,1,9,0,0,78194,0,0,0,1,1,1,1,0,0,0
129456,Gryphon Ride Kill Credit,,,,0,10,0,0,0,11686,0,0,0,1,0,0,0,0,0
129467,Shredder,,,,1,9,0,0,80615,0,0,0,0,1,1,1,0,0,0
129491,King Rastakhan,,,,1,7,0,0,77461,0,0,0,1,1,1,1,161023,0,0
129492,Rezan,,Loa of Kings,,1,1,0,0,81200,0,0,0,1,1,1,1,0,0,0
129499,Sandspinner Egg,,,,0,10,0,0,42349,0,0,0,1,1,1,1,0,0,0
129515,Kao-Tien Battlemaster,,,,0,7,0,0,80787,0,0,0,1,1,1,1,82348,0,0
129518,Serrik,,,,0,7,0,0,80625,0,0,0,1,1,1,1,0,0,0
129519,Vorrik,,,,0,7,0,0,80334,0,0,0,1,1,1,1,0,0,0
129561,Wardruid Loti,,Zanchuli Council,,1,7,0,0,78971,0,0,0,1,1,1,1,128100,0,0
129594,Hezzil,,,,0,7,0,0,80628,0,0,0,1,0,0,0,0,0,0
129614,Priestess Alun'za,,,,1,7,0,0,80293,0,0,0,1,0,0,0,0,0,0
129681,Important Tortollan Talking Head Actor,,,,0,7,0,0,77690,0,0,0,1,1,1,1,0,0,0
129703,Hexlord Raal,,Zanchuli Council,,1,7,0,0,78972,0,0,0,1,1,1,1,0,0,0
129705,Disciple of Zul,,,,0,7,0,0,78181,80680,0,0,1,1,0,0,94705,0,0
129719,Golly,,,,0,1,26,0,80802,0,0,0,1,1,1,1,0,0,0
129726,Beaver Shooed Kill Credit,,,,0,10,0,0,0,11686,0,0,0,1,0,0,0,0,0
129734,Wingrider Bladeguard,,,,0,7,0,0,79553,79554,0,0,1,1,1,1,94106,0,0
129735,Pa'kura Warbow,,,,0,7,0,0,76564,0,0,0,1,1,1,1,0,0,94664
129738,Raptari Druid,,,,0,7,0,0,79224,77151,0,0,1,1,0,0,0,0,0
129739,Raptari Vanguard,,,,0,7,0,0,75966,75971,0,0,1,1,1,1,94106,0,0
129740,Gonk,,,,1,1,0,0,79401,0,0,0,0,1,1,1,0,0,0
129741,Pa'ku,,Lord of Winds,,1,10,0,3,80026,0,0,0,1,1,1,1,0,0,0
129757,King Rastakhan,,,,1,7,0,0,77461,0,0,0,1,1,1,1,161023,0,0
129836,Spelltwister Moephus,,,,4,7,0,0,85413,0,0,0,1,1,1,1,136590,0,0
129847,Bramblefist the Maddened,,,,1,5,0,0,88718,0,0,0,1,1,1,1,0,0,0
129862,Captain Fareeya,,The Crescent Glaive,,1,7,0,0,76436,0,0,0,1,1,1,1,141994,0,0
129863,Stocky Horse,,,,0,1,299,0,76883,0,0,0,1,1,1,1,0,0,0
129865,Enraged Sethrak Warden,,,,1,7,0,0,80694,80693,80690,80687,1,1,1,1,151335,0,0
129871,Arator,,,,1,7,0,0,16624,0,0,0,1,0,0,0,26003,0,0
129872,Vereesa Windrunner,,Ranger-General of the Silver Covenant,,1,7,0,0,28222,0,0,0,1,0,0,0,0,0,42140
129876,Grand Artificer Romuul,,,,0,7,0,0,76255,0,0,0,1,0,0,0,126431,45617,0
129887,First Mate Trixie Tornsail,,Irontide Raiders,,0,7,0,0,80923,0,0,0,1,1,1,1,851,0,0
129907,Zul the Prophet,,,,1,7,0,0,84351,0,0,0,1,1,1,1,161067,161068,0
129920,Perculia's Peculiar Parrot,,,,0,12,0,3,58823,0,0,0,1,0,0,0,0,0,0
129954,Gahz'ralka,,,,4,1,68,0,58892,0,0,0,1,1,1,1,0,0,0
129957,Clarence Page,,Flight Master,,0,7,0,0,78018,0,0,0,1,1,1,1,0,0,0
129960,Nub Nub,,,,0,7,0,0,80924,0,0,0,1,0,0,0,3362,0,0
129961,Atal'zul Gotaka,,,,4,7,0,0,82078,0,0,0,1,1,1,1,0,0,0
129967,Ned,,,,0,7,0,0,86963,0,0,0,1,1,1,1,0,0,0
129968,Nance Barmy,,,,0,7,0,0,79067,0,0,0,1,0,0,0,80580,130101,0
129969,Bloodwitch Ysinna,,,,4,7,0,0,75883,0,0,0,1,1,1,1,0,0,0
129972,Shoalbreach Lance,,,,0,9,0,0,68679,0,0,0,1,1,1,1,0,0,0
130024,Soggy Shiprat,,,,6,1,0,0,81400,81401,81402,81403,3,1,3,3,0,0,0
130052,A.M.O.D.,,Gob Squad,,0,9,0,0,83276,0,0,0,1,1,1,1,0,0,0
130053,Barge,,,,1,10,0,3,83299,0,0,0,1,0,0,0,0,0,0
130056,Patch,,Gob Squad,,0,7,0,0,30315,0,0,0,1,1,1,1,0,49617,45937
130057,Newt,,Gob Squad,,0,7,0,0,30316,0,0,0,1,1,1,1,0,0,45937
130058,Volt,,Gob Squad,,0,7,0,0,30313,0,0,0,1,1,1,1,0,49617,28581
130059,Grit,,Gob Squad,,0,7,0,0,30312,0,0,0,1,1,1,1,0,0,46383
130060,Ticker,,Gob Squad,,0,7,0,0,30314,0,0,0,1,1,1,1,0,0,47523
130073,Briarback Lookout,,,,0,7,0,0,6106,0,0,0,1,1,1,1,160669,0,0
130075,Briarback Geomancer,,,,0,7,0,0,88566,0,0,0,1,1,1,1,160670,0,0
130081,Flynn Fairwind,,,,0,7,0,0,76222,0,0,0,1,1,1,1,155766,155766,0
130082,Barge,,,,1,10,0,3,83299,0,0,0,1,0,0,0,0,0,0
130095,Invisible Bunny,,,,0,10,0,3,328,21072,0,0,0,1,1,1,0,0,0
130128,Grand Magister Rommath,,,,1,7,0,0,19706,0,0,0,0,0,0,0,29114,0,0
130129,Master Mathias Shaw,,Leader of SI:7,,0,7,0,0,72253,0,0,0,0,0,0,0,47104,47104,0
130133,Lady Liadrin,,Blood Knight Matriarch,,1,7,0,0,61971,0,0,0,1,1,1,1,163831,163832,0
130134,First Arcanist Thalyssra,,,,1,7,0,0,67345,0,0,0,1,0,0,0,0,0,0
130135,Alleria Windrunner,,,,1,7,0,0,78869,0,0,0,1,0,0,0,0,0,151781
130149,Princess Talanji,,,,1,7,0,0,75898,0,0,0,1,1,1,1,126524,0,0
130154,Kiro,,,,0,7,0,0,81018,0,0,0,1,1,1,1,0,0,0
130159,Taelia,,,,0,7,0,0,81291,0,0,0,1,1,1,1,155757,0,0
130178,First Arcanist Thalyssra,,,,0,7,0,0,67345,0,0,0,1,0,0,0,132171,0,0
130180,Zul'nazan Warrior,,,,0,7,0,0,79172,79173,0,0,1,1,1,0,0,0,0
130181,Zul'nazan Hexxer,,,,0,7,0,0,79695,79696,79697,0,1,1,1,0,0,0,0
130182,Zul'nazan Brute,,,,0,7,0,0,80184,0,0,0,1,0,0,0,0,0,0
130183,Lor'themar Theron,,Regent Lord of Quel'Thalas,,1,7,0,0,17122,0,0,0,0,1,1,1,168606,0,86538
130193,Grand Magister Rommath,,,,1,7,0,0,63775,0,0,0,1,0,0,0,29114,0,0
130195,Siege Monstrosity,,,,1,6,39,0,78169,0,0,0,0,1,1,1,0,0,0
130198,Battle Crawg,,,,0,1,0,0,78858,78860,0,0,1,1,1,1,0,0,0
130200,Arcanist Valtrois,,,,0,7,0,0,73854,0,0,0,1,0,0,0,0,0,0
130201,Silgryn,,,,1,7,0,0,68890,0,0,0,1,0,0,0,132170,0,0
130215,Magni Bronzebeard,,,,1,7,0,0,71764,0,0,0,1,0,0,0,0,0,0
130216,Magni Bronzebeard,,The Speaker,,1,7,0,0,71764,0,0,0,1,1,1,1,0,0,0
130236,Zul'nazan Undead,,,,0,7,0,0,79975,80755,79585,80755,1,1,1,1,0,0,0
130237,Hexlord Raal,,Zanchuli Council,,1,7,0,0,78972,0,0,0,1,0,0,0,0,0,0
130254,Wardruid Loti,,Zanchuli Council,,1,7,0,0,78971,0,0,0,1,1,1,1,128100,0,0
130271,Angry Voice,,,,0,10,0,0,46710,0,0,0,1,1,1,1,0,0,0
130274,Creeping Sludge,,,,1,15,0,0,14350,0,0,0,0,0,0,0,0,0,0
130295,Zul the Prophet,,,,1,7,0,0,84351,0,0,0,1,1,1,1,161067,161068,0
130357,Invisible Stalker,,,,0,7,0,0,56187,11686,0,0,0,1,0,0,0,0,0
130365,Lady Sylvanas Windrunner,,Warchief,,1,7,0,0,86014,0,0,0,1,1,1,1,0,0,42775
130367,High Overlord Saurfang,,,,1,7,0,0,14732,0,0,0,1,1,1,1,155857,0,0
130374,Dinah Wellard,,Innkeeper,,0,7,0,0,80932,0,0,0,1,1,1,1,0,0,0
130379,Dark Ranger,,,,0,7,0,0,78328,78329,78330,0,1,1,1,1,34284,34284,18680
130381,Lightsworn Recruit,,,,0,7,0,0,81184,0,0,0,1,0,0,0,0,0,0
130382,Lightsworn Recruit,,,,0,7,0,0,81186,0,0,0,1,0,0,0,0,0,0
130383,Lightsworn Recruit,,,,0,7,0,0,81185,0,0,0,1,0,0,0,0,0,0
130384,Lightsworn Recruit,,,,0,7,0,0,81187,0,0,0,1,0,0,0,0,0,0
130385,Stormwind Footman,,,,0,7,0,0,77928,87328,0,0,1,1,1,1,164000,117413,0
130389,Orgrimmar Raider,,,,0,7,0,0,88367,88368,88369,88370,1,1,1,1,164001,119203,0
130390,Tauren Earthshaker,,,,0,7,0,0,88364,88365,88366,0,1,1,1,1,72258,0,0
130391,Darkspear Shaman,,,,0,7,0,0,78374,87534,0,0,1,1,1,1,9482,0,0
130394,Goblin Sapper,,,,0,7,0,0,87517,87536,0,0,1,1,1,1,2884,0,0
130395,Briarback Warcaller,,,,0,7,0,0,29253,0,0,0,1,1,1,1,160669,0,0
130400,Irontide Crusher,,,,1,5,0,0,68059,0,0,0,1,1,1,1,133982,0,0
130404,Vermin Trapper,,,,1,7,0,0,87975,0,0,0,1,1,1,1,107674,0,0
130419,Cyril White,,Mayor of Fallhaven,,0,7,0,0,81470,0,0,0,1,1,1,1,0,0,0
130439,Ashmane,,,,4,1,25,0,49064,0,0,0,1,1,1,1,0,0,0
130443,Hivemother Kraxi,,,,4,1,44,3,81233,0,0,0,1,1,1,1,0,0,0
130444,Sludge Guard,,,,0,7,0,0,87531,78319,0,0,1,1,1,1,0,0,34034
130470,Jorak,,,,0,7,0,0,79490,0,0,0,1,1,1,1,0,0,0
130521,Freehold Deckhand,,,,0,7,0,0,79064,79065,79066,79067,1,1,1,1,0,0,0
130522,Freehold Shipmate,,,,0,7,0,0,80087,80088,80089,80090,1,1,1,1,0,0,0
130532,Master Mathias Shaw,,Leader of SI:7,,0,7,0,0,72253,0,0,0,0,0,0,0,47104,47104,0
130549,Captain Fareeya,,The Crescent Glaive,,1,7,0,0,77524,0,0,0,1,1,1,1,141994,0,0
130563,Akunda the Exalted,,,,0,7,0,0,79716,0,0,0,1,1,1,1,0,0,0
130578,Akunda the Sensible,,,,0,7,0,0,79719,0,0,0,1,0,0,0,0,0,0
130579,Lucktail at Bridge Kill Credit,,,,0,10,0,0,0,11686,0,0,0,1,0,0,0,0,0
130580,Lucktail on Island Kill Credit,,,,0,10,0,0,0,11686,0,0,0,1,0,0,0,0,0
130583,Lucktail Near Waterfall Kill Credit,,,,0,10,0,0,0,11686,0,0,0,1,0,0,0,0,0
130586,Zul'nazan Brute,,,,0,7,0,0,80184,0,0,0,1,0,0,0,0,0,0
130587,Blood Witch Cazex,,,,0,7,0,0,76730,0,0,0,1,0,0,0,0,0,0
130607,Siege Monstrosity,,,,1,6,39,0,78169,0,0,0,0,1,1,1,0,0,0
130642,Blood Witch Cazex,,,,0,7,0,0,76730,0,0,0,1,0,0,0,0,0,0
130643,Twisted Child of Rezan,,,,2,6,39,0,82976,0,0,0,1,1,1,1,0,0,0
130684,Fallhaven Villager,,,,0,7,0,0,81344,81345,81346,0,1,1,1,1,0,0,0
130695,Vigil Hill Marine,,,,0,7,0,0,81351,81352,81353,81354,1,1,1,1,155799,155837,155817
130704,Lord Stormsong,,,,0,7,0,0,80996,0,0,0,1,1,1,1,159927,0,0
130708,Blood Troll Charger,,,,0,7,0,0,81361,0,0,0,1,1,1,1,0,0,0
130719,Brennadam Citizen,,,,0,7,0,0,81362,0,0,0,1,1,1,1,0,0,0
130724,Brennadam Citizen,,,,0,7,0,0,88649,0,0,0,1,1,1,1,0,0,0
130728,Brennadam Citizen,,,,0,7,0,0,81363,0,0,0,1,1,1,1,0,0,0
130729,Brennadam Citizen,,,,0,7,0,0,81364,0,0,0,1,1,1,1,0,0,0
130730,Brennadam Citizen,,,,0,7,0,0,81366,0,0,0,1,1,1,1,0,0,0
130731,Brennadam Citizen,,,,0,7,0,0,81369,0,0,0,1,1,1,1,0,0,0
130732,Brennadam Citizen,,,,0,7,0,0,81370,0,0,0,1,1,1,1,0,0,0
130734,Brennadam Citizen,,,,0,7,0,0,81372,0,0,0,1,1,1,1,0,0,0
130744,Taelia,,,,0,7,0,0,81291,0,0,0,1,1,1,1,155757,0,0
130755,Habutu,,Shield of the King,,1,7,0,0,76009,0,0,0,1,1,1,1,94106,94196,0
130761,Diemetradon Egg,,,,0,10,0,0,76257,0,0,0,1,0,0,0,0,0,0
130768,Brother Pike,,,,0,7,0,0,81302,0,0,0,1,0,0,0,155763,155791,0
130810,High Exarch Turalyon,,,,0,7,0,0,78867,0,0,0,1,1,1,0,150577,0,0
130851,NPC - Highmountain Tauren Female Civilian,,,,0,7,0,0,73318,0,0,0,1,0,0,0,0,0,0
130852,NPC - Highmountain Tauren Female Noble,,,,0,7,0,0,73318,0,0,0,1,0,0,0,0,0,0
130853,NPC - Highmountain Tauren Female Military,,,,0,7,0,0,73318,0,0,0,1,0,0,0,0,0,0
130854,NPC - Highmountain Tauren Male Civilian,,,,0,7,0,0,65479,0,0,0,1,0,0,0,0,0,0
130855,NPC - Highmountain Tauren Male Military,,,,0,7,0,0,65479,0,0,0,1,0,0,0,0,0,0
130856,NPC - Highmountain Tauren Male Noble,,,,0,7,0,0,65479,0,0,0,1,0,0,0,0,0,0
130857,NPC - Lightforged Draenei Female Civilian (Grunt),,,,0,7,0,0,77524,0,0,0,1,0,0,0,0,0,0
130858,NPC - Lightforged Draenei Female Military (Officer),,,,0,7,0,0,77524,0,0,0,1,0,0,0,0,0,0
130859,NPC - Lightforged Draenei Female Noble (Commander),,,,0,7,0,0,77524,0,0,0,1,0,0,0,0,0,0
130860,NPC - Lightforged Draenei Male Civilian (Grunt),,,,0,7,0,0,76336,0,0,0,1,0,0,0,0,0,0
130861,NPC - Lightforged Draenei Male Military (Officer),,,,0,7,0,0,76336,0,0,0,1,0,0,0,0,0,0
130862,NPC - Lightforged Draenei Male Noble (Commander),,,,0,7,0,0,76336,0,0,0,1,0,0,0,0,0,0
130875,POW-R Amp Platform,,,,0,9,0,0,81455,0,0,0,1,1,1,1,0,0,0
130879,Vigil Hill Refugee,,,,0,7,0,0,81458,81459,81460,81461,1,1,1,1,0,0,0
130880,Vigil Hill Refugee,,,,0,7,0,0,77039,77055,76546,76515,1,1,1,1,0,0,0
130881,NPC - Void Elf Male Civilian (Caster),,,,0,7,0,0,75082,0,0,0,1,0,0,0,0,0,0
130882,NPC - Void Elf Male Military (Melee/Guard),,,,0,7,0,0,75082,0,0,0,1,0,0,0,0,0,0
130883,NPC - Void Elf Male Noble (Leader),,,,0,7,0,0,75082,0,0,0,1,0,0,0,0,0,0
130884,NPC - Void Elf Female Civilian (Caster),,,,0,7,0,0,75083,0,0,0,1,0,0,0,0,0,0
130885,NPC - Void Elf Female Military (Melee/Guard),,,,0,7,0,0,75083,0,0,0,1,0,0,0,0,0,0
130886,NPC - Void Elf Female Noble (Leader),,,,0,7,0,0,75083,0,0,0,1,0,0,0,0,0,0
130888,NPC - Nightborne Elf Female Civilian,,,,0,7,0,0,67345,0,0,0,1,0,0,0,0,0,0
130889,Workhorse,,,,0,1,299,0,81465,81466,81467,0,1,1,1,1,0,0,0
130890,NPC - Nightborne Elf Female Military,,,,0,7,0,0,67345,0,0,0,1,0,0,0,0,0,0
130891,NPC - Nightborne Elf Female Noble,,,,0,7,0,0,67345,0,0,0,1,0,0,0,0,0,0
130892,NPC - Nightborne Elf Male Civilian,,,,0,7,0,0,68890,0,0,0,1,0,0,0,0,0,0
130893,NPC - Nightborne Elf Male Military,,,,0,7,0,0,68890,0,0,0,1,0,0,0,0,0,0
130894,NPC - Nightborne Elf Male Noble,,,,0,7,0,0,68890,0,0,0,1,0,0,0,0,0,0
130898,Admiral,,,,0,8,0,0,68845,0,0,0,1,1,1,1,0,0,0
130899,Commander Wormwood,,,,0,5,0,0,84753,0,0,0,1,1,1,1,124631,106397,0
130900,Bwemba (IGC),,,,0,7,0,0,38008,0,0,0,1,0,0,0,0,0,0
130907,Egg,,,,0,10,0,0,81472,81473,81474,0,0,0,0,0,0,0,0
130984,Natal'hakata,,Zandalari Empire Emissary,,0,7,0,0,81509,0,0,0,1,1,1,1,0,0,0
130993,Captain Fareeya,,The Crescent Glaive,,1,7,0,0,77524,0,0,0,1,1,1,1,141994,0,0
131049,Rezan,,Loa of Kings,,1,1,0,0,81200,0,0,0,1,1,1,1,0,0,0
131055,Katherine Proudmoore,,,,0,7,0,0,76135,0,0,0,1,1,1,1,0,0,0
131062,King Rastakhan,,,,1,7,0,0,77461,0,0,0,1,1,1,1,161023,0,0
131070,King Rastakhan,,,,1,7,0,0,77461,0,0,0,1,1,1,1,161023,0,0
131071,Queen Azshara,,,,0,7,0,0,86567,0,0,0,1,1,1,1,0,0,0
131098,Zandalari Rogue,,,,0,7,0,0,75966,75971,0,0,1,1,0,0,0,0,0
131101,Siege Monstrosity,,,,1,6,39,0,78169,0,0,0,0,1,1,1,0,0,0
131110,Zul'nazan Monstrosity,,,,0,7,0,0,79591,79585,0,0,1,1,0,0,0,0,0
131137,SI:7 Operative,,,,0,7,0,0,81610,83275,81613,82886,1,1,1,1,34449,34450,0
131138,Druid of the Claw,,,,0,7,0,0,88543,88541,88544,88538,1,1,1,1,34449,34450,0
131139,Druid of the Claw,,,,0,7,0,0,88543,88541,88544,88538,1,1,1,1,34449,34450,0
131216,Forsaken Battleguard,,,,1,7,0,0,81649,81650,81651,81652,1,1,1,1,107962,49777,0
131234,Blacktooth Brute,,Blacktooth Brawlers,,0,7,0,0,82164,82165,0,0,1,1,0,0,155756,0,0
131235,Cutwater Reaver,,Cutwater Corsairs,,0,7,0,0,82166,0,0,0,1,0,0,0,155776,155776,0
131236,Brinescale Wavecaller,,The Bilge Rats,,0,7,0,0,82167,0,0,0,1,0,0,0,79832,0,0
131237,Vulpera Padfoot,,The Bilge Rats,,0,7,0,0,82168,82169,0,0,1,1,0,0,155767,155762,0
131238,Irontide Brinecaster,,Irontide Raiders,,0,7,0,0,82174,82175,82176,82177,1,1,1,1,155794,0,0
131239,Irontide Pillager,,Irontide Raiders,,0,7,0,0,82170,82171,82172,82173,1,1,1,1,155802,0,0
131252,Merianae,,,,4,1,288,0,82052,0,0,0,1,1,1,1,0,0,0
131269,Vilescale Relic Hunter,,,,0,7,0,0,81706,0,0,0,1,1,1,1,0,0,0
131285,Reanimated Monstrosity,,,,1,6,39,0,78164,0,0,0,0,1,1,1,0,0,0
131287,Natal'hakata,,Zandalari Empire Emissary,,0,7,0,0,81509,0,0,0,1,1,1,1,0,0,0
131290,Flynn Fairwind,,,,0,7,0,0,76222,0,0,0,1,1,1,1,155766,155766,0
131291,Scarbeak,,,,0,1,0,3,77070,0,0,0,0,1,1,1,0,0,0
131293,Habutu,,Shield of the King,,1,7,0,0,76009,0,0,0,1,0,0,0,94106,94196,0
131301,Spell Bunny,,,,0,10,0,0,1126,11686,0,0,0,1,1,1,0,0,0
131302,Irontide Pillager,,Irontide Raiders,,0,7,0,0,79068,79069,79070,79071,1,1,1,1,155802,0,0
131303,Irontide Brinecaster,,Irontide Raiders,,0,7,0,0,79077,79078,79079,79080,1,1,1,1,155794,0,0
131304,Vulpera Padfoot,,The Bilge Rats,,0,7,0,0,80319,80320,0,0,1,1,1,1,155767,155762,0
131305,Brinescale Wavecaller,,The Bilge Rats,,0,7,0,0,80475,0,0,0,1,1,1,1,79832,0,0
131306,Cutwater Reaver,,Cutwater Corsairs,,0,7,0,0,81741,80341,0,0,1,1,1,1,155783,155783,0
131307,Blacktooth Brute,,Blacktooth Brawlers,,0,7,0,0,80389,80390,0,0,1,1,1,1,155756,0,0
131317,Samuel Williams,,,,0,7,0,0,81469,0,0,0,1,0,0,0,112140,0,0
131326,First Arcanist Thalyssra,,,,1,7,0,0,67345,0,0,0,1,0,0,0,132171,0,0
131331,Casteless Zandalari,,,,6,7,0,0,77184,77188,77185,77186,1,1,1,1,0,0,0
131348,Island Reached Kill Credit,,,,0,10,0,0,0,11686,0,0,0,1,0,0,0,0,0
131357,Jaina Proudmoore,,,,0,7,0,0,80016,0,0,0,1,0,0,0,153575,0,0
131358,Jaina Proudmoore,,,,0,7,0,0,80015,0,0,0,1,0,0,0,153575,0,0
131371,First Arcanist Thalyssra,,,,1,7,0,0,67345,0,0,0,1,0,0,0,0,0,0
131433,Shoalbreach Lance,,,,0,9,0,0,68679,0,0,0,1,1,1,1,0,0,0
131434,Shoalbreach Lance,,,,0,9,0,0,68679,0,0,0,1,1,1,1,0,0,0
131435,Cultist Proxy,,,,0,10,0,0,0,11686,0,0,0,1,0,0,0,0,0
131443,Chief Telemancer Oculeth,,Portal Trainer,,0,7,0,0,73853,0,0,0,1,1,1,1,0,0,0
131447,Bristleback Pounder,,The Bilge Rats,,0,7,0,0,1253,0,0,0,1,1,1,1,57125,0,0
131462,Blacktooth Guzzler,,Blacktooth Brawlers,,0,7,0,0,80380,80381,0,0,1,1,1,1,48663,0,0
131465,Rokhan,,,,1,7,0,0,116250,0,0,0,1,1,1,1,182571,0,0
131478,Lady Liadrin,,Blood Knight Matriarch,,1,7,0,0,61971,0,0,0,1,1,1,1,163831,163832,0
131479,First Arcanist Thalyssra,,,,1,7,0,0,67345,0,0,0,1,0,0,0,0,0,0
131489,Dreadcoil Sentinel,,,,0,7,0,0,66814,0,0,0,1,1,1,1,0,0,0
131490,Dreadcoil Brute,,,,0,7,0,0,67527,0,0,0,1,1,1,1,0,0,0
131493,Titan Keeper Hezrel,,,,1,9,0,0,76851,0,0,0,1,1,1,1,0,0,0
131526,Archdruid Hamuul Runetotem (IGC),,,,0,7,0,0,31605,0,0,0,1,1,1,1,0,0,0
131528,Zandalari Female,,,,0,7,0,0,79360,0,0,0,1,0,0,0,0,0,0
131566,Peon,,,,6,7,0,0,81911,81912,81913,81914,1,1,1,1,0,0,0
131613,Hand of Fate,,,,0,15,0,0,81948,0,0,0,1,1,1,1,0,0,0
131644,Dart,,,,0,12,0,0,81984,0,0,0,1,1,1,1,0,0,0
131662,Book of Fate,,,,0,15,0,3,81991,0,0,0,1,1,1,1,0,0,0
131682,Raptari Druid,,,,0,1,11,0,82130,0,0,0,1,1,1,1,0,0,0
131694,FX STalker,,,,0,10,0,3,64062,11686,0,0,0,1,1,1,0,0,0
131711,Enslaved Remains,,,,0,4,0,0,73576,0,0,0,1,0,0,0,0,0,0
131715,Hexlord Raal,,Zanchuli Council,,1,7,0,0,78972,0,0,0,1,0,0,0,0,0,0
131729,Lyco,,,,0,1,26,0,165,0,0,0,1,1,1,1,0,0,0
131736,Mirabelle,,SI:7 Operative,,1,7,0,0,81612,0,0,0,1,1,1,1,34449,34450,0
131737,"Renzik ""The Shiv""",,SI:7 Operative,,1,7,0,0,7613,0,0,0,1,1,1,1,7613,7613,0
131744,Faceless One,,,,0,7,0,0,31671,0,0,0,1,0,0,0,0,0,0
131770,Vulpera Firefox,,The Bilge Rats,,0,7,0,0,80327,80328,0,0,1,1,1,1,0,0,155817
131802,Client-Side Bunny,,,,1,7,0,0,11686,0,0,0,1,1,1,1,0,0,0
131880,Hex Frog,,,,6,1,0,0,5379,14932,22468,82113,1,1,1,1,0,0,0
131889,High Exarch Turalyon,,,,1,7,0,0,78867,0,0,0,1,1,1,1,150577,0,0
131894,Blood Troll Warmother,,,,1,7,0,0,82117,82118,0,0,1,1,0,0,0,0,0
131896,Scorpid Skitterer,,,,0,8,0,0,15469,5905,15470,15471,1,1,1,1,0,0,0
131904,Spiky Lizard,,,,0,8,0,0,36585,0,0,0,1,0,0,0,0,0,0
131972,Freehold Porter,,,,0,7,0,0,79064,79065,0,0,1,1,1,1,0,0,0
131980,Brug Housesmash,,,,1,5,0,0,36700,0,0,0,1,1,1,1,0,0,0
132019,Cannon Barrage Bunny,,,,6,10,0,3,11686,0,0,0,1,0,0,0,0,0,0
132041,Druid of Gonk,,,,1,7,0,0,77138,0,0,0,1,1,1,1,0,0,0
132043,Irontide Cannoneer,,Irontide Raiders,,0,7,0,0,79068,79069,79070,79071,1,1,1,1,0,0,0
132046,Bloodbound Warspawn,,,,0,1,0,3,86988,0,0,0,1,1,1,1,0,0,0
132059,Barricade Placed Credit,,,,0,10,0,0,20570,27823,0,0,0,1,0,0,0,0,0
132060,Lumber Collected Credit,,,,0,10,0,0,20570,27823,0,0,0,1,0,0,0,0,0
132079,Azerite War Machine,,,,1,9,0,0,85205,0,0,0,1,1,1,1,0,0,0
132085,Lofty Libram,,,,0,12,0,3,46938,0,0,0,0,1,1,1,0,0,0
132089,Wolpertinger,,,,0,12,0,0,22349,0,0,0,1,0,0,0,0,0,0
132091,Small Fetish Destroyed Credit,,,,0,10,0,0,20570,27823,0,0,0,1,1,1,0,0,0
132092,Large Fetish Destroyed Credit,,,,0,10,0,0,20570,27823,0,0,0,1,0,0,0,0,0
132093,Wavecaller Smuggler,,,,0,7,0,0,80475,0,0,0,1,1,1,1,79832,0,0
132104,Blackpowder Smuggler,,,,0,7,0,0,82232,82232,0,0,1,1,1,1,155762,155771,56078
132110,Emerald Turtle,,,,0,12,0,0,27883,0,0,0,1,1,1,1,0,0,0
132112,Enchanted Pen,,,,0,12,0,3,69488,0,0,0,1,0,0,0,0,0,0
132124,Zandalari Male Religious,,,,0,7,0,0,79213,0,0,0,1,0,0,0,0,0,0
132125,Zandalari Female Religious,,,,0,7,0,0,79214,0,0,0,1,0,0,0,0,0,0
132176,Darkspear Shadowhunter Female,,,,0,7,0,0,78419,0,0,0,1,0,0,0,0,0,0
132177,Irontide Treasure Guard,,Irontide Raiders,,0,7,0,0,82293,82294,0,0,1,1,1,1,851,0,0
132180,Irontide Treasure Counter,,Irontide Raiders,,0,7,0,0,82295,82296,0,0,1,1,1,1,3364,0,0
132230,Warmother Molaka,,,,0,7,0,0,82118,0,0,0,1,1,1,1,0,0,0
132234,Anduin Wrynn,,King of Stormwind,,1,7,0,0,82047,0,0,0,1,0,0,0,152482,0,0
132238,Flynn Fairwind,,,,0,7,0,0,76222,0,0,0,1,1,1,1,155766,155766,0
132251,Genn Greymane,,King of Gilneas,,1,7,0,0,62093,0,0,0,1,1,1,1,46737,0,0
132259,Alchemist Home Credit,,,,0,10,0,0,20570,27823,0,0,0,1,0,0,0,0,0
132261,Zandalari Lower Caste,,,,0,7,0,0,76071,76072,0,0,1,1,0,0,0,0,0
132262,Lightforged Protector,,,,1,7,0,0,82321,82322,0,0,1,1,1,1,141994,0,0
132263,Zandalari Dire Troll,,,,0,7,0,0,79564,0,0,0,1,0,0,0,0,0,0
132266,Lightforged Protector,,,,1,7,0,0,82323,82324,0,0,1,1,1,1,141994,0,0
132272,Great Sea Bird Trainer,,,,0,7,0,0,82351,82352,0,0,1,1,1,1,0,0,0
132276,Harvey the Bird Man,,Master Tamer,,0,7,0,0,82341,0,0,0,1,1,1,1,0,0,0
132289,Draenei Child,,,,0,7,0,0,19091,0,0,0,1,0,0,0,0,0,0
132315,Bloodfire Battle-Slave,,,,0,7,0,0,78717,78718,78719,78720,1,1,1,1,0,0,0
132327,Blob Bunny,,,,0,10,0,0,1126,11686,0,0,0,1,0,0,0,0,0
132329,Zandalari Noble,,,,0,7,0,0,76689,75972,0,0,1,1,0,0,0,0,0
132331,Tze'na,,,,0,1,0,0,80358,0,0,0,1,0,0,0,0,0,0
132332,Princess Talanji,,,,1,7,0,0,75898,0,0,0,1,1,1,1,126524,0,0
132334,Grand Artificer Romuul,,,,0,7,0,0,76255,0,0,0,1,0,0,0,126431,45617,0
132357,Alleria Windrunner,,,,1,7,0,0,78869,0,0,0,1,0,0,0,0,0,151781
132366,Mailemental,,,,0,12,0,0,82391,0,0,0,1,0,0,0,0,0,0
132371,General Purpose Stalker,,,,0,10,0,0,47399,73371,0,0,0,1,0,0,0,0,0
132380,Mayla Highmountain,,High Chieftain,,1,7,0,0,63703,0,0,0,1,0,0,0,34058,0,0
132381,Tortollan Spellflinger,,,,0,7,0,0,77689,0,0,0,1,1,1,1,0,0,0
132387,Spiritwalker Ebonhorn,,,,1,7,0,0,63690,0,0,0,1,0,0,0,2715,118005,0
132402,Alliance Siege Tank,,,,1,9,0,0,78132,0,0,0,1,1,1,1,0,0,0
132403,Darnassian Huntress,,,,0,7,0,0,73272,73273,73274,73275,1,1,1,1,0,0,164002
132404,Dwarven Rifleman,,,,0,7,0,0,78306,78307,78308,78309,1,1,1,1,150586,0,150586
132413,Feathered Viper Egg,,,,0,10,0,0,76256,0,0,0,1,1,1,1,0,0,0
132415,Rivermane Shaman (IGC),,,,1,7,0,0,76238,0,0,0,1,0,0,0,0,0,0
132418,Injured Warbrave (IGC),,,,1,7,0,0,65705,65706,0,0,1,1,0,0,0,0,0
132435,Highmountain Protector (IGC),,,,0,7,0,0,66305,66304,0,0,1,1,0,0,56193,56173,101484
132594,Lightforged Warframe,,,,1,9,0,0,75584,0,0,0,1,0,0,0,0,0,0
132625,Bruno the Brick,,,,0,1,0,0,82148,0,0,0,1,1,1,1,0,0,0
132631,King Rastakhan,,,,1,7,0,0,77461,0,0,0,1,1,1,1,0,0,0
132642,Kul Tiran Noble,,,,0,7,0,0,82545,82544,78475,78962,1,1,1,1,0,0,0
132661,Princess Talanji,,,,1,7,0,0,75898,0,0,0,1,1,1,1,126524,0,0
132672,Great Eagle,,,,1,1,26,0,70260,0,0,0,1,0,0,0,0,0,0
132674,Brown Bear - IGC,,,,0,1,4,0,1006,0,0,0,1,1,1,1,0,0,0
132675,Thundertail Flapper - IGC,,,,0,14,0,0,47633,0,0,0,1,1,1,1,0,0,0
132682,Healing Tide Totem - IGC,,,,0,11,0,0,4587,0,0,0,1,1,1,1,0,0,0
132693,Azerite War Machine,,,,1,9,0,0,85205,0,0,0,1,1,1,1,0,0,0
132695,Knight-Captain Lythara,,,,0,7,0,0,77928,0,0,0,1,1,1,1,1899,117413,0
132701,T'zane,,The Soul Terror,,2,15,0,0,82592,0,0,0,1,1,1,1,0,0,0
132729,Zeb'ahari Villager,,,,0,7,0,0,82599,82600,82603,82604,1,1,1,1,0,0,0
132731,Scarbeak,,,,0,1,0,0,77070,0,0,0,1,1,1,1,0,0,0
132964,Bloodhunter Warmother,,,,0,7,0,0,76215,0,0,0,1,1,1,1,0,0,0
132988,Patch,,Gob Squad,,0,7,0,0,30315,0,0,0,1,0,0,0,0,49617,45937
132998,G'huun,,,,1,15,0,0,84102,0,0,0,1,1,1,1,0,0,0
133012,Magni Bronzebeard,,The Speaker,,1,7,0,0,71764,0,0,0,1,1,1,0,0,0,0
133050,Princess Talanji,,,,1,7,0,0,75898,0,0,0,1,1,1,1,126524,0,0
133053,Letter,,,,0,12,0,2,82679,0,0,0,1,1,1,1,0,0,0
133064,Silithid Mini-Tank,,,,0,12,0,0,82688,0,0,0,1,0,0,0,0,0,0
133071,Wounded Vindicator - IGC,,,,0,7,0,0,78661,78662,78663,78664,1,1,1,1,0,0,0
133080,Highlord Darion Mograine,,,,1,6,0,0,60699,0,0,0,0,0,0,0,128403,0,0
133081,Kor'vas Bloodthorn,,,,1,7,0,0,66159,0,0,0,1,1,1,1,127829,127830,0
133082,Rensar Greathoof,,,,1,7,0,0,67016,0,0,0,1,0,0,0,128858,0,0
133083,Halduron Brightwing,,,,0,7,0,0,19707,0,0,0,1,0,0,0,128826,0,0
133084,Archmage Vargoth,,,,0,7,0,0,62303,0,0,0,1,0,0,0,127857,0,0
133085,Iron-Body Ponshu,,,,1,7,0,0,41568,0,0,0,1,0,0,0,128937,0,0
133086,Lady Liadrin,,,,1,7,0,0,61971,0,0,0,1,0,0,0,120978,0,0
133087,High Priestess Ishanah,,,,1,7,0,0,17882,0,0,0,1,1,1,1,128825,0,0
133088,Valeera Sanguinar,,,,1,7,0,0,67214,0,0,0,1,0,0,0,128870,128869,0
133089,Rehgar Earthfury,,,,1,7,0,0,64946,0,0,0,1,0,0,0,128819,0,0
133090,Ritssyn Flamescowl,,,,0,7,0,0,65975,0,0,0,1,0,0,0,128941,0,0
133091,Eitrigg,,,,1,7,0,0,82115,0,0,0,1,0,0,0,128910,0,0
133097,Pylon Destroyed Kill Credit,,,,0,10,0,0,0,11686,0,0,0,1,0,0,0,0,0
133098,Inquisitor Cleardawn,,Order of Embers,,0,7,0,0,81606,0,0,0,1,1,1,1,65492,0,0
133105,Warren Ashton,,Master Alchemist,,0,7,0,0,82701,0,0,0,1,1,1,1,0,0,0
133107,King Rastakhan,,,,1,7,0,3,85937,0,0,0,1,1,1,1,0,0,0
133115,Sludge Guard,,,,0,7,0,0,78319,87531,0,0,1,1,1,1,0,0,34034
133121,Stormwind Footman,,,,0,7,0,0,77928,87328,0,0,1,1,1,1,164000,117413,0
133125,Princess Talanji,,,,1,7,0,0,75898,0,0,0,1,1,1,1,126524,0,0
133126,Marten Webb,,,,0,7,0,0,81831,0,0,0,1,1,1,1,0,0,0
133156,Cage Open Credit,,,,0,10,0,0,20570,27823,0,0,0,1,0,0,0,0,0
133160,Ben'jin Battle Controller,,,,0,10,0,3,22903,11686,0,0,0,1,0,0,0,0,0
133174,Boots Obtained Credit,,,,0,10,0,0,20570,27823,0,0,0,1,0,0,0,0,0
133215,Sword Obtained Credit,,,,0,10,0,0,20570,27823,0,0,0,1,0,0,0,0,0
133216,Gauntlet Obtained Credit,,,,0,10,0,0,20570,27823,0,0,0,1,0,0,0,0,0
133217,Cuirass Obtained Credit,,,,0,10,0,0,20570,27823,0,0,0,1,0,0,0,0,0
133224,Beetle,,,,0,8,0,0,7511,15467,8971,15468,1,1,1,1,0,0,0
133240,Baine Bloodhoof,,High Chieftain,,1,7,0,0,30272,0,0,0,1,1,1,1,58367,0,0
133243,Nathanos Blightcaller,,Champion of the Banshee Queen,,1,7,0,0,86011,0,0,0,1,1,1,1,65795,65795,5258
133245,Zandalari Religious,,,,0,7,0,0,79213,79214,0,0,1,1,0,0,0,0,0
133246,Zandalari Guard,,,,0,7,0,0,76687,76998,0,0,1,1,0,0,0,0,0
133249,Anduin Wrynn,,King of Stormwind,,1,7,0,0,86008,0,0,0,1,1,1,1,152482,0,0
133251,Lady Jaina Proudmoore,,,,1,7,0,0,88348,0,0,0,1,1,1,1,153575,0,0
133257,Spell Bunny,,,,0,10,0,0,1126,11686,0,0,0,1,0,0,0,0,0
133312,Nighthold Protector - IGC,,,,1,9,0,0,72211,0,0,0,1,0,0,0,0,0,0
133324,Hexlord Raal,,Zanchuli Council,,1,7,0,0,78972,0,0,0,1,0,0,0,0,0,0
133333,Spell Bunny,,,,0,10,0,0,1126,11686,0,0,0,1,0,0,0,0,0
133342,Allied Race,,,,0,7,0,0,82859,82860,0,0,1,1,0,0,0,0,0
133344,Magister Umbric (IGC),,,,0,7,0,0,82404,0,0,0,1,1,1,1,0,0,0
133346,Gor'mul,,,,0,7,0,0,4048,0,0,0,1,1,1,1,12290,0,0
133359,Ironforge Mountaineers,,,,0,7,0,0,1598,1608,0,0,9,1,1,1,0,0,0
133387,Magni Bronzebeard,,The Speaker,,1,7,0,0,71764,0,0,0,1,1,1,0,0,0,0
133388,Magni Bronzebeard,,The Speaker,,1,7,0,0,71764,0,0,0,1,1,1,0,0,0,0
133395,Magni Bronzebeard,,The Speaker,,1,7,0,0,71764,0,0,0,1,1,1,0,0,0,0
133421,Hammerfall Grunt,,,,0,7,0,0,4032,0,0,0,1,1,1,1,10612,0,0
133462,Bodrick Grey,,SI:7,,0,7,0,0,56418,0,0,0,0,1,1,1,0,0,0
133467,Anarys Lunastre,,,,0,7,0,0,82964,0,0,0,1,0,0,0,0,0,0
133468,Ritual Fetish Destroyed Credit One,,,,0,10,0,0,20570,27823,0,0,0,1,0,0,0,0,0
133469,Ritual Fetish Destroyed Credit Two,,,,0,10,0,0,20570,27823,0,0,0,1,0,0,0,0,0
133470,Ritual Fetish Destroyed Credit Three,,,,0,10,0,0,20570,27823,0,0,0,1,0,0,0,0,0
133477,Zandalari Exile Boss Male,,,,0,7,0,0,79861,0,0,0,1,0,0,0,0,0,0
133506,Listen to Ashton Credit,,,,0,10,0,0,20570,27823,0,0,0,1,0,0,0,0,0
133508,Exodar Peacekeeper,,,,0,7,0,0,87527,87528,0,0,1,1,1,1,106104,0,0
133522,Trade Prince Gallywix,,,,1,7,0,0,75730,0,0,0,1,0,0,0,0,0,0
133526,Gilnean Mauler,,,,0,7,0,0,87525,0,0,0,1,1,1,1,0,0,0
133534,Magister Umbric (IGC),,,,0,7,0,0,117186,0,0,0,1,1,1,1,0,0,0
133543,Void Initiate (IGC),,,,0,7,0,0,82509,82511,82558,82559,1,1,1,1,0,0,0
133544,Instructor Duskwalker (IGC),,,,0,7,0,0,82523,0,0,0,1,0,0,0,0,0,0
133545,Rift Warden (IGC),,,,0,7,0,0,82403,82402,0,0,1,1,0,0,0,0,0
133546,Umbral Ranger (IGC),,,,1,7,0,0,82526,82409,0,0,1,1,0,0,0,0,105125
133547,Locus Researcher (IGC),,,,0,7,0,0,82400,82401,0,0,1,1,0,0,0,0,0
133563,Voodoo Spell Target,,,,0,10,0,3,22903,11686,0,0,0,1,0,0,0,0,0
133568,Potion given to Ashton Credit,,,,0,10,0,0,20570,27823,0,0,0,1,0,0,0,0,0
133574,Blacktooth Houndmaster,,Blacktooth Brawlers,,1,7,0,0,83012,83013,83014,0,1,1,1,1,3494,11506,0
133583,Vulpera Tidewatcher,,The Bilge Rats,,1,7,0,0,83027,83026,0,0,1,1,1,1,56817,56817,0
133600,Cutwater Sharpeye,,Cutwater Corsairs,,0,7,0,0,83037,83036,0,0,1,1,1,1,0,0,110600
133607,Wardruid Loti,,,,1,1,138,0,85196,0,0,0,1,1,1,1,0,0,0
133611,King Rastakhan,,,,1,7,0,0,77461,0,0,0,1,1,1,1,161023,0,0
133616,Surly Fishflayer,,,,0,7,0,0,88415,88418,88443,0,1,1,1,1,155781,155781,0
133617,Roughrider Portable Bunker,,,,0,9,0,0,83045,0,0,0,1,1,1,1,0,0,0
133638,Spell Bunny,,,,0,10,0,0,1126,11686,0,0,0,1,0,0,0,0,0
133653,Hexlord Raal,,Zanchuli Council,,1,7,0,0,78972,0,0,0,1,1,1,1,0,0,0
133659,Hank Mount Horsey Kill Credit,,,,0,10,0,0,0,11686,0,0,0,1,0,0,0,0,0
133665,Keeneyed Watchman,,,,0,7,0,0,81362,81363,81364,81366,1,1,1,1,0,0,136631
133693,Malfurion Stormrage,,,,1,7,0,0,35095,0,0,0,1,1,1,1,0,0,0
133725,Man Polymorphed Kill Credit,,,,0,10,0,0,0,11686,0,0,0,1,0,0,0,0,0
133735,Shadra Betrayer,,,,0,7,0,0,77125,77126,0,0,1,1,1,1,111047,0,0
133794,Arrive at Boat Kill Credit,,,,0,10,0,0,0,11686,0,0,0,1,0,0,0,0,0
133795,Finish Inspection Kill Credit,,,,0,10,0,0,0,11686,0,0,0,1,0,0,0,0,0
133799,"""Sinker""",,,,0,7,0,0,83035,0,0,0,1,1,1,1,0,0,0
133825,Colonel Shucks,,,,0,12,0,0,83693,0,0,0,1,1,1,1,0,0,0
133829,Spell Bunny,,,,0,10,0,0,1126,11686,0,0,0,1,1,1,0,0,0
133834,Scrolled Flight,,,,0,10,0,3,83285,0,0,0,1,1,1,1,0,0,0
133844,Hir'eek,,Lord of the Midnight Sky,,1,1,0,0,80851,0,0,0,1,0,0,0,0,0,0
133851,Cutwater Knife Juggler,,Cutwater Corsairs,,0,7,0,0,80335,80336,0,0,1,1,1,1,56817,0,6886
133899,Glaive Thrower - IGC,,,,1,9,0,0,29642,0,0,0,1,1,1,1,0,0,0
133926,Sentinel IGC,,,,0,7,0,0,78338,0,0,0,1,1,1,1,937,0,0
133936,Wardruid Loti,,Zanchuli Council,,1,7,0,0,78971,0,0,0,1,1,1,1,128100,0,0
133945,Anduin Wrynn,,King of Stormwind,,1,7,0,0,82047,0,0,0,1,1,1,1,152482,0,0
133948,Exodar Peacekeeper,,,,0,7,0,0,87527,87528,0,0,1,1,1,1,117189,0,0
133949,Exodar Peacekeeper,,,,0,7,0,0,87528,87527,0,0,1,1,1,1,30802,0,0
133953,Sergeant Calvin,,,,0,7,0,0,81349,0,0,0,1,1,1,1,155799,155837,0
133964,Target Location,,,,0,10,0,0,0,11686,0,0,0,1,0,0,0,0,0
133975,Alliance Cannon,,,,0,10,0,0,76611,76611,83269,0,1,0,0,1,0,0,0
133992,SI:7 Operative,,,,1,7,0,0,83275,0,0,0,1,1,1,1,0,0,0
133995,Dangerpearl,,PLACEHOLDER,,4,7,0,0,25113,0,0,0,1,1,1,1,0,0,0
133998,Sandstinger Egg,,,,6,10,0,0,80518,0,0,0,1,1,1,1,0,0,0
134004,Gorak Tul,,Lord of the Blighted Lands,,1,7,0,0,84366,0,0,0,1,1,1,1,0,0,0
134015,Goblin Shredder,,,,1,7,0,3,80615,0,0,0,1,1,1,1,1899,119203,0
134037,First Arcanist Thalyssra,,,,1,7,0,0,67345,0,0,0,1,1,1,1,132171,0,0
134038,Rokhan,,,,1,7,0,0,116250,0,0,0,1,1,1,1,182571,0,0
134039,Nathanos Blightcaller,,Champion of the Banshee Queen,,1,7,0,0,66644,0,0,0,1,1,1,1,2183,2183,5258
134040,Deathguard Malcolm,,,,1,7,0,0,81649,0,0,0,1,1,1,1,107962,49777,0
134044,Expedition Guard,,,,0,7,0,0,81427,0,0,0,1,1,1,1,0,0,0
134045,Patch,,Gob Squad,,0,7,0,0,30315,0,0,0,1,1,1,1,0,0,0
134059,Stormcoil Sorceress,,,,0,7,0,0,83312,0,0,0,1,1,1,1,0,0,0
134071,Patch,,Gob Squad,,0,7,0,0,30315,0,0,0,1,1,1,1,0,0,0
134092,Princess Talanji,,,,1,7,0,0,75898,0,0,0,1,1,1,1,126524,0,0
134093,Zul the Prophet,,,,1,7,0,0,84351,0,0,0,1,1,1,1,0,161068,0
134095,Farmer Deal,,,,0,7,0,0,83325,0,0,0,1,1,1,1,0,0,0
134101,Stormcoil Naga,,,,0,7,0,0,83312,0,0,0,1,1,1,1,0,0,0
134104,Stormwind Footman Male - IGC,,,,0,7,0,0,77928,0,0,0,1,1,1,1,164000,117413,0
134105,Stormwind Footman Female - IGC,,,,0,7,0,0,87328,0,0,0,1,1,1,1,164000,117413,0
134106,Lumbergrasp Sentinel,,,,4,1,0,0,79804,0,0,0,1,1,1,1,0,0,0
134109,Dominated Hydra,,,,2,1,0,0,65145,0,0,0,1,0,0,0,0,0,0
134111,Alliance Mage,,,,0,7,0,0,78338,83352,0,0,1,1,1,1,937,0,0
134113,Rezani Handler,,,,0,7,0,0,79530,79531,0,0,1,1,0,0,94028,0,28023
134114,Apprentice Beastcaller,,,,0,7,0,0,79534,79535,79532,79533,1,1,1,1,94705,0,28023
134132,Wardruid Loti,,Zanchuli Council,,1,7,0,0,78971,0,0,0,1,1,1,1,128100,0,0
134155,Enraged Swarmer,,,,6,1,44,3,82000,0,0,0,1,1,1,1,0,0,0
134176,Bridgeport Guard,,,,1,7,0,0,81351,81352,81353,81354,1,1,1,1,155799,155837,155816
134191,Gilnean Mauler,,,,0,7,0,0,63488,63491,0,0,1,1,1,1,0,0,0
134192,Gilnean Battlemage,,,,1,7,0,0,34518,34517,34516,34515,1,1,1,1,937,0,0
134199,Gilnean Shieldwall,,,,1,7,0,0,63730,63731,63732,63733,1,1,1,1,1899,118874,0
134200,Genn Greymane,,,,1,7,0,0,31177,0,0,0,1,1,1,1,0,0,0
134201,Lady Jaina Proudmoore,,,,1,7,0,0,80016,0,0,0,1,1,1,1,153575,0,0
134228,Kraul Goliath,,,,1,5,0,0,36700,0,0,0,1,1,1,1,0,0,0
134256,Sulthis,,,,0,7,0,0,83321,0,0,0,1,0,0,0,0,0,0
134261,Hexlord Raal,,Zanchuli Council,,1,7,0,0,78972,0,0,0,1,1,1,1,0,0,0
134292,Sulthis,,,,0,7,0,0,83534,0,0,0,1,1,1,1,0,0,0
134299,Tree Exited Credit,,,,0,10,0,0,20570,27823,0,0,0,1,0,0,0,0,0
134300,Signal Point Reached,,,,0,10,0,0,20570,27823,0,0,0,1,1,1,0,0,0
134302,Narrator,,,,0,7,0,0,22452,0,0,0,1,0,0,0,0,0,0
134309,Apprentice Alchemist,,,,0,7,0,0,83537,0,0,0,1,1,1,1,0,0,0
134313,[SLS] Invisible Stalker IGC,,,,0,10,0,2,11686,0,0,0,1,1,1,1,155857,0,0
134318,Enthralled Beast Proxy,,,,0,10,0,0,0,11686,0,0,0,1,0,0,0,0,0
134323,Control Demolisher Credit,,,,0,10,0,0,20570,27823,0,0,0,1,0,0,0,0,0
134339,Invisible Stalker,,,,0,7,0,3,56187,11686,0,0,0,1,0,0,0,0,0
134351,Royal Dreadguard,,,,0,7,0,0,78923,78924,78922,78921,1,1,1,1,2179,18166,0
134352,Royal Cavalier,,,,0,7,0,0,78923,78924,78922,78921,1,1,1,1,2179,18166,0
134355,Princess Talanji,,,,1,7,0,0,75898,0,0,0,1,1,1,1,126524,0,0
134356,Expedition Guard,,,,0,7,0,0,81427,0,0,0,1,1,1,1,0,0,0
134357,Newt,,Gob Squad,,0,7,0,0,30316,0,0,0,1,1,1,1,0,0,45937
134358,Ticker,,Gob Squad,,0,7,0,0,30314,0,0,0,1,0,0,0,0,0,47523
134394,Riding Raptor,,,,0,1,0,0,80358,0,0,0,1,1,1,1,0,0,0
134395,Riding Raptor,,,,0,1,0,0,80358,0,0,0,1,1,1,1,0,0,0
134398,(Bunny) Client Side,,,,0,10,0,0,14473,27823,0,0,0,1,0,0,0,0,0
134406,Francois,,,,0,12,0,0,75339,0,0,0,1,1,1,1,0,0,0
134425,Hulking Kraulguard,,,,0,7,0,0,81658,0,0,0,1,1,1,1,160671,0,0
134427,Sethrak Skycaller,,,,0,7,0,0,80487,80624,80623,80646,2,2,1,1,151335,0,0
134428,Bladesworn Diamondback,,,,0,7,0,0,80648,80647,80642,80643,2,0,0,0,151334,151334,0
134429,Diamondback Warbringer,,,,0,7,0,0,80642,0,0,0,1,1,1,1,151334,0,0
134430,Savage Cursespitter,,,,0,7,0,0,75862,0,0,0,1,1,1,1,0,0,151213
134431,Blood Troll,,,,0,7,0,0,75565,75563,0,0,1,1,1,1,128193,128193,0
134434,Bloodbelly Flyer,,,,0,1,296,0,76650,0,0,0,1,1,1,1,0,0,0
134444,Bilgewater Skeleton,,,,0,7,0,0,81674,0,0,0,1,0,0,0,0,0,0
134446,Francois,,,,0,12,0,0,75339,0,0,0,1,0,0,0,0,0,0
134455,General Jakra'zet,,Zanchuli Council,,1,7,0,0,82968,0,0,0,1,0,0,0,0,0,0
134456,Emperor Korthek,,,,1,7,0,0,83655,0,0,0,1,1,1,1,151335,0,0
134457,Bilgewater Goblin,,,,0,7,0,0,82251,86755,86777,86758,1,1,1,1,0,0,0
134460,Old K'zlotec,,Wrath of Rezan,,1,1,0,0,78197,0,0,0,1,1,1,1,0,0,0
134462,Princess Talanji,,,,1,7,0,0,75898,0,0,0,1,1,1,1,126524,0,0
134467,Magma Giant,,,,0,7,0,0,69826,0,0,0,1,1,1,1,0,0,0
134468,Wild Imp,,,,0,3,0,0,77405,77406,77407,0,1,1,1,1,0,0,0
134481,Emperor Korthek,,,,1,7,0,0,83655,0,0,0,1,0,0,0,0,0,0
134482,Stormwind Footman,,,,0,7,0,0,77928,87328,0,0,1,1,1,1,164000,117413,0
134491,Undercity Guardian,,,,0,10,0,0,79093,0,0,0,1,1,1,1,0,0,0
134493,Pa'ku,,Lord of Winds,,1,10,0,3,80026,0,0,0,1,1,1,1,0,0,0
134507,Siege Monstrosity,,,,1,6,39,0,78169,0,0,0,0,1,1,1,0,0,0
134542,Ornery Battleboar,,,,0,1,5,0,81145,0,0,0,1,0,0,0,0,0,0
134543,Ornery Battleboar,,,,0,1,5,0,81145,0,0,0,1,0,0,0,0,0,0
134563,Captured Exile,,,,0,7,0,0,82396,82397,82398,82399,1,1,1,1,0,0,0
134565,Faithless Skycaller,,,,0,7,0,0,83725,83726,83727,83728,0.5,0.5,1,1,151335,0,0
134566,Faithless Spireguard,,,,0,7,0,0,83716,83717,83718,83719,1,1,0.5,0.5,151334,0,0
134574,High Overlord Saurfang,,,,1,7,0,0,14732,0,0,0,1,1,1,1,155857,0,0
134589,Sweet's Cage Open Credit,,,,0,10,0,0,81209,27823,0,0,0,1,0,0,0,0,0
134593,Mythrax the Unraveler,,,,1,15,0,0,84043,0,0,0,1,1,1,1,0,0,0
134596,Siege Monstrosity,,,,1,6,39,0,78169,0,0,0,0,1,1,1,0,0,0
134597,Blood Troll Warrior,,,,1,7,0,0,79499,79500,79501,79502,1,1,1,1,128193,128193,0
134627,Blood Troll Warmother,,,,1,7,0,0,76215,0,0,0,1,1,1,1,0,0,0
134632,Genn Greymane,,,,1,7,0,0,31177,0,0,0,1,1,1,1,0,0,0
134638,Warlord Zothix,,,,4,7,0,0,80681,0,0,0,1,1,1,1,156877,0,0
134644,Dwarven Rifleman IGC,,,,0,7,0,0,78306,78307,78308,78309,1,1,1,1,150586,0,150586
134648,Stormwind Footman IGC,,,,0,7,0,0,87328,77928,0,0,1,1,1,1,164000,117413,0
134650,Teldrassil Archer IGC,,,,0,7,0,0,83341,83340,83339,83338,1,1,1,1,73038,0,73038
134664,Blood Troll Warrior,,,,1,7,0,0,79499,79500,79501,79502,1,1,1,1,128193,128193,0
134665,Risen Warrior,,,,1,7,0,0,81094,81095,81096,0,1,1,1,1,0,0,0
134667,(Bunny) West Spire - Client Scene Sessile,,,,0,10,0,0,14473,27823,0,0,0,1,0,0,0,0,0
134670,(Bunny) Client Side + Sessile,,,,0,10,0,0,14473,27823,0,0,0,1,0,0,0,0,0
134671,(Bunny) Client Side + Sessile + Gigantic AOI,,,,0,10,0,0,14473,27823,0,0,0,1,0,0,0,0,0
134689,Rokhan,,,,1,7,0,0,116250,0,0,0,1,1,1,1,182571,0,0
134690,Ambermane Gazelle,,,,0,1,151,0,1547,0,0,0,1,1,1,1,0,0,0
134692,Princess Talanji,,,,1,7,0,0,75898,0,0,0,1,1,1,1,126524,0,0
134712,Gathered Blood Essence,,,,0,10,0,3,81077,0,0,0,1,1,1,1,0,0,0
134755,Thaelin Darkanvil,,,,1,7,0,0,52540,0,0,0,1,1,1,1,0,0,0
134756,Old K'zlotec,,Wrath of Rezan,,1,1,0,0,78197,0,0,0,1,1,1,1,0,0,0
134757,A.F.M.O.D.,,Gob Squad,,0,9,0,0,84125,0,0,0,1,1,1,1,0,0,0
134777,Darnassian Sentinels,,,,0,7,0,0,2306,14613,14614,14615,1,1,1,1,0,0,0
134817,Anduin's Horse,,,,0,1,0,0,82727,0,0,0,1,1,1,1,0,0,0
134829,Princess Talanji,,,,1,7,0,0,11686,0,0,0,1,1,1,1,0,0,0
134859,Bloodslave Berserker,,,,1,7,0,0,83916,83917,83918,83919,1,1,1,1,0,0,0
134862,Resurrected Brute,,,,1,7,0,0,79899,0,0,0,1,0,0,0,0,0,0
134863,Jun'ta,,Servant of Ateena,,1,7,0,0,82118,0,0,0,1,0,0,0,0,0,0
134865,Lightning Spire,,,,0,7,0,0,83922,0,0,0,2,1,1,1,0,0,0
134868,Blood Troll Stalker,,,,0,7,0,0,75858,75859,75860,75861,1,1,1,1,153588,0,0
134872,7th Legion Shocktroopers,,,,1,7,0,0,62744,0,0,0,1,1,1,1,0,0,0
134887,Signal Gryphons Credit,,,,0,10,0,0,20570,27823,0,0,0,1,1,1,0,0,0
134924,Taloc IGC,,,,2,9,0,0,85385,85386,0,0,0,1,1,1,0,0,0
134929,Forsaken Catapult,,,,0,9,0,0,79276,0,0,0,1,0,0,0,0,0,0
134957,Sludge Guard,,,,0,7,0,0,23937,23938,23939,23877,1,1,1,1,0,0,34034
134970,Kelsey Steelspark,,Gnomeregan Covert Ops,,0,7,0,0,31159,0,0,0,1,1,1,1,0,0,0
134972,Gnomeregan Mechano-Tanks,,Gnomeregan Covert Ops,,0,7,0,0,31654,0,0,0,1,1,1,1,0,0,0
134973,John J. Keeshan,,,,0,7,0,0,33239,0,0,0,1,1,1,1,0,0,0
134974,Combat Phase Vehicle Targets,,,,0,10,0,0,81209,27823,0,0,0,1,0,0,0,0,0
134977,Exodar Peacekeeper,,,,0,7,0,0,56346,56347,0,0,1,1,1,1,0,0,0
134979,Bloodfang Stalkers,,,,0,7,0,0,36770,36771,36772,0,1,1,1,1,0,0,0
134981,Forsaken Battleguard,,,,1,7,0,0,81649,81650,81651,81652,1,1,1,1,153584,0,0
134984,VFX Bunny,,,,6,10,0,3,64062,11686,0,0,0,1,1,1,0,0,0
135002,Demonic Tyrant,,,,0,3,0,0,116167,0,0,0,1,1,1,1,0,0,0
135003,Lady Sylvanas Windrunner,,Warchief,,1,7,0,0,28213,0,0,0,1,1,1,1,2179,0,42775
135008,Blood Shield Charger,,,,0,10,0,3,64062,84027,0,0,0,1,1,1,0,0,0
135013,FX STalker,,,,0,10,0,3,64062,11686,0,0,0,1,0,0,0,0,0
135014,Mindless Zombie,,,,0,6,0,0,1197,41049,1198,1201,1,1,1,1,0,0,0
135020,Nazmani Ritualist IGC,,,,0,7,0,0,82368,82825,0,0,1,1,1,1,0,0,0
135074,Nazmani Drudge IGC,,,,0,7,0,0,82822,82823,84131,0,1,1,1,1,0,0,0
135077,Fort Victory Footman,,,,1,7,0,0,53840,53835,0,0,1,1,1,1,1899,143,0
135155,Briarback Thornmatron,,,,0,7,0,0,88562,0,0,0,1,1,1,1,160670,0,0
135170,Anduin Wrynn,,King of Stormwind,,1,7,0,0,82048,0,0,0,1,0,0,0,158463,0,0
135184,Nazmani Raider IGC,,,,0,7,0,0,82924,82926,82927,0,1,1,1,1,0,0,0
135185,Nazmani War Slave - IGC,,,,0,7,0,0,78717,78718,78719,0,1,1,1,0,128193,128193,0
135194,Zandalari Soldier IGC,,,,0,7,0,0,82687,75966,0,0,1,0,1,1,0,0,0
135222,Akunda the Nimble,,,,0,10,0,0,1126,11686,0,0,0,1,1,1,0,0,0
135228,Akunda the Courageous,,,,0,10,0,0,1126,11686,0,0,0,1,1,1,0,0,0
135229,Akunda the Serene,,,,0,10,0,0,1126,11686,0,0,0,1,1,1,0,0,0
135307,Wisp,,,,0,8,0,3,87179,0,0,0,100,1,1,1,0,0,0
135363,Vorrik,,,,0,7,0,0,80334,0,0,0,1,1,1,1,151335,0,0
135364,Channel Target (DNT),,,,0,10,0,0,23767,0,0,0,1,1,1,1,0,0,0
135415,Umbral Hulk,,,,1,15,0,0,27849,0,0,0,1,1,1,1,0,0,0
135432,Shieldbearer of Zul,,,,0,6,0,0,80904,0,0,0,1,1,1,1,119707,94192,0
135435,First Arcanist Thalyssra,,,,1,7,0,0,67345,0,0,0,1,1,1,1,132171,0,0
135440,Princess Talanji,,,,1,7,0,0,75898,0,0,0,1,1,1,1,126524,0,0
135441,Zolani,,Blade of the King,,1,7,0,0,77146,0,0,0,1,1,1,1,153584,0,0
135443,High Overlord Saurfang,,,,1,7,0,0,14732,0,0,0,1,1,1,1,155857,0,0
135519,Payload Bunny,,,,6,10,0,3,64062,11686,0,0,0,1,1,1,0,0,0
135530,Choren-ka Conspirator,,,,0,7,0,0,80787,0,0,0,1,1,1,1,82348,0,0
135573,Taloc,,,,1,7,0,0,47998,0,0,0,1,1,1,1,0,0,0
135603,Boralus Civilian,,,,0,7,0,0,80180,80182,82665,82543,1,1,1,1,0,0,0
135622,Grand Artificer Romuul,,,,0,7,0,0,76255,0,0,0,1,1,1,1,126431,45617,0
135651,Alchemist Found Credit,,,,0,10,0,0,81212,27823,0,0,0,1,1,1,0,0,0
135652,Explination Given Credit,,,,0,10,0,0,81212,27823,0,0,0,1,1,1,0,0,0
135667,Wisp,,,,0,8,0,0,84345,0,0,0,100,1,1,1,0,0,0
135675,7th Legion Marine,,,,0,7,0,0,85767,85771,0,0,1,1,1,1,160482,143,2552
135677,7th Legion Rifleman,,,,0,7,0,0,53107,53108,55344,55345,1,1,1,1,1906,0,120060
135684,Earthen Thrall,,,,0,4,0,0,69,0,0,0,1,1,1,1,0,0,0
135708,Princess Talanji,,,,1,7,0,0,75898,0,0,0,1,1,1,1,126524,0,0
135736,Gore,,,,0,1,26,0,15275,0,0,0,1,1,1,1,0,0,0
135739,Akunda,,,,1,1,0,0,88039,0,0,0,1,1,1,1,0,0,0
135778,Channel Target (DNT),,,,0,10,0,3,23767,0,0,0,0,1,1,1,0,0,0
135792,Boralus Worker,,,,0,7,0,0,78480,78481,84091,84092,1,1,1,1,0,0,0
135801,Hexlord Raal,,Zanchuli Council,,1,7,0,0,78972,0,0,0,1,1,1,1,0,0,0
135828,Avatar of Kimbul,,,,1,1,0,0,84428,0,0,0,1,1,1,1,0,0,0
135831,Generic - Dummy that's never used for quest invis kill credit,,,,0,7,0,0,22452,0,0,0,1,1,1,1,0,0,0
135851,Brined Goliath,,,,1,5,0,0,33949,0,0,0,1,1,1,1,0,0,0
135854,Bilescourge,,,,0,3,0,3,77024,0,0,0,1,1,1,1,0,0,0
135887,King Rastakhan,,,,1,7,0,0,77461,0,0,0,1,1,1,1,161023,0,0
135890,King Rastakhan,,,,1,7,0,0,77461,0,0,0,1,1,1,1,161023,0,0
135953,Kul Tiran Rowboat,,,,0,10,0,3,77955,0,0,0,1,1,1,1,0,0,0
136008,Sethrak Slaver,,,,0,7,0,0,83745,83747,0,0,1,1,1,1,156876,156876,0
136068,Master Mathias Shaw,,Leader of SI:7,,0,7,0,0,72253,0,0,0,0,1,1,1,47104,47104,0
136160,King Dazar,,The First,,1,6,0,0,84352,0,0,0,1,1,1,1,159883,0,0
136202,Lady Liadrin,,,,1,7,0,0,85924,0,0,0,1,1,1,1,163831,163832,0
136257,Clonk Credit,,,,0,10,0,0,81212,27823,0,0,0,1,1,1,0,0,0
136258,Fixi Credit,,,,0,10,0,0,81212,27823,0,0,0,1,1,1,0,0,0
136259,Kane Credit,,,,0,10,0,0,81212,27823,0,0,0,1,1,1,0,0,0
136260,Klause Credit,,,,0,10,0,0,81212,27823,0,0,0,1,1,1,0,0,0
136261,Smuggled Crate Credit,,,,0,10,0,0,81212,27823,0,0,0,1,1,1,0,0,0
136274,Xun Xun Question Credit,,,,0,10,0,0,81212,27823,0,0,0,1,1,1,0,0,0
136304,Songstress Nahjeen,,,,4,7,0,0,81433,0,0,0,1,1,1,1,0,0,0
136328,Bilgewater Ping Credit,,,,0,10,0,0,81212,27823,0,0,0,1,1,1,0,0,0
136335,Enraged Krolusk,,,,4,1,292,0,75589,0,0,0,1,1,1,1,0,0,0
136336,Scorpox,,,,4,1,20,0,37539,0,0,0,1,1,1,1,0,0,0
136338,Sirokar,,,,4,4,0,0,81654,0,0,0,1,1,1,1,0,0,0
136340,Relic Hunter Hazaak,,,,4,7,0,0,84744,0,0,0,1,1,1,1,0,0,0
136341,Jungleweb Hunter,,,,4,1,3,0,1104,0,0,0,1,1,1,1,0,0,0
136348,Jungle Gulper,,,,0,8,0,0,81234,6295,0,0,1,1,1,1,0,0,0
136351,Ball and chain bunny,,,,0,10,0,0,81212,27823,0,0,0,1,1,1,0,0,0
136352,Bwonsamdi,,,,1,7,0,2,75961,0,0,0,100,1,1,1,0,0,0
136380,Rezan,,,,1,6,39,0,78188,0,0,0,1,1,1,1,0,0,0
136383,Mythrax the Unraveler,,,,1,4,0,0,84615,0,0,0,1,1,1,1,0,0,0
136385,Azurethos,,,,2,1,0,3,58717,0,0,0,1,1,1,1,0,0,0
136388,Titan Keeper Hezrel,,,,1,9,0,0,76851,0,0,0,1,1,1,1,0,0,0
136394,Nathanos Blightcaller,,Champion of the Banshee Queen,,1,7,0,0,86011,0,0,0,1,1,1,1,65795,65795,5258
136405,Eredar Brute,,,,0,3,0,0,74890,0,0,0,1,1,1,1,0,0,0
136428,Dark Chronicler,,Voice of the Bones,,4,7,0,0,83266,0,0,0,1,1,1,1,0,0,0
136445,Captain Rez'okun,,,,0,7,0,0,81389,0,0,0,1,1,1,1,0,0,0
136515,Cannon,,,,0,9,0,0,85540,0,0,0,1,1,1,1,0,0,0
136633,Harbor Guard,,,,1,7,0,0,88610,88611,88612,88613,1,1,1,1,158900,0,155816
136683,Trade Prince Gallywix,,,,1,7,0,0,75730,0,0,0,1,1,1,1,0,0,0
136719,Ol' Bonebite,,,,6,6,26,3,42265,0,0,0,1,1,1,1,0,0,0
136723,Gallywix's War Trike,,,,1,9,0,0,84915,0,0,0,1,1,1,1,0,0,0
136725,Eitrigg,,,,1,7,0,0,82115,0,0,0,1,1,1,1,10612,107339,0
136765,Trogg Proxy,,,,0,10,0,0,11686,0,0,0,1,1,1,1,0,0,0
136766,Norwington Guard,,,,1,7,0,0,82795,82796,81746,81747,1,1,1,1,158900,0,155816
136827,8.0 Magni Intro - Azeroth Heartbeat - (STM),,,,0,10,0,0,84932,0,0,0,1,1,1,1,0,0,0
136907,Magni Bronzebeard,,The Speaker,,1,7,0,0,71764,0,0,0,1,1,1,1,0,0,0
136916,Sethrak Raider,,,,0,7,0,0,83737,83739,83740,0,1,0.5,0.5,1,156876,156876,0
136917,Lucille Waycrest,,,,0,7,0,0,90534,0,0,0,1,1,1,1,0,0,0
136918,Lady Waycrest,,,,1,7,0,0,87188,0,0,0,1,1,1,1,0,0,0
136919,Lord Arthur Waycrest,,,,1,7,0,0,83349,0,0,0,1,1,1,1,0,0,0
136920,Marshal Everit Reade,,Waycrest Guard,,0,7,0,0,83555,0,0,0,1,1,1,1,65492,0,0
136922,Inquisitor Mace,,Order of Embers,,0,7,0,0,81602,0,0,0,1,1,1,1,155684,0,0
136923,Inquisitor Yorrick,,Order of Embers,,0,7,0,0,81607,0,0,0,1,1,1,1,155799,0,155774
136924,Lieutenant Sterntide,,Waycrest Guard,,0,7,0,0,81576,0,0,0,1,1,1,1,0,0,0
136928,Inquisitor Notley,,Order of Embers,,0,7,0,0,81604,0,0,0,1,1,1,1,155690,0,0
136929,Winston,,Inquisitor Notley's Companion,,0,1,0,3,81522,0,0,0,1,1,1,1,0,0,0
136966,Captain Keelson,,The Maiden's Virtue,,0,7,0,0,79848,0,0,0,1,1,1,1,851,0,0
136967,Taelia,,,,0,7,0,0,81291,0,0,0,1,1,1,1,155757,0,0
137020,Shadow of Zul,,,,1,7,0,3,84351,0,0,0,1,1,1,1,0,0,0
137021,Wicker Proxy,,,,0,10,0,0,11686,0,0,0,1,1,1,1,0,0,0
137028,Bonebeak Egg,,,,0,10,0,0,85025,0,0,0,1,1,1,1,0,0,0
137071,Gallywix's War Trike,,,,1,9,0,0,7804,0,0,0,1,1,1,1,0,0,0
137087,Goblin Diplomat,,,,1,7,0,0,85126,85127,0,0,1,1,1,1,0,0,0
137088,Grizzled Orcish Commander,,,,1,7,0,0,85137,85138,0,0,1,1,1,1,10612,107339,0
137090,Gallywix's War Trike,,,,1,9,0,0,84915,0,0,0,1,1,1,1,0,0,0
137139,Vulpera Kid,,,,6,7,0,0,84146,85172,0,0,1,1,1,1,0,0,0
137154,General Purpose Stalker,,,,0,10,0,0,47399,11686,0,0,0,1,1,1,0,0,0
137180,Merchant Attack Controller,,,,0,10,0,0,1126,11686,0,0,0,1,1,1,0,0,0
137206,Faceless One,,,,0,7,0,0,28134,0,0,0,1,1,1,1,0,0,0
137207,Maiden's Virtue Helmsman,,,,0,7,0,0,22661,0,0,0,1,1,1,1,0,0,0
137210,Samuel Williams,,,,0,7,0,0,81469,0,0,0,1,1,1,1,0,0,0
137214,IGC Invisible Stalker,,,,0,10,0,0,11686,0,0,0,1,1,1,1,0,0,0
137216,Maiden's Virtue Sailor,,,,0,7,0,0,22663,22664,26115,26118,1,1,1,1,0,0,0
137218,Enthralled Sailor,,,,0,7,0,0,22820,0,0,0,1,1,1,1,0,0,0
137222,Falstad Wildhammer,,High Thane,,0,7,0,0,32681,0,0,0,0,1,1,1,0,0,0
137223,Shadow Hunter Ty'jin,,,,0,7,0,0,85790,0,0,0,0,1,1,1,0,0,0
137224,Lilian Voss,,,,0,7,0,0,85799,0,0,0,0,1,1,1,0,0,0
137225,Shandris Feathermoon,,General of the Sentinel Army,,0,7,0,0,86964,0,0,0,0,1,1,1,0,0,0
137226,Hobart Grapplehammer,,,,0,7,0,0,67624,0,0,0,0,1,1,1,0,0,0
137227,Rexxar,,Unseen Path,,0,7,0,0,60766,0,0,0,0,1,1,1,0,0,0
137228,Magister Umbric,,,,0,7,0,0,82386,0,0,0,0,1,1,1,0,0,0
137229,Arcanist Valtrois,,,,0,7,0,0,73854,0,0,0,0,1,1,1,0,0,0
137247,Heartwood Soldier,,,,0,15,0,0,80812,80813,80814,0,1,1,1,1,0,0,0
137258,Gnarled Hulk,,,,1,15,0,0,79366,79395,79396,0,1,1,1,1,0,0,0
137265,Raul the Tenacious,,The Wolfpack,,0,7,0,0,82025,0,0,0,1,1,1,1,65462,0,0
137266,Gunnolf the Ferocious,,The Wolfpack,,0,7,0,0,82024,0,0,0,1,1,1,1,18203,18202,0
137267,Lyco,,,,0,1,1,0,165,0,0,0,1,1,1,1,0,0,0
137268,Fenrae the Cunning,,The Wolfpack,,0,7,0,0,82026,0,0,0,1,1,1,1,0,0,126004
137278,Tally Zapnabber,,Razak's Roughriders,,0,7,0,0,83051,0,0,0,1,1,1,1,28487,0,0
137280,Roughrider Portable Bunker,,,,0,9,0,0,83045,0,0,0,1,1,1,1,0,0,0
137281,Razak Ironsides,,Razak's Roughriders,,0,7,0,0,82995,0,0,0,1,1,1,1,0,0,0
137282,Rally Zapnabber,,Tally's Twin,,0,9,0,0,83093,0,0,0,1,1,1,1,28487,0,0
137293,Vindicator Baatul,,Light's Vengeance,,0,7,0,0,83531,0,0,0,1,1,1,1,94666,115285,0
137294,Archmage Tamuura,,Light's Vengeance,,0,7,0,0,83533,0,0,0,1,1,1,1,51932,127571,0
137295,Anchorite Lanna,,Light's Vengeance,,0,7,0,0,83532,0,0,0,1,1,1,1,85946,0,0
137297,Shadeweaver Zarra,,Riftrunners,,0,7,0,0,83523,0,0,0,1,1,1,1,50210,157575,0
137298,Riftblade Kelain,,Riftrunners,,0,7,0,0,83521,0,0,0,1,1,1,1,113486,78456,0
137304,Golly,,,,0,1,26,3,80802,0,0,0,1,1,1,1,0,0,0
137312,POW-R Amp Platform,,,,0,9,0,0,81455,0,0,0,1,1,1,1,0,0,0
137314,Varigg,,Briona's Buccaneers,,0,7,0,0,84174,0,0,0,1,1,1,1,0,0,0
137315,"""Stabby"" Lottie",,Briona's Buccaneers,,0,7,0,0,84166,0,0,0,1,1,1,1,18758,18758,0
137316,Gore,,,,0,1,26,3,15275,0,0,0,1,1,1,1,0,0,0
137317,Briona the Bloodthirsty,,Briona's Buccaneers,,0,7,0,0,84173,0,0,0,1,1,1,1,90030,0,153648
137323,Magni Bronzebeard,,The Speaker,,1,7,0,0,71764,0,0,0,1,1,1,1,0,0,0
137324,Infernal,,,,1,3,108,0,7029,0,0,0,1,1,1,1,0,0,0
137338,Rose,,,,0,1,299,0,76870,0,0,0,1,1,1,1,0,0,0
137340,Mara,,,,0,1,299,0,236,0,0,0,1,1,1,1,0,0,0
137370,Duskrunner Lorinas,,Riftrunners,,0,7,0,0,83524,0,0,0,1,1,1,1,124381,0,0
137379,Kid,,,,0,7,0,0,77050,0,0,0,1,1,1,1,0,0,0
137386,Zeppelin,,,,0,13,0,0,84777,0,0,0,1,1,1,1,0,0,0
137390,Kul Tiran Child,,,,0,7,0,0,76549,76547,77039,77047,1,1,1,1,0,0,0
137409,Flynn Fairwind,,,,0,7,0,0,81464,0,0,0,1,1,1,1,0,0,0
137460,Defiant Farmer,,,,0,7,0,0,81362,81198,81368,81202,1,1,1,1,0,0,0
137465,Vol'kaal,,Zanchuli Council,,1,7,0,0,79411,0,0,0,1,1,1,1,0,0,0
137475,Brennadam Citizen,,,,0,7,0,0,81368,81369,81370,81372,1,1,1,1,0,0,0
137476,Brennadam Citizen,,,,0,7,0,0,81362,81363,81364,81366,1,1,1,1,0,0,0
137488,Misha,,,,0,1,0,0,71273,0,0,0,1,1,1,1,0,0,0
137496,Cannon,,,,0,9,0,0,85540,0,0,0,1,1,1,1,0,0,0
137498,Magni Bronzebeard,,The Speaker,,1,7,0,0,71764,0,0,0,1,1,1,1,0,0,0
137530,Daniel Poole,,Hook Point Leader,,0,7,0,0,85348,0,0,0,0,1,1,1,1827,0,0
137531,Bristleback Clubber,,The Bilge Rats,,0,7,0,0,6078,0,0,0,1,1,1,1,2695,0,0
137534,Tauren Earthshakers,,,,0,7,0,0,83326,83327,0,0,1,1,1,1,0,0,0
137535,Great Gray Kodo,,,,0,1,0,0,14579,0,0,0,1,1,1,1,0,0,0
137555,Shattered Hand Specialist,,,,0,7,0,0,63954,63955,0,0,1,1,1,1,0,0,0
137557,Darkspear Shaman,,,,0,7,0,0,46221,0,0,0,1,1,1,1,0,0,0
137558,Forsaken Dreadguards,,,,0,7,0,0,34172,34173,0,0,1,1,1,1,0,0,0
137561,The Crimson Cutthroats,,,,0,10,0,0,81209,27823,0,0,0,1,1,1,0,0,0
137563,Skeletal Warhorse,,,,0,1,0,0,70474,0,0,0,1,1,1,1,0,0,0
137565,Silvermoon Sorceress,,,,0,7,0,0,78165,78166,78168,0,1,1,1,1,0,0,0
137569,Orc Raider,,,,0,7,0,0,85151,85152,85149,85150,1,1,1,1,12142,0,0
137570,Riding Wolf,,,,0,1,1,0,54110,0,0,0,1,1,1,1,0,0,0
137580,Invisible Stalker,,,,0,10,0,0,46003,41199,0,0,0,1,1,1,0,0,0
137581,Invisible Stalker,,,,0,10,0,0,46003,41199,0,0,0,1,1,1,0,0,0
137582,Kul Tiran Rowboat,,,,0,10,0,3,85404,0,0,0,1,1,1,1,0,0,0
137586,Magni Bronzebeard,,The Speaker,,1,7,0,0,71764,0,0,0,1,1,1,1,0,0,0
137592,Goblin Sappers,,,,0,7,0,0,79884,79885,0,0,1,1,1,1,0,0,0
137600,Huojin Monks,,,,0,7,0,0,45864,45865,0,0,1,1,1,1,0,0,0
137602,Tushui Monks,,,,0,7,0,0,45874,45875,0,0,1,1,1,1,0,0,0
137603,Swiftwing,,,,0,7,0,0,87495,0,0,0,1,1,1,1,0,0,0
137605,Gnomeregan Mechano-Tank,,,,0,7,0,0,31623,0,0,0,1,1,1,1,0,0,0
137606,Invisible Stalker,,,,0,10,0,0,46003,41199,0,0,0,1,1,1,0,0,0
137607,Invisible Stalker,,,,0,10,0,0,46003,41199,0,0,0,1,1,1,0,0,0
137613,Hobart Grapplehammer,,,,1,7,0,0,67624,0,0,0,1,1,1,1,31824,0,0
137666,Mudshell Conch,,,,0,14,0,0,45883,0,0,0,1,1,1,1,0,0,0
137667,Peachy,,,,0,8,0,0,45883,0,0,0,1,1,1,1,0,0,0
137670,Invading Headhunter,,,,0,1,5,0,84564,84566,84567,84568,1,1,1,1,160115,0,160115
137678,Kul Tiran Rowboat,,,,0,10,0,3,77955,0,0,0,1,1,1,1,0,0,0
137681,King Clickyclack,,King of the Tide Pools,,4,1,8,0,85438,0,0,0,1,1,1,1,0,0,0
137682,Dwarven Riflemen,,,,0,7,0,0,78306,78307,0,0,1,1,1,1,0,0,0
137690,Exodar Peacekeeper Elekk,,,,0,1,0,0,19872,0,0,0,1,1,1,1,0,0,0
137699,Muradin Bronzebeard,,High Thane,,1,7,0,0,82021,0,0,0,1,1,1,1,49775,49774,0
137700,High Exarch Turalyon,,,,1,7,0,0,78867,0,0,0,1,1,1,1,150577,0,0
137701,Danath Trollbane,,,,1,7,0,0,84983,0,0,0,1,1,1,1,125319,13814,0
137711,Yazma,,Zanchuli Council,,1,7,0,0,76962,0,0,0,1,1,1,1,0,0,0
137718,Deathguard Sansa,,,,1,7,0,0,81652,0,0,0,1,1,1,1,107962,49777,0
137740,Pirate Duds Kill Credit,,,,0,10,0,0,11686,0,0,0,1,1,1,1,0,0,0
137756,Ty'jin Escorted Kill Credit,,,,0,10,0,0,11686,0,0,0,1,1,1,1,0,0,0
137768,Pterrordax Loa Paku,,,,0,1,0,0,80026,0,0,0,0,1,1,1,0,0,0
137814,Keg Spiked Kill Credit,,,,0,10,0,0,11686,0,0,0,1,1,1,1,0,0,0
137837,Overlord Geya'rah,,,,1,7,0,0,85555,0,0,0,1,1,1,1,118400,0,0
137839,Kul Tiran Rowboat,,,,0,10,0,3,77955,0,0,0,1,1,1,1,0,0,0
137852,Old Rotana,,Bulwark of Torcali,,1,1,0,0,47310,0,0,0,1,1,1,1,0,0,0
137855,Old Rotana,,Bulwark of Torcali,,1,1,138,0,47310,0,0,0,1,1,1,1,0,0,0
137856,Vorrik,,,,0,7,0,0,80334,0,0,0,1,1,1,1,0,0,0
137864,Zul the Prophet,,,,1,7,0,0,84351,0,0,0,1,1,1,1,161067,0,0
137865,effigy credit,,,,0,10,0,0,20570,27823,0,0,0,1,1,1,0,0,0
137895,Warfang Grunt,,,,0,7,0,0,84545,84546,84547,84548,1,1,1,1,0,0,0
137931,Portal to Silithus,,,,0,7,0,0,46003,41199,0,0,0,1,1,1,0,0,0
137932,Portal to Silithus,,,,0,7,0,0,46003,41199,0,0,0,1,1,1,0,0,0
137938,Wedding Gift,,,,0,10,0,0,20570,27823,0,0,0,1,1,1,0,0,0
137971,Trained Crab,,,,0,8,0,0,85664,0,0,0,1,1,1,1,0,0,0
138038,"Wooden ""Horse""",,,,6,10,0,3,64062,11686,0,0,0,1,1,1,0,0,0
138067,Exodar High Priest,,,,0,7,0,0,87532,0,0,0,1,1,1,1,140701,0,0
138073,Spirit of Vol'jin,,,,1,7,0,0,51442,0,0,0,100,1,1,1,140776,0,14118
138106,Princess Talanji,,,,1,7,0,0,75898,0,0,0,1,1,1,1,126524,0,0
138110,Rokhan,,,,1,7,0,0,116250,0,0,0,1,1,1,1,182571,0,0
138138,Princess Talanji,,,,1,7,0,0,75898,0,0,0,1,1,1,1,126524,0,0
138150,Echo of Shadra,,,,0,1,0,0,84461,0,0,0,1,1,1,1,0,0,0
138153,Second Quest Location Reached Credit,,,,0,10,0,0,20570,27823,0,0,0,1,1,1,0,0,0
138155,All Witches Proxy,,,,0,10,0,0,20570,27823,0,0,0,1,1,1,0,0,0
138161,Mageguard Elite,,,,1,7,0,0,85746,85747,85748,85749,1,1,1,1,140550,0,0
138167,Irontide Trickshot,,,,0,7,0,0,79091,79092,0,0,1,1,1,1,0,0,108713
138168,Irontide Coin Hauler,,,,0,7,0,0,82274,0,0,0,1,1,1,1,59810,59810,0
138170,Irontide Cutthroat,,,,0,7,0,0,79068,79069,79070,79071,1,1,1,1,851,0,0
138255,Ashvane Spotter,,,,1,7,0,0,86436,86431,0,0,1,1,1,1,155800,0,0
138282,Great Sea Vagrant,,,,0,7,0,0,79064,79065,79066,79067,1,1,1,1,6256,0,0
138287,Lilian Voss,,,,1,7,0,0,85799,0,0,0,1,1,1,1,160500,160501,0
138300,Blessed Banner,,,,0,11,0,0,85805,0,0,0,1,1,1,1,0,0,0
138312,Banshee's Wail Cannon,,,,0,9,0,0,85806,0,0,0,1,1,1,1,0,0,0
138322,Lion's Guard,,,,1,7,0,0,75855,75856,0,0,1,0,1,1,1899,143,0
138344,Irontide Pillager,,Irontide Raiders,,0,7,0,0,79068,79069,79070,79071,1,1,1,1,851,0,0
138345,Irontide Straightshooter,,Irontide Raiders,,0,7,0,0,79091,79092,0,0,1,1,1,1,0,0,108713
138357,Questionable Tuber,,,,0,10,0,0,20570,27823,0,0,0,1,1,1,0,0,0
138360,High Exarch Turalyon,,,,1,7,0,0,75811,0,0,0,1,1,1,1,150577,0,0
138364,Captain Amalia Stone,,Bridgeport Guard-Captain,,0,7,0,0,85826,0,0,0,1,1,1,1,0,0,0
138366,Horse,,,,0,1,0,0,82958,0,0,0,1,1,1,1,0,0,0
138372,Wanda,,,,0,7,0,0,81354,0,0,0,1,1,1,1,0,0,0
138373,John,,,,0,7,0,0,81353,0,0,0,1,1,1,1,0,0,0
138384,Bridgeport Guard,,,,0,7,0,0,81353,0,0,0,1,1,1,1,0,0,0
138385,Bridgeport Guard,,,,0,7,0,0,81351,0,0,0,1,1,1,1,0,0,0
138386,Bridgeport Guard,,,,0,7,0,0,81352,0,0,0,1,1,1,1,155799,0,0
138453,Winkle,,,,0,8,0,0,67535,0,0,0,1,1,1,1,0,0,0
138454,Orgrimmar Raider,,,,0,7,0,0,88367,88368,88369,88370,1,1,1,1,164001,119203,0
138455,Tauren Earthshaker,,,,0,7,0,0,88364,88365,88366,0,1,1,1,1,72258,0,0
138527,Effigy Credit,,,,0,10,0,0,20570,27823,0,0,0,1,1,1,0,0,0
138542,Bridgeport Guard,,,,0,7,0,0,81351,81352,81353,81354,1,1,1,1,155799,155837,155816
138548,Captain Amalia Stone,,,,0,7,0,0,85826,0,0,0,1,1,1,1,155799,155837,155816
138552,Stolen Horse,,,,0,7,0,0,85892,0,0,0,1,1,1,1,0,0,0
138595,Rakera's Shield,,,,0,10,0,0,1126,11686,0,0,0,1,1,1,0,0,0
138604,Lilian Voss,,,,1,7,0,0,85799,0,0,0,1,1,1,1,160500,160501,0
138607,Bridgeport Guard,,,,0,7,0,0,81351,81352,81353,81354,1,1,1,1,155799,155837,155057
138617,Yazma,,Zanchuli Council,,1,7,0,0,76962,0,0,0,1,1,1,1,126524,0,0
138661,Plant Banner Kill Credit,,,,0,10,0,0,11686,0,0,0,1,1,1,1,0,0,0
138685,Lieutenant Mendaci,,,,0,7,0,0,82401,0,0,0,1,1,1,1,0,0,0
138691,Druid of the Claw,,,,0,7,0,0,88543,88541,88544,88538,1,1,1,1,34449,34450,0
138697,Spirit of King Rastakhan,,,,1,7,0,3,85941,0,0,0,1,1,1,1,0,0,0
138702,King Rastakhan,,,,1,7,0,0,77461,0,0,0,1,1,1,1,161023,0,0
138708,Garona Halforcen,,,,1,7,0,0,89342,0,0,0,1,1,1,1,61297,61297,0
138714,Gilnean Mauler,,,,0,7,0,0,87525,0,0,0,1,1,1,1,0,0,0
138720,Exodar High Priest,,,,0,7,0,0,87532,0,0,0,1,1,1,1,140701,0,0
138737,Captain Amalia Stone,,Bridgeport Guard-Captain,,0,7,0,0,85826,0,0,0,1,1,1,1,0,0,0
138738,Bridgeport Sentry,,,,0,7,0,0,81351,81352,81353,81354,1,1,1,1,155799,155837,0
138741,Cap'n Crackers,,,,0,12,0,3,86021,0,0,0,1,1,1,1,0,0,0
138742,Whomper,,,,0,12,0,0,86020,0,0,0,1,1,1,1,0,0,0
138748,Sun Totem,,,,0,11,0,0,85976,0,0,0,1,1,1,1,0,0,0
138753,Shieldbearer of Zul,,,,0,6,0,0,80904,0,0,0,1,1,1,1,119707,94192,0
138755,Irontide Slaver,,,,0,7,0,0,79068,79069,79070,79071,1,1,1,1,60924,0,0
138758,Invisible Stalker,,,,0,10,0,0,1126,11686,0,0,0,1,1,1,0,0,0
138759,Invisible Stalker,,,,0,10,0,0,1126,11686,0,0,0,1,1,1,0,0,0
138766,Invisible Stalker,,,,0,10,0,0,1126,11686,0,0,0,1,1,1,0,0,0
138784,Stormcoil Sorceress,,,,0,7,0,0,83312,0,0,0,1,1,1,1,0,0,0
138789,Irontide Pillager,,,,0,7,0,0,79068,79069,79070,79071,1,1,1,1,851,0,0
138794,Dunegorger Kraulok,,,,2,1,39,0,88375,0,0,0,1,1,1,1,0,0,0
138861,Risen Cultist,,,,0,7,0,0,84083,0,0,0,1,1,1,1,152427,0,0
138862,Anduin Wrynn,,King of Stormwind,,1,7,0,0,82048,0,0,0,1,1,1,1,152482,0,0
138865,Storm's Wake Footman,,,,0,7,0,0,85585,81035,85586,0,1,1,1,1,0,0,0
138900,Risen Skeleton,,,,1,6,0,0,86109,86110,86111,86112,1,1,1,1,1899,117413,0
138913,Princess Talanji,,,,1,7,0,0,75898,0,0,0,1,1,1,1,126524,0,0
138935,Expedition Guard,,,,0,7,0,0,81427,0,0,0,1,1,1,1,0,0,0
138936,Expedition Guard,,,,0,7,0,0,81427,0,0,0,1,1,1,1,0,0,0
138938,Seabreaker Skoloth,,,,4,5,0,0,66812,0,0,0,1,1,1,1,0,0,0
138951,Dark Ranger Denyelle,,,,0,7,0,0,68558,0,0,0,1,1,1,1,0,0,36619
138961,Stranded Battalion Guard,,,,0,7,0,0,81717,81718,81719,81720,1,1,1,1,129473,0,0
138964,Spawn of Merektha,,,,0,12,0,0,86088,0,0,0,1,1,1,1,0,0,0
139049,Filthy Slime,,,,0,12,0,0,86101,0,0,0,1,1,1,1,0,0,0
139062,Lilian Voss,,,,1,7,0,0,85799,0,0,0,1,1,1,1,160500,160501,0
139073,Poda,,,,0,12,0,0,86136,0,0,0,1,1,1,1,0,0,0
139074,Shadowy Figure,,,,0,7,0,0,76641,0,0,0,1,1,1,1,147908,0,0
139075,Vorrik's Keystone,,,,0,10,0,0,86117,0,0,0,1,1,1,1,0,0,0
139081,Smoochums,,,,0,12,0,0,86135,0,0,0,1,1,1,1,0,0,0
139088,Boralus Guard,,,,1,7,0,0,88605,88608,88609,88604,1,1,1,1,158900,0,155816
139098,Thomas Zelling,,,,0,7,0,0,86134,0,0,0,1,1,1,1,0,0,0
139101,Lilian Voss,,,,1,7,0,0,85799,0,0,0,1,1,1,1,160500,160501,0
139102,Rexxar,,,,1,7,0,0,60766,0,0,0,1,1,1,1,10612,10612,0
139148,Proudmoore Charger,,,,0,1,0,0,82148,0,0,0,1,1,1,1,0,0,0
139156,Read Plaque Kill Credit,,,,0,10,0,0,11686,0,0,0,1,1,1,1,0,0,0
139184,Anduin Wrynn,,King of Stormwind,,1,7,0,0,82048,0,0,0,1,1,1,1,0,0,0
139230,All Wicker Proxy,,,,0,10,0,0,20570,27823,0,0,0,1,1,1,0,0,0
139232,All Witch Forces Proxy,,,,0,10,0,0,20570,27823,0,0,0,1,1,1,0,0,0
139248,Ty'jin Boat Kill Credit,,,,0,10,0,0,11686,0,0,0,1,1,1,1,0,0,0
139252,Guardian Cobra Hatchling,,,,0,12,35,0,86229,0,0,0,1,1,1,1,0,0,0
139263,Rocket Kill Credit,,,,0,10,0,0,11686,0,0,0,1,1,1,1,0,0,0
139273,Rixxa Fluxflame,,Chief Scientist,,1,7,0,0,81489,0,0,0,1,1,1,1,0,0,159777
139293,Flynn Fairwind,,,,0,7,0,0,76222,0,0,0,1,1,1,1,155766,155766,0
139298,Pinku'shon,,,,4,1,8,0,86218,0,0,0,1,1,1,1,0,0,0
139319,Slickspill,,,,4,4,0,0,86220,0,0,0,1,1,1,1,0,0,0
139367,Nathanos RP Kill Credit,,,,0,10,0,0,11686,0,0,0,1,1,1,1,0,0,0
139368,Valentine RP Kill Credit,,,,0,10,0,0,11686,0,0,0,1,1,1,1,0,0,0
139372,Vengeful Chicken,,,,0,12,35,0,86231,0,0,0,1,1,1,1,0,0,0
139377,Lilian Voss,,,,1,7,0,0,85799,0,0,0,1,1,1,1,160500,160501,0
139441,Mag'har Warrior,,,,0,7,0,0,86324,86325,0,0,1,1,1,1,107735,0,0
139450,Shelly,,,,0,12,35,0,75383,0,0,0,1,1,1,1,0,0,0
139452,Sheldon,,,,0,12,35,0,75380,0,0,0,1,1,1,1,0,0,0
139455,Shelby,,,,0,12,35,0,75381,0,0,0,1,1,1,1,0,0,0
139485,Risen Skeleton,,,,1,6,0,0,86109,86110,86111,86112,1,1,1,1,1899,119203,0
139489,Captain Hermes,,Master Pet Tamer,,0,7,0,0,86314,0,0,0,1,1,1,1,0,0,0
139491,Mechanoranger Cogspark,,Ultra-Master Engineer,,1,7,0,0,86323,0,0,0,1,1,1,1,0,0,91901
139494,Mag'har Outrider,,,,0,7,0,0,86330,86331,0,0,1,1,1,1,107263,0,58800
139496,Mag'har Giantslayer,,,,0,7,0,0,86329,86328,0,0,1,1,1,1,109610,0,0
139497,Mag'har Ripper,,,,0,7,0,0,86341,86340,0,0,1,1,1,1,85128,134719,0
139498,Mag'har Darkcaster,,,,0,7,0,0,86333,86332,0,0,1,1,1,1,108652,0,0
139499,Mag'har Limbflayer,,,,0,7,0,0,86334,86335,0,0,1,1,1,1,107298,107298,0
139500,Mag'har Grunt,,,,0,7,0,0,86343,86342,0,0,1,1,1,1,126133,0,115029
139501,Mag'har Blademaster,,,,0,7,0,0,86338,86339,0,0,1,1,1,1,112016,0,0
139502,Gilnean Mauler,,,,0,7,0,0,87525,0,0,0,1,1,1,1,0,0,0
139503,Mag'har Impaler,,,,0,7,0,0,86337,86336,0,0,1,1,1,1,30440,0,30440
139504,Mag'har Warder,,,,0,7,0,0,86326,86327,0,0,1,1,1,1,108590,106903,0
139520,Return to Zuldazar Kill Credit,,,,0,10,0,0,11686,0,0,0,1,1,1,1,0,0,0
139527,SI:7 Operative,,,,1,7,0,0,81610,0,0,0,1,1,1,1,0,0,0
139528,Return to Boralus Kill Credit,,,,0,10,0,0,11686,0,0,0,1,1,1,1,0,0,0
139535,King Rastakhan,,,,1,7,0,0,77461,0,0,0,1,1,1,1,161023,0,0
139541,Sailing Wolf Bandit,,,,0,7,0,0,84337,84416,0,0,1,1,1,1,158900,0,0
139545,Raptari Vanguard,,,,0,7,0,0,75966,75971,0,0,1,1,1,1,94106,0,0
139548,Priscilla Ashvane,,,,1,7,0,0,76291,0,0,0,1,1,1,1,0,0,0
139549,Turn In Target,,,,0,14,0,0,86392,0,0,0,1,1,1,1,0,0,0
139550,Associate Telemancer Burneth,,,,0,7,0,0,86393,0,0,0,1,1,1,1,0,0,0
139555,Boralus Worker,,,,0,7,0,0,78480,78481,84091,84092,1,1,1,1,0,0,0
139556,Boralus Citizen,,,,0,7,0,0,77936,84339,82540,84462,1,1,1,1,0,0,0
139557,Ashvane Bodyguard,,Ashvane Trading Co.,,1,7,0,0,84067,84068,0,0,1,1,1,1,0,0,155816
139558,Ashvane Associate,,Ashvane Trading Co.,,0,7,0,0,82843,82844,82845,82846,1,1,1,1,155771,0,0
139559,Proudmoore Guard,,,,1,7,0,0,84072,84073,84074,84075,1,1,1,1,158900,0,0
139560,Concerned Citizen,,,,0,7,0,0,78478,78479,78471,78475,1,1,1,1,0,0,0
139561,Mukkral Blackvein,,Outpost Commander,,0,7,0,0,59949,0,0,0,1,1,1,1,63679,0,0
139575,Highland Alpha,,,,0,1,1,0,81061,0,0,0,1,1,1,1,0,0,0
139622,Lil' Tika,,,,0,12,0,0,86445,0,0,0,1,1,1,1,0,0,0
139633,King Rastakhan,,,,1,7,0,0,87911,0,0,0,1,1,1,1,161023,0,0
139639,Gonk,,,,1,1,0,0,79401,0,0,0,0,1,1,1,0,0,0
139649,Gonk,,,,1,1,0,0,79401,0,0,0,0,1,1,1,0,0,0
139688,Meet Nathanos Kill Credit,,,,0,10,0,0,11686,0,0,0,1,1,1,1,0,0,0
139707,Ornery Battleboar,,,,0,1,5,0,81145,0,0,0,1,1,1,1,0,0,0
139708,Ornery Battleboar,,,,0,1,5,0,81145,0,0,0,1,1,1,1,0,0,0
139721,Guzbert Gizmoflank,,Gnomeregan Covert Ops,,0,7,0,0,86477,0,0,0,1,1,1,1,56090,0,0
139743,Enchanted Tiki Mask,,,,0,12,0,0,86482,0,0,0,1,1,1,1,0,0,0
139744,Direhorn Hatchling,,,,0,12,0,0,86484,0,0,0,1,1,1,1,0,0,0
139770,Taptaf,,,,0,12,0,0,86488,0,0,0,1,1,1,1,0,0,0
139780,Trained Buzzard,,,,0,1,26,3,88244,0,0,0,0,1,1,1,0,0,0
139782,Restored Revenant,,,,0,12,0,0,86806,0,0,0,1,1,1,1,0,0,0
139828,Magni Bronzebeard,,The Speaker,,1,7,0,0,71764,0,0,0,1,1,1,1,0,0,0
139916,Captain Tarkan,,,,1,7,0,0,29263,0,0,0,1,1,1,1,0,0,0
139917,Dockmaster Mugok,,,,1,7,0,0,29095,0,0,0,1,1,1,1,0,0,0
139918,Orux Thrice-Damned,,,,1,7,0,0,28584,0,0,0,1,1,1,1,0,0,0
139919,Blood Guard Aldo Rockrain,,,,1,7,0,0,32557,0,0,0,1,1,1,1,0,0,0
139920,Illiyana,,,,1,7,0,0,2721,0,0,0,1,1,1,1,0,0,0
139921,Sentinel Thenysil,,,,1,7,0,0,2182,0,0,0,1,1,1,1,0,0,0
139922,Moon Priestess Maestra,,,,1,7,0,0,28540,0,0,0,1,1,1,1,0,0,0
139923,Dentaria Silverglade,,,,1,7,0,0,28416,0,0,0,1,1,1,1,0,0,0
139939,Wisp,,,,0,8,0,3,6148,0,0,0,100,1,1,1,0,0,0
139941,Kyra,,,,1,7,0,3,67155,0,0,0,100,1,1,1,0,0,0
139944,Princess Talanji,,,,1,7,0,0,75898,0,0,0,1,1,1,1,126524,0,0
139945,Rokhan,,,,1,7,0,0,116250,0,0,0,1,1,1,1,182571,0,0
139950,Shadow Hunter Mala,,,,1,7,0,0,54368,0,0,0,1,1,1,1,29433,0,0
139951,Shadow Hunter Rala,,,,1,7,0,0,54367,0,0,0,1,1,1,1,29433,0,0
139964,Thomas Zelling,,,,0,7,0,0,86536,0,0,0,1,1,1,1,0,0,0
139987,Bristlespine,,,,0,14,5,0,138767,0,0,0,1,1,1,1,0,0,0
139991,Lilian Voss,,,,1,7,0,0,85799,0,0,0,1,1,1,1,160500,160501,0
140121,High Overlord Saurfang,,,,1,7,0,0,14732,0,0,0,1,1,1,1,0,0,0
140125,Miimii,,,,0,12,0,0,86574,0,0,0,1,1,1,1,0,0,0
140129,Master Shapeshifter Lyara,,,,1,7,0,0,65552,0,0,0,1,1,1,1,5598,0,73038
140130,Genn Greymane,,,,1,7,0,0,31177,0,0,0,1,1,1,1,0,0,0
140163,Warbringer Yenajz,,,,2,15,0,0,84332,0,0,0,1,1,1,1,0,0,0
140166,Risen Skeleton,,,,1,6,0,0,58951,86351,81670,81675,1,1,1,1,1899,119203,0
140174,"""Repaired"" Portable Fire Starter",,,,0,12,154,0,78122,0,0,0,1,1,1,1,0,0,0
140178,Orgrimmar Raider,,,,0,7,0,0,83326,87520,87521,83327,1,1,1,1,164001,119203,0
140193,"""Fixed"" Remote Control Rocket Chicken",,,,0,12,154,0,36372,0,0,0,1,1,1,1,0,0,0
140198,Zul the Prophet,,,,1,7,0,0,84351,0,0,0,100,1,1,1,161067,161068,0
140199,Garrosh Hellscream,,Warchief,,1,7,0,0,32904,0,0,0,1,1,1,1,30414,0,0
140213,Deathstalker Hayward,,,,1,7,0,0,22632,0,0,0,1,1,1,1,0,0,0
140214,Chief Plaguebringer Harris,,,,1,7,0,0,22535,0,0,0,1,1,1,1,0,0,0
140215,Usha Eyegouge,,,,1,7,0,0,19243,0,0,0,1,1,1,1,0,0,0
140216,Warden Stillwater,,,,1,7,0,0,35857,0,0,0,1,1,1,1,0,0,0
140217,Melisara,,,,1,7,0,0,10994,0,0,0,1,1,1,1,0,0,0
140219,Magus Wordeen Voidglare,,,,1,7,0,0,3682,0,0,0,1,1,1,1,0,0,0
140220,Yelnagi Blackarm,,,,1,7,0,0,5730,0,0,0,1,1,1,1,0,0,0
140221,Tarshaw Jaggedscar,,,,1,7,0,0,3743,0,0,0,1,1,1,1,0,0,0
140222,Karga Rageroar,,,,1,7,0,0,31147,0,0,0,1,1,1,1,0,0,0
140223,Warlord Crawgol,,,,1,7,0,0,30825,0,0,0,1,1,1,1,0,0,0
140225,Maur Raincaller,,,,1,7,0,0,1678,0,0,0,1,1,1,1,0,0,0
140226,Magister Zaedana,,,,1,7,0,0,16781,0,0,0,1,1,1,1,0,0,0
140227,Ivar Bloodfang,,,,1,7,0,0,34162,0,0,0,1,1,1,1,0,0,0
140228,Master Sergeant Pietro Zaren,,,,1,7,0,0,34441,0,0,0,1,1,1,1,0,0,0
140230,Princess Talanji,,,,1,7,0,0,75898,0,0,0,1,1,1,1,126524,0,0
140231,Captain Pietro Zaren,,,,1,7,0,0,34441,0,0,0,1,1,1,1,0,0,0
140232,Grumbol Grimhammer,,,,1,7,0,0,19244,0,0,0,1,1,1,1,0,0,0
140233,Lord Darius Crowley,,,,1,7,0,0,34161,0,0,0,1,1,1,1,0,0,0
140234,Gryphon Master Talonaxe,,,,1,7,0,0,7007,0,0,0,1,1,1,1,0,0,0
140235,General Hammond Clay,,,,1,7,0,0,46026,0,0,0,1,1,1,1,0,0,0
140236,Thomas Paxton,,,,1,7,0,0,31130,0,0,0,1,1,1,1,0,0,0
140237,Keep Watcher Kerry,,,,1,7,0,0,33763,0,0,0,1,1,1,1,0,0,0
140238,Norbin Nimblesprocket,,,,1,7,0,0,31180,0,0,0,1,1,1,1,0,0,0
140239,Logan Talonstrike,,,,1,7,0,0,31297,0,0,0,1,1,1,1,0,0,0
140240,Cannoneer Whessan,,,,1,7,0,0,1864,0,0,0,1,1,1,1,0,0,0
140241,Instructor Duskwalker,,,,1,7,0,0,82523,0,0,0,1,1,1,1,0,0,0
140242,Warsong Shredders,,,,1,7,0,0,48141,0,0,0,1,1,1,1,0,0,0
140243,"""Upgraded"" Nightmare Weaver",,,,0,12,154,0,73603,0,0,0,1,1,1,1,0,0,0
140245,Princess Talanji,,,,1,7,0,0,75898,0,0,0,1,1,1,1,126524,0,0
140252,Hailstone Construct,,,,2,4,0,0,80964,0,0,0,1,1,1,1,0,0,0
140291,Princess Talanji,,,,1,7,0,0,75898,0,0,0,1,1,1,1,126524,0,0
140315,Eddie Fixit,,Master Pet Tamer,,0,7,0,0,86631,0,0,0,1,1,1,1,0,0,0
140395,Patch,,Gob Squad,,0,7,0,0,30315,0,0,0,1,1,1,1,0,49617,45937
140405,Bwonsamdi,,Loa of Death,,1,7,0,2,75961,0,0,0,100,1,1,1,154134,0,0
140411,Smudge,,,,0,12,0,0,84640,0,0,0,0,1,1,1,0,0,0
140412,Evie,,,,0,12,0,0,86547,0,0,0,0,1,1,1,0,0,0
140413,Ashley,,,,0,12,0,0,76482,0,0,0,0,1,1,1,0,0,0
140414,Arashi,,,,0,12,0,0,37846,0,0,0,0,1,1,1,0,0,0
140415,Kona,,,,0,12,0,0,31475,0,0,0,0,1,1,1,0,0,0
140416,Bailey,,,,0,12,0,0,76044,0,0,0,0,1,1,1,0,0,0
140417,Bandit,,,,0,12,0,0,76046,0,0,0,0,1,1,1,0,0,0
140418,Piper,,,,0,12,0,0,81215,0,0,0,0,1,1,1,0,0,0
140422,Nibbler,,,,0,12,0,0,48055,0,0,0,0,1,1,1,0,0,0
140423,Slobberchops,,,,0,12,0,0,84868,0,0,0,0,1,1,1,0,0,0
140445,Beaker,,,,0,12,0,0,55922,0,0,0,0,1,1,1,0,0,0
140448,Taelia,,,,0,7,0,0,81291,0,0,0,1,1,1,1,155757,0,0
140461,Dilbert McClint,,"Master Pet Tamer, Infestation Management",,0,7,0,0,86698,0,0,0,1,1,1,1,0,0,0
140479,Portal to Boralus Kill Credit,,,,0,10,0,0,11686,0,0,0,1,1,1,1,0,0,0
140480,Portal to Plunder Harbor Kill Credit,,,,0,10,0,0,11686,0,0,0,1,1,1,1,0,0,0
140486,Lilian Voss,,,,1,7,0,0,85799,0,0,0,1,1,1,1,160500,160501,0
140487,Thomas Zelling,,,,0,7,0,0,86536,0,0,0,1,1,1,1,0,0,0
140488,Chief Telemancer Oculeth,,,,0,7,0,0,73853,0,0,0,1,1,1,1,0,0,0
140520,Princess Talanji,,Princess of Zandalar,,1,7,0,0,75898,0,0,0,1,1,1,1,126524,0,0
140521,Rokhan,,Darkspear Troll Champion,,1,7,0,0,116250,0,0,0,1,1,1,1,182571,0,0
140522,Blood Prince Dreven,,,,1,6,0,0,87902,0,0,0,1,1,1,1,0,0,0
140527,Blood Marquis,,,,0,6,0,0,86750,0,0,0,1,1,1,1,0,0,0
140529,Blood Marquess,,,,0,6,0,0,86752,0,0,0,1,1,1,1,0,0,0
140532,Blood Marquis,,,,0,6,0,0,86753,0,0,0,1,1,1,1,0,0,0
140573,Bybee,,,,0,14,0,0,53283,0,0,0,1,1,1,1,0,0,0
140574,Jennings,,,,0,14,0,0,8014,0,0,0,1,1,1,1,0,0,0
140575,Atherton,,,,0,14,0,0,2537,0,0,0,1,1,1,1,0,0,0
140581,Vigil Hill Militia,,,,0,7,0,0,81351,81352,81353,81354,1,1,1,1,158900,0,0
140600,Blood Marquis,,,,0,6,0,0,86753,0,0,0,1,1,1,1,0,0,0
140601,Blood Marquess,,,,0,6,0,0,86752,0,0,0,1,1,1,1,0,0,0
140602,Blood Marquis,,,,0,6,0,0,86750,0,0,0,1,1,1,1,0,0,0
140603,Blood Prince Dreven,,,,1,6,0,0,87902,0,0,0,1,1,1,1,0,0,0
140649,Genn Greymane,,King of Gilneas,,1,7,0,0,62093,0,0,0,1,1,1,1,0,0,0
140687,Goblin Shredder,,,,1,7,0,0,82260,0,0,0,1,1,1,1,0,0,0
140688,Goblin Sapper,,,,0,7,0,0,79883,79882,79884,46245,1,1,1,1,161481,0,110181
140724,Princess Talanji,,,,1,7,0,0,75898,0,0,0,1,1,1,1,126524,0,0
140725,Spirit of Vol'jin,,,,1,7,0,0,51442,21342,0,0,100,0,1,1,0,0,0
140726,Rokhan,,,,1,7,0,0,116250,0,0,0,1,1,1,1,182571,0,0
140727,Master Gadrin,,,,0,7,0,0,4072,0,0,0,1,1,1,1,12322,0,0
140732,Flynn Fairwind,,,,0,7,0,0,76222,0,0,0,1,1,1,1,155766,155766,0
140739,Try to Open Sweete's Chest,,,,0,10,0,0,81209,27823,0,0,0,1,1,1,0,0,0
140812,Wickerbeast,,,,0,15,0,0,79871,0,0,0,1,1,1,1,0,0,0
140813,Fizzie Sparkwhistle,,Master Pet Trainer,,0,7,0,0,84293,0,0,0,1,1,1,1,0,0,35805
140814,Azerite Slime,,,,0,12,154,0,88467,0,0,0,1,1,1,1,0,0,0
140816,Azerite Geode,,,,0,12,154,0,81359,0,0,0,1,1,1,1,0,0,0
140819,Azerite Elemental,,,,0,12,154,0,83052,0,0,0,1,1,1,1,0,0,0
140820,Experimental Tideskipper,,,,0,1,0,0,86938,0,0,0,1,1,1,1,0,0,0
140867,Ravenous Dead,,,,0,6,0,0,61334,0,0,0,0,1,1,1,0,0,0
140875,Bumble B.,,,,0,12,154,0,81964,0,0,0,1,1,1,1,0,0,0
140876,Fris B.,,,,0,12,154,0,81966,0,0,0,1,1,1,1,0,0,0
140877,Malfurion Stormrage,,,,1,7,0,0,35095,0,0,0,1,1,1,1,0,0,0
140878,Busy B.,,,,0,12,154,0,81965,0,0,0,1,1,1,1,0,0,0
140880,Michael Skarn,,Master Pet Trainer,,0,7,0,0,86952,0,0,0,1,1,1,1,0,0,0
140898,Ookin Outlaw,,The Bilge Rats,,0,7,0,0,80322,0,0,0,1,1,1,1,1897,0,0
140908,Meet Nathanos Kill Credit,,,,0,10,0,0,11686,0,0,0,1,1,1,1,0,0,0
140913,Reed 'The Flirt' Fisc,,Irontide Raiders,,0,7,0,0,86966,0,0,0,1,1,1,1,851,0,0
140914,Beckett 'Salty Dog' Ogden,,Irontide Raiders,,0,7,0,0,86972,0,0,0,1,1,1,1,159130,851,0
140915,Luna 'Stabby' Roscoe,,Irontide Raiders,,0,7,0,0,86971,0,0,0,1,1,1,1,159521,159521,0
140934,Blood Prince Dreven,,,,1,6,0,0,86002,0,0,0,1,1,1,1,0,0,0
140936,Kul Tiran Executioner,,,,0,7,0,0,86639,0,0,0,1,1,1,1,0,0,0
140937,Adoring Freebooter,,,,0,7,0,0,80087,80088,80089,80090,1,1,1,1,0,0,0
140944,Kul Tiran Criminal,,,,0,7,0,0,83982,83983,83984,83985,1,1,1,1,0,0,0
140945,Warguard Rakera,,,,1,7,0,0,80739,0,0,0,1,1,1,1,0,0,0
140950,Unsealed Mojo,,,,0,10,0,3,87000,0,0,0,1,1,1,1,0,0,0
140955,Barathruum,,The Forgotten Colossus,,1,1,0,3,70341,0,0,0,1,1,1,1,0,0,0
140959,Taelia,,,,0,7,0,0,81291,76221,0,0,1,0,1,1,155757,0,0
140962,Coxswain Hook,,,,0,7,0,0,83033,0,0,0,1,1,1,1,155781,155781,0
141002,Ellie Vern,,Master Pet Trainer,,0,7,0,0,87006,0,0,0,1,1,1,1,1117,0,0
141004,Waycrest Guard,,,,0,7,0,0,76992,76993,76994,76995,1,1,1,1,158900,0,107953
141006,Dead Deckhand Leonard,,,,0,12,154,0,81663,0,0,0,1,1,1,1,3362,0,0
141007,Corrupted Slime,,,,0,12,154,0,71828,0,0,0,1,1,1,1,0,0,0
141008,Reanimated Kraken Tentacle,,,,0,12,154,0,87014,0,0,0,1,1,1,1,0,0,0
141019,Flynn Fairwind,,,,0,7,0,0,76222,0,0,0,1,1,1,1,0,0,0
141034,Gravemaul,,,,1,1,4,0,2378,0,0,0,1,1,1,1,0,0,0
141046,Leana Darkwind,,Master Pet Trainer,,0,7,0,0,82884,0,0,0,1,1,1,1,0,0,0
141047,Lesser Charged Gale,,,,0,12,154,0,87024,0,0,0,1,1,1,1,0,0,0
141048,Lesser Twisted Current,,,,0,12,154,0,85192,0,0,0,1,1,1,1,0,0,0
141050,Mind Warper,,,,0,12,154,0,86699,0,0,0,1,1,1,1,0,0,0
141063,Mag'har Outrider,,,,0,7,0,0,86330,86331,0,0,1,1,1,1,107263,0,58800
141070,Flynn Fairwind,,,,0,7,0,0,87031,0,0,0,1,1,1,1,155766,155766,0
141077,Kwint,,Master Pet Trainer,,0,7,0,3,77393,0,0,0,1,1,1,1,0,0,0
141078,Vigil Hill Refugee,,,,0,7,0,0,81458,81459,81460,81461,1,1,1,1,0,0,0
141090,Mill Worker,,,,0,7,0,0,81362,81368,81366,81363,1,1,1,1,0,0,0
141092,Maws Jr.,,,,0,12,154,0,12194,0,0,0,1,1,1,1,0,0,0
141093,Bruce,,,,0,12,154,0,12197,0,0,0,1,1,1,1,0,0,0
141094,Chum,,,,0,12,154,0,80473,0,0,0,1,1,1,1,0,0,0
141107,Burnsy the Blade,,Cutwater Corsairs,,0,7,0,0,87063,0,0,0,1,1,1,1,161808,0,0
141108,Wiley Jaki,,The Bilge Rats,,0,7,0,0,87064,0,0,0,1,1,1,1,155767,155762,0
141113,Skullcrusher Cotner,,Blacktooth Brawlers,,0,7,0,0,87068,0,0,0,1,1,1,1,155755,0,0
141128,Reach Chest credit,,,,0,10,0,0,81209,27823,0,0,0,1,1,1,0,0,0
141136,Flynn Fairwind,,,,0,7,0,0,76222,0,0,0,1,1,1,1,155766,155766,0
141138,Daring Escape Credit,,,,0,10,0,0,81209,27823,0,0,0,1,1,1,0,0,0
141166,Lightbound Vigilant,,,,1,9,0,0,79929,0,0,0,1,1,1,1,153354,153353,0
141187,Bron Goldhammer,,,,1,7,0,0,18815,0,0,0,1,1,1,1,0,0,0
141188,Commander Sharp,,,,1,7,0,0,70765,0,0,0,1,1,1,1,0,0,0
141189,Rukua,,,,1,7,0,0,29735,0,0,0,1,1,1,1,0,0,0
141190,Huntress Duskrunner,,,,1,7,0,0,74955,0,0,0,1,1,1,1,0,0,0
141191,Archmage Mordent Evenshade,,,,1,7,0,0,30120,0,0,0,1,1,1,1,0,0,0
141192,Commander Ashlam Valorfist,,,,1,7,0,0,10151,0,0,0,1,1,1,1,0,0,0
141193,High Sorcerer Andromath,,,,1,7,0,0,5076,0,0,0,1,1,1,1,0,0,0
141213,Corporal Teegan,,,,1,7,0,0,31202,0,0,0,1,1,1,1,0,0,0
141214,Belysra Starbreeze,,,,1,7,0,0,33224,0,0,0,1,1,1,1,0,0,0
141215,Chitara,,,,0,14,5,0,75592,0,0,0,1,1,1,1,0,0,0
141216,Brandur Ironhammer,,,,1,7,0,0,62922,0,0,0,1,1,1,1,0,0,0
141217,Talran of the Wild,,,,1,7,0,0,30328,0,0,0,1,1,1,1,0,0,0
141224,Huntress Jalin,,,,1,7,0,0,29194,0,0,0,1,1,1,1,0,0,0
141225,Ilsa Corbin,,,,1,7,0,0,3287,0,0,0,1,1,1,1,0,0,0
141227,High Priestess MacDonnell,,,,1,7,0,0,10549,0,0,0,1,1,1,1,0,0,0
141228,Dockmaster Lewis,,,,1,7,0,0,30041,0,0,0,1,1,1,1,0,0,0
141229,Lilliam Sparkspindle,,,,1,7,0,0,3314,0,0,0,1,1,1,1,0,0,0
141230,Raleigh the Devout,,,,1,7,0,0,2048,0,0,0,1,1,1,1,0,0,0
141232,Big Baobob,,,,1,7,0,0,1461,0,0,0,1,1,1,1,0,0,0
141233,Hannah Bridgewater,,,,1,7,0,0,31206,0,0,0,1,1,1,1,0,0,0
141234,Quartermaster Lawson,,,,1,7,0,0,33773,0,0,0,1,1,1,1,0,0,0
141237,Ruk Warstomper,,,,1,7,0,0,29502,0,0,0,1,1,1,1,0,0,0
141241,Kary Thunderhorn,,,,1,7,0,0,2112,0,0,0,1,1,1,1,0,0,0
141242,Scout Utvoch,,,,1,7,0,0,32559,0,0,0,1,1,1,1,0,0,0
141243,Chief Blastgineer Bombgutz,,,,1,7,0,0,32152,0,0,0,1,1,1,1,0,0,0
141245,Sergeant Dontrag,,,,1,7,0,0,32558,0,0,0,1,1,1,1,0,0,0
141246,Derek the Undying,,,,1,7,0,0,11466,0,0,0,1,1,1,1,0,0,0
141247,Akunda the Exalted,,,,0,7,0,0,79716,0,0,0,1,1,1,1,0,0,0
141248,Dark Ranger Clea,,,,1,7,0,0,30071,0,0,0,1,1,1,1,0,0,0
141249,Blademaster Ronakada,,,,1,7,0,0,35216,0,0,0,1,1,1,1,0,0,0
141250,Gazrog,,,,1,7,0,0,3846,0,0,0,1,1,1,1,0,0,0
141251,Dagrun Ragehammer,,,,1,7,0,0,29173,0,0,0,1,1,1,1,0,0,0
141252,Mastok Wrilehiss,,,,1,7,0,0,12959,0,0,0,1,1,1,1,0,0,0
141253,Jezelle Pruitt,,,,1,7,0,0,4059,0,0,0,1,1,1,1,0,0,0
141254,Valusha,,,,1,7,0,0,16979,0,0,0,1,1,1,1,0,0,0
141255,Captain Keyton,,,,1,7,0,0,35686,0,0,0,1,1,1,1,0,0,0
141256,High Executor Hadrec,,,,1,7,0,0,3545,0,0,0,1,1,1,1,0,0,0
141257,Tortunga,,,,1,7,0,0,30923,0,0,0,1,1,1,1,0,0,0
141258,Apothecary Lycanus,,,,1,7,0,0,4110,0,0,0,1,1,1,1,0,0,0
141259,Master Apothecary Faranell,,,,1,7,0,0,1680,0,0,0,1,1,1,1,0,0,0
141260,Captain Goggath,,,,1,7,0,0,29200,0,0,0,1,1,1,1,0,0,0
141261,Musu Gentlemoon,,,,1,7,0,0,36909,0,0,0,1,1,1,1,0,0,0
141262,Kilrok Gorehammer,,,,1,7,0,0,30544,0,0,0,1,1,1,1,0,0,0
141269,Ride back to Boralus Credit,,,,0,10,0,0,81209,27823,0,0,0,1,1,1,0,0,0
141271,Zandalari Commoner,,,,0,7,0,0,79224,77151,79222,77129,1,1,1,1,0,0,0
141292,Delia Hanako,,Master Pet Trainer,,0,7,0,0,87053,0,0,0,1,1,1,1,0,0,0
141293,Fungus,,,,0,12,154,0,81217,0,0,0,1,1,1,1,0,0,0
141295,Murray,,,,0,12,154,0,78242,0,0,0,1,1,1,1,0,0,0
141296,Old Blue,,,,0,12,154,0,75368,0,0,0,1,1,1,1,0,0,0
141310,Associate Telemancer Rafcav,,,,0,7,0,0,86393,0,0,0,1,1,1,1,0,0,0
141320,Stormsong Sentinel,,,,0,7,0,0,85671,85672,85673,85674,1,1,1,1,155788,155825,0
141327,Wisp,,,,0,8,0,3,87180,0,0,0,100,1,1,1,0,0,0
141335,Forsaken Dreadguards,,,,0,7,0,0,34174,0,0,0,1,1,1,1,0,0,0
141336,Offices Searched credit,,,,0,10,0,0,81209,27823,0,0,0,1,1,1,0,0,0
141337,Bloodfang Stalkers,,,,0,7,0,0,33551,0,0,0,1,1,1,1,0,0,0
141338,Goblin Sappers,,,,0,7,0,0,79883,79882,0,0,1,1,1,1,0,0,0
141343,Dwarven Riflemen,,,,0,7,0,0,78308,78309,0,0,1,1,1,1,0,0,0
141344,Silvermoon Sorceress,,,,0,7,0,0,78167,0,0,0,1,1,1,1,0,0,0
141345,Contract Shown Credit,,,,0,10,0,0,81209,27823,0,0,0,1,1,1,0,0,0
141479,Burly,,Master Pet Trainer,,0,7,0,0,80754,0,0,0,1,1,1,1,5287,0,0
141481,Ride to Stormsong Credit,,,,0,10,0,0,81209,27823,0,0,0,1,1,1,0,0,0
141485,Irontide Skyrider,,Irontide Raiders,,0,7,0,3,79068,79069,79070,79071,1,1,1,1,0,0,155815
141487,Lantresor of the Blade,,,,1,7,0,0,87329,0,0,0,1,1,1,1,162375,0,0
141493,Taelia,,,,0,7,0,0,81291,0,0,0,1,1,1,1,155757,0,0
141497,Jaina Proudmoore,,,,1,7,0,0,80015,0,0,0,1,1,1,1,153575,0,0
141505,Stormsurge Gathered Credit,,,,0,10,0,0,81209,27823,0,0,0,1,1,1,0,0,0
141506,Timbo,,,,0,12,154,0,86803,0,0,0,1,1,1,1,0,0,0
141512,Pokey,,,,0,12,154,0,86805,0,0,0,1,1,1,1,0,0,0
141518,Burly Jr.,,,,0,12,154,0,86806,0,0,0,1,1,1,1,0,0,0
141529,Lozu,,Master Pet Trainer,,0,7,0,0,82215,0,0,0,1,1,1,1,0,0,0
141536,Lilly,,,,0,12,154,0,78423,0,0,0,1,1,1,1,0,0,0
141542,Molaze,,,,0,12,154,3,76662,0,0,0,1,1,1,1,0,0,0
141545,Ticker,,,,0,12,154,3,76650,0,0,0,1,1,1,1,0,0,0
141547,Nathanos Blightcaller,,Champion of the Banshee Queen,,1,7,0,0,66644,0,0,0,1,1,1,1,0,0,0
141552,Ookin Pillager,,The Bilge Rats,,0,7,0,0,80402,0,0,0,1,1,1,1,1897,0,0
141555,Baine Bloodhoof,,High Chieftain,,1,7,0,0,30272,0,0,0,1,1,1,1,58367,0,0
141573,Trained Pterrordax,,,,0,1,0,0,80258,0,0,0,0,1,1,1,0,0,0
141577,POW-R Amp Platform,,,,0,9,0,0,87374,0,0,0,1,1,1,1,0,0,0
141588,Bloodtusk,,,,0,14,5,0,78650,0,0,0,1,1,1,1,0,0,0
141595,Zelling Kill Credit,,,,0,10,0,0,11686,0,0,0,1,1,1,1,0,0,0
141606,Begin Ritual Credit,,,,0,10,0,0,11686,0,0,0,1,1,1,1,0,0,0
141608,Ritual Complete Credit,,,,0,10,0,0,11686,0,0,0,1,1,1,1,0,0,0
141621,Curious Fish,,,,0,8,0,0,81276,81275,0,0,1,1,1,1,0,0,0
141650,Avatar of Sethraliss,,,,1,7,0,2,84141,0,0,0,1,1,1,1,0,0,0
141653,Thomas Zelling,,,,0,7,0,0,86536,0,0,0,1,1,1,1,0,0,0
141654,Lilian Voss,,,,1,7,0,0,85799,0,0,0,1,1,1,1,160500,160501,0
141680,7th Legion Shocktroopers,,,,1,7,0,0,76335,0,0,0,1,1,1,1,0,0,0
141681,Exodar Peacekeeper,,,,0,7,0,0,56348,56349,0,0,1,1,1,1,0,0,0
141682,Tushui Monks,,,,0,7,0,0,45872,45873,0,0,1,1,1,1,0,0,0
141685,Tauren Earthshakers,,,,0,7,0,0,87410,0,0,0,1,1,1,1,0,0,0
141688,Shattered Hand Specialist,,,,0,7,0,0,87411,0,0,0,1,1,1,1,0,0,0
141689,Darkspear Shaman,,,,0,7,0,0,87412,0,0,0,1,1,1,1,0,0,0
141690,Huojin Monks,,,,0,7,0,0,45866,45867,0,0,1,1,1,1,0,0,0
141692,Marjorie Foster,,Blacksmith,,0,7,0,0,77997,0,0,0,1,1,1,1,30093,0,0
141703,Cyril White,,Mayor of Fallhaven,,0,7,0,0,81470,0,0,0,1,1,1,1,154988,0,0
141708,Vigil Hill Medic,,,,0,7,0,0,85659,85655,0,0,1,1,1,1,0,0,0
141709,Taelia,,,,0,7,0,0,81291,76221,0,0,1,0,1,1,155757,0,0
141715,Void Portal,,,,0,4,0,0,83218,0,0,0,1,1,1,1,0,0,0
141799,Grady Prett,,Master Pet Trainer,,0,7,0,0,82919,0,0,0,1,1,1,1,0,0,0
141801,Little Blue,,,,0,12,154,0,78162,0,0,0,1,1,1,1,0,0,0
141802,Scars,,,,0,12,154,0,34418,0,0,0,1,1,1,1,0,0,0
141803,Delta,,,,0,12,154,0,78131,0,0,0,1,1,1,1,0,0,0
141814,Korval Darkbeard,,Master Pet Trainer,,0,7,0,0,86177,0,0,0,1,1,1,1,0,0,0
141817,Feathers,,,,0,12,154,0,84127,0,0,0,1,1,1,1,0,0,0
141818,Splat,,,,0,12,154,0,80458,0,0,0,1,1,1,1,0,0,0
141819,Brite,,,,0,12,154,0,81376,0,0,0,1,1,1,1,0,0,0
141829,Rastari Enforcer,,,,0,7,0,0,79771,0,0,0,1,1,1,1,153584,0,0
141836,Irontide Skyrider,,Irontide Raiders,,0,7,0,0,79068,79069,79070,79071,1,1,1,1,0,0,155815
141838,Galeheart,,,,0,1,26,3,83664,0,0,0,1,1,1,1,0,0,0
141866,Head,,,,1,10,0,0,169,11686,0,0,0,1,1,1,0,0,0
141871,Nathanos Moved Credit,,,,0,10,0,0,11686,0,0,0,1,1,1,1,0,0,0
141878,War Parrot,,,,0,7,0,3,87355,0,0,0,1,1,1,1,0,0,0
141879,Keeyo,,Master Pet Trainer,,0,7,0,0,84722,0,0,0,1,1,1,1,0,0,0
141883,Mag'har Deadeye,,,,0,7,0,0,59782,59134,0,0,1,1,1,1,61969,0,97695
141887,Nathanos Met Credit,,,,0,10,0,0,11686,0,0,0,1,1,1,1,0,0,0
141889,Eitrigg,,,,0,7,0,0,82115,0,0,0,1,1,1,1,10612,107339,0
141893,Nathanos Cleared Credit,,,,0,10,0,0,11686,0,0,0,1,1,1,1,0,0,0
141909,Baa'l,,,,0,14,0,0,87514,0,0,0,1,1,1,1,0,0,0
141915,Wave Credit,,,,0,10,0,0,11686,0,0,0,1,1,1,1,0,0,0
141922,Buzzbeak,,,,0,12,154,0,74037,0,0,0,1,1,1,1,0,0,0
141926,Tikka,,,,0,12,154,0,81220,0,0,0,1,1,1,1,0,0,0
141927,Milo,,,,0,12,154,0,45907,0,0,0,1,1,1,1,0,0,0
141932,Baa'l,,,,0,14,0,0,87514,0,0,0,1,1,1,1,0,0,0
141939,Ashvane Spotter,,,,1,7,0,0,86436,86431,0,0,1,1,1,1,155800,0,0
141940,King Bagumba,,,,0,1,9,0,79920,0,0,0,1,1,1,1,0,0,0
141941,Baa'l,,,,0,12,0,0,80456,0,0,0,1,1,1,1,0,0,0
141945,Sizzik,,Master Pet Trainer,,0,7,0,0,80634,0,0,0,1,1,1,1,0,0,0
141950,Clubber,,,,0,12,154,0,77903,0,0,0,1,1,1,1,0,0,0
141951,Squirt,,,,0,12,154,0,85545,0,0,0,1,1,1,1,0,0,0
141955,Squeezer,,,,0,12,154,0,76626,0,0,0,1,1,1,1,0,0,0
141958,Talk to Nathanos Credit,,,,0,10,0,0,11686,0,0,0,1,1,1,1,0,0,0
141960,Nathanos in Harbor,,,,0,10,0,0,11686,0,0,0,1,1,1,1,0,0,0
141961,Lilian Voss,,,,1,7,0,0,85799,0,0,0,1,1,1,1,160500,160501,0
141962,Je'stry the Untamed,,,,1,7,0,0,85352,0,0,0,1,1,1,1,0,0,0
141969,Spineleaf,,,,0,14,5,0,80466,0,0,0,1,1,1,1,0,0,0
141983,Kul Tiran Rowboat,,,,0,10,0,3,85404,0,0,0,1,1,1,1,0,0,0
141989,Speak with Pike At Tidecross Credit,,,,0,10,0,0,81209,27823,0,0,0,1,1,1,0,0,0
141990,Ride with Pike credit,,,,0,10,0,0,81209,27823,0,0,0,1,1,1,0,0,0
142054,Kusa,,Master Pet Trainer,,0,7,0,0,85463,0,0,0,1,1,1,1,0,0,0
142058,Rawly,,,,0,12,154,0,76384,0,0,0,1,1,1,1,0,0,0
142059,Stinger,,,,0,12,154,0,2729,0,0,0,1,1,1,1,0,0,0
142061,Beets,,,,0,12,154,0,42770,0,0,0,1,1,1,1,0,0,0
142071,Lightbound Soldier,,,,0,7,0,0,87169,87160,87162,87164,1,1,1,1,0,0,0
142098,Skeeto,,,,0,12,154,3,19408,0,0,0,1,1,1,1,0,0,0
142102,Spokes,,,,0,12,154,0,56042,0,0,0,1,1,1,1,0,0,0
142105,Lazy,,,,0,12,154,0,81214,0,0,0,1,1,1,1,0,0,0
142109,Overlord Geya'rah,,,,1,7,0,0,85555,0,0,0,1,1,1,1,118400,0,0
142114,Talia Sparkbrow,,Master Pet Trainer,,0,7,0,0,82279,0,0,0,1,1,1,1,0,0,0
142120,Eighty Eight,,,,0,12,154,0,1088,0,0,0,1,1,1,1,0,0,0
142121,Turbo,,,,0,12,154,0,78161,0,0,0,1,1,1,1,0,0,0
142123,Whiplash,,,,0,12,154,0,81895,0,0,0,1,1,1,1,0,0,0
142128,Iron Star,,,,0,9,0,3,61852,0,0,0,1,1,1,1,0,0,0
142138,Traveler Nali,,Trader from the Mists,,0,7,0,0,41325,0,0,0,1,1,1,1,0,0,0
142146,Uther the Lightbringer,,,,1,7,0,0,87585,0,0,0,1,1,1,1,0,0,0
142151,Jammer,,,,0,14,5,0,47236,0,0,0,1,1,1,1,0,0,0
142152,Kinndy Sparkshine,,,,0,10,0,0,87724,0,0,0,1,1,1,1,0,0,0
142153,King Varian Wrynn,,King of Stormwind,,1,7,0,0,28127,0,0,0,1,1,1,1,0,0,0
142163,Enges,,Fjarnskaggl Trader,,0,7,0,0,84812,0,0,0,1,1,1,1,0,0,0
142192,Speak with Pike At Ritual Credit,,,,0,10,0,0,81209,27823,0,0,0,1,1,1,0,0,0
142224,Wicker Mongrel,,,,0,14,154,0,86803,0,0,0,1,1,1,1,0,0,0
142234,Zujai,,Master Pet Trainer,,0,7,0,0,85850,0,0,0,1,1,1,1,0,0,0
142235,Stickers,,,,0,12,154,0,78834,0,0,0,1,1,1,1,0,0,0
142236,Breaker,,,,0,12,154,0,55921,0,0,0,1,1,1,1,0,0,0
142237,Scales,,,,0,12,154,0,85248,0,0,0,1,1,1,1,0,0,0
142274,Galeheart,,,,0,1,26,3,83664,0,0,0,1,1,1,1,0,0,0
142275,Grommash Hellscream,,Warchief of the Mag'har,,1,7,0,0,86807,0,0,0,1,1,1,1,128323,0,0
142290,Ritual Complete Credit,,,,0,10,0,0,81209,27823,0,0,0,1,1,1,0,0,0
142291,Arthas,,Prince of Lordaeron,,1,7,0,0,24949,0,0,0,0,1,1,1,0,0,0
142292,Rhonin,,,,1,7,0,0,16024,0,0,0,1,1,1,1,0,0,0
142310,High Overlord Saurfang,,,,1,7,0,0,14732,0,0,0,1,1,1,1,155857,0,0
142314,Take Boat to Fate's End Credit,,,,0,10,0,0,81209,27823,0,0,0,1,1,1,0,0,0
142315,Examine Area Credit,,,,0,10,0,0,81209,27823,0,0,0,1,1,1,0,0,0
142322,Magni Bronzebeard,,The Speaker,,1,7,0,0,87621,0,0,0,1,1,1,1,0,0,0
142362,Hardened Mutineer,,,,1,7,0,0,81270,81271,0,0,1,1,1,1,0,0,0
142363,Rixi Rocketboom,,,,1,7,0,0,85684,0,0,0,1,1,1,1,0,0,0
142364,Bilgewater Incinerator,,,,1,7,0,0,84295,84294,84293,84296,1,1,1,1,0,0,0
142365,Experimental War Machine,,,,1,9,0,0,85115,0,0,0,1,1,1,1,0,0,0
142366,Chiara Marrow,,,,1,9,0,0,84406,0,0,0,1,1,1,1,0,0,0
142367,Kildar,,,,1,7,0,0,4464,0,0,0,100,1,1,1,0,0,0
142368,Deviate Slayer,,,,1,1,0,0,949,0,0,0,100,1,1,1,0,0,0
142369,7th Legion Sailor,,,,1,7,0,0,84440,84441,84442,84443,1,1,1,1,0,0,0
142370,Dark Iron Earthbreaker,,,,1,7,0,0,82278,82279,82280,82281,1,1,1,1,0,0,0
142372,Sentinel Aeolyn,,,,1,7,0,0,46525,0,0,0,1,1,1,1,0,0,0
142373,Sentinel Falia,,,,1,7,0,0,46523,0,0,0,1,1,1,1,0,0,0
142374,Grand Admiral Jes-Tereth,,,,1,7,0,0,5565,0,0,0,1,1,1,1,0,0,0
142375,Buzz Crankchug,,,,1,7,0,0,85791,0,0,0,1,1,1,1,0,0,0
142376,Leora,,,,1,7,0,0,1717,0,0,0,100,1,1,1,0,0,0
142377,Twilight Bladetwister,,,,1,7,0,0,66991,66992,66989,66990,1,1,1,1,0,0,0
142378,Twilight Dominator,,,,1,7,0,0,22702,0,0,0,1,1,1,1,0,0,0
142379,Twilight Shadowcaster,,,,1,7,0,0,66979,0,0,0,1,1,1,1,0,0,0
142382,Lightforged Dragoons,,,,0,7,0,0,76338,78385,78377,78376,1,1,1,1,0,0,0
142383,Nightborne Warpcasters,,,,0,7,0,0,66246,67342,0,0,1,1,1,1,0,0,0
142384,Highmountain Warbraves,,,,0,7,0,0,63943,0,0,0,1,1,1,1,0,0,0
142385,Veiled Riftblades,,,,0,7,0,0,82548,82549,0,0,1,1,1,1,0,0,0
142386,Dark Iron Shadowcasters,,,,0,7,0,0,70954,70955,70956,70957,1,1,1,1,0,0,0
142388,Mag'har Outriders,,,,0,7,0,0,86330,86331,0,0,1,1,1,1,0,0,0
142389,Mag'har Outrider,,,,0,7,0,0,86627,0,0,0,1,1,1,1,0,0,0
142391,Lightforged Dragoons,,,,0,7,0,0,81114,0,0,0,1,1,1,1,0,0,0
142392,Highmountain Warbraves,,,,0,7,0,0,63946,0,0,0,1,1,1,1,0,0,0
142393,Taelia,,,,0,7,0,0,81291,0,0,0,1,1,1,1,155757,0,0
142415,Thomas Zelling,,,,0,7,0,0,86536,0,0,0,1,1,1,1,0,0,0
142422,Eitrigg,,,,0,7,0,0,82115,0,0,0,1,1,1,1,10612,107339,0
142424,Toll Bell Credit,,,,0,10,0,0,81209,27823,0,0,0,1,1,1,0,0,0
142425,Ritual Knife,,,,0,10,0,0,81209,27823,0,0,0,1,1,1,0,0,0
142427,Thorgen Grimwatt,,Trade Goods & Repairs,,0,7,0,0,87644,0,0,0,1,1,1,1,6219,0,0
142480,Taelia,,,,0,7,0,0,81291,76221,0,0,1,0,1,1,155757,0,0
142484,7th Legion Marine,,,,1,7,0,0,85767,85771,0,0,1,1,1,1,1493,143,2552
142486,Jaina Proudmoore,,,,1,7,0,0,80015,0,0,0,1,1,1,1,153575,0,0
142489,Vigil Hill Mercenary,,,,0,7,0,0,81351,81352,81353,81354,1,1,1,1,158900,0,0
142491,Waycrest Captain,,,,0,7,0,0,76992,76993,76994,76995,1,1,1,1,158900,0,107953
142492,Stormsong Crusader,,,,0,7,0,0,85671,85672,85673,85674,1,1,1,1,155788,155825,0
142493,Rastari Shaman,,,,0,7,0,0,79385,0,0,0,1,1,1,1,158131,0,0
142494,Rastari Scout,,,,0,7,0,0,82362,0,0,0,1,1,1,1,158115,0,0
142497,Thumpknuckle Brute,,,,0,1,9,0,839,0,0,0,1,1,1,1,0,0,0
142499,Nazmani Warrior,,,,0,7,0,0,79272,0,0,0,1,1,1,1,153589,0,0
142500,Blood Crawg,,,,0,1,296,0,79232,0,0,0,1,1,1,1,0,0,0
142502,Zandalari Child,,,,6,7,0,0,77189,77188,77186,77187,1,1,1,1,0,0,0
142573,Ceremony Credit,,,,0,10,0,0,81209,27823,0,0,0,1,1,1,0,0,0
142615,Faithless Skycaller,,,,0,7,0,0,83725,83726,83727,83728,0.5,0.5,1,1,151335,0,0
142616,Faithless Champion,,,,0,7,0,0,83716,83717,83718,83719,1,1,0.5,0.5,151334,0,0
142636,Coxswain Hook,,,,0,7,0,0,83033,0,0,0,1,1,1,1,155781,155781,0
142637,Master Gunner Line,,,,0,7,0,0,83030,0,0,0,1,1,1,1,0,0,136631
142638,"""Sinker""",,,,0,7,0,0,83035,0,0,0,1,1,1,1,0,0,0
142649,Je'stry the Untamed,,,,1,7,0,0,85352,0,0,0,1,1,1,1,0,0,0
142794,Whale's Belly Patron,,,,0,7,0,0,80475,45155,0,0,1,1,1,1,0,0,0
142795,Whale's Belly Patron,,,,0,7,0,0,79064,83811,37666,37657,1,1,1,1,0,0,0
142809,Giggles,,,,0,7,0,0,87712,0,0,0,1,1,1,1,0,0,0
142819,Recruit Horde Troops,,,,0,7,0,0,45864,0,0,0,1,1,1,1,0,0,0
142820,Recruit Alliance Troops,,,,0,7,0,0,45874,45875,0,0,1,1,1,1,0,0,0
142873,Irontide Cutthroat,,Irontide Raiders,,0,7,0,0,79068,79069,79070,79071,1,1,1,1,851,0,0
142876,Irontide Trickshot,,Irontide Raiders,,0,7,0,0,79091,79092,0,0,1,1,1,1,0,0,108713
142878,Akunda the Exalted,,,,1,7,0,0,79716,0,0,0,1,1,1,1,0,0,0
142880,Akunda,,,,1,1,0,0,88039,0,0,0,1,1,1,1,0,0,0
142887,Irontide Ruffian,,Irontide Raiders,,0,7,0,0,79072,79073,0,0,1,1,1,1,15905,15905,0
142890,Vulpera Padfoot,,The Bilge Rats,,0,7,0,0,80319,80320,0,0,1,1,1,1,5283,5283,0
142891,Blacktooth Brute,,Blacktooth Brawlers,,0,7,0,0,80389,80390,0,0,1,1,1,1,5301,0,0
142892,Blacktooth Knuckleduster,,Blacktooth Brawlers,,0,7,0,0,79072,79073,0,0,1,1,1,1,15905,15905,0
142893,Ranger Peppers,,,,0,7,0,0,88692,0,0,0,1,1,1,1,0,79820,155815
142894,Blacktooth Scrapper,,Blacktooth Brawlers,,0,7,0,0,80380,80381,0,0,1,1,1,1,0,0,0
142897,Rodney,,,,0,7,0,0,88199,0,0,0,1,1,1,1,0,0,0
142898,Bristleback Horker,,The Bilge Rats,,0,7,0,0,6078,0,0,0,1,1,1,1,2695,0,0
142899,Cutwater Duelist,,Cutwater Corsairs,,0,7,0,0,80339,80340,0,0,1,1,1,1,54824,0,0
142902,Cutwater Knife Juggler,,Cutwater Corsairs,,0,7,0,0,80335,80336,0,0,1,1,1,1,56817,0,6886
142909,Ookin Crewman,,The Bilge Rats,,0,7,0,0,80402,0,0,0,1,1,1,1,1897,0,0
142944,Freehold Porter,,,,0,7,0,0,79064,79065,79066,79067,1,1,1,1,0,0,0
142945,Great Sea Privateer,,,,0,7,0,0,80087,80088,80089,80090,1,1,1,1,0,0,0
142946,Great Sea Vagrant,,,,0,7,0,0,79064,79065,79066,79067,1,1,1,1,0,0,0
142957,Cutwater Reaver,,Cutwater Corsairs,,0,7,0,0,80341,0,0,0,1,1,1,1,36749,36749,0
142959,Brinescale Wavecaller,,The Bilge Rats,,0,7,0,0,80475,0,0,0,1,1,1,1,79832,0,0
143006,Speak with Katherine Credit,,,,0,10,0,0,81209,27823,0,0,0,1,1,1,0,0,0
143021,Ettin Earthcrusher,,,,1,5,0,0,36700,0,0,0,1,1,1,1,107407,0,0
143031,Shadowback Crawler,,,,0,14,0,0,32791,0,0,0,1,1,1,1,0,0,0
143032,River Frog,,,,0,14,0,0,87594,6295,0,0,1,1,1,1,0,0,0
143033,Freshwater Crawler,,,,0,14,0,0,79014,87590,0,0,0.5,1,1,1,0,0,0
143034,Vale Marmot,,,,0,14,0,0,1072,75344,75343,0,1,1,1,1,0,0,0
143035,Valley Chicken,,,,0,14,0,0,88469,88472,88473,88474,1,1,1,1,0,0,0
143036,Sandyback Crawler,,,,0,14,0,0,85797,32790,32789,0,1,1,1,1,0,0,0
143037,River Otter,,,,0,14,0,0,41326,42855,0,0,1,1,1,1,0,0,0
143038,Honey Bee,,,,6,14,0,3,82001,0,0,0,1,1,1,1,0,0,0
143039,Parasitic Boarfly,,,,0,14,0,3,60901,0,0,0,1,1,1,1,0,0,0
143040,Shack Crab,,,,0,14,0,0,79014,79015,0,0,0.5,0.5,1,1,0,0,0
143041,Inland Croaker,,,,0,14,0,0,78835,0,0,0,1,1,1,1,0,0,0
143042,Giant Woodworm,,,,0,14,0,0,36595,15468,0,0,0.5,0.5,1,1,0,0,0
143043,Shore Butterfly,,,,0,14,0,3,86529,0,0,0,1,1,1,1,0,0,0
143044,Barrier Hermit,,,,0,14,0,0,87603,87604,87605,0,1,1,1,1,0,0,0
143045,Coastal Scuttler,,,,0,14,0,0,32791,0,0,0,1,1,1,1,0,0,0
143046,Golden Beetle,,,,0,14,0,0,33088,0,0,0,1,1,1,1,0,0,0
143047,Bloodfever Tarantula,,,,0,14,0,0,45908,77652,0,0,1,1,1,1,0,0,0
143048,Elusive Skimmer,,,,0,14,0,0,44656,0,0,0,1,1,1,1,0,0,0
143049,Leafy Flutterwing,,,,0,14,0,3,86533,86530,0,0,1,1,1,1,0,0,0
143050,Young Sand Sifter,,,,0,14,0,0,79015,0,0,0,1,1,1,1,0,0,0
143051,Sticky Oozeling,,,,0,14,0,0,42781,0,0,0,1,1,1,1,0,0,0
143052,Returned Hatchling,,,,0,14,0,0,34417,0,0,0,1,1,1,1,0,0,0
143053,Glutted Bleeder,,,,0,14,0,0,80457,0,0,0,1,1,1,1,0,0,0
143054,Spectral Raven,,,,0,14,0,3,81076,0,0,0,1,1,1,1,0,0,0
143055,Boghopper,,,,0,14,0,0,1924,81055,81058,0,1,1,1,1,0,0,0
143056,Hermit Crab,,,,0,14,0,0,79014,80264,0,0,0.5,0.5,1,1,0,0,0
143057,Coastal Bounder,,,,0,14,0,0,1924,78846,6296,0,1,1,1,1,0,0,0
143078,Angry Hornet,,,,0,14,0,0,32791,0,0,0,1,1,1,1,0,0,0
143079,Grasslands Wasp,,,,0,14,0,0,32791,0,0,0,1,1,1,1,0,0,0
143080,Dusty Prairie Dog,,,,0,14,0,0,32791,0,0,0,1,1,1,1,0,0,0
143081,Burrowing Prairie Dog,,,,0,14,0,0,32791,0,0,0,1,1,1,1,0,0,0
143082,Mechanized Prairie Dog,,,,0,14,0,0,32791,0,0,0,1,1,1,1,0,0,0
143083,Kala Frog,,,,0,14,0,0,32791,0,0,0,1,1,1,1,0,0,0
143084,Cluster Toad,,,,0,14,0,0,32791,0,0,0,1,1,1,1,0,0,0
143085,Coiled Cobra,,,,0,14,0,0,32791,0,0,0,1,1,1,1,0,0,0
143086,Darkspit Slitherer,,,,0,14,0,0,32791,0,0,0,1,1,1,1,0,0,0
143087,Queen Cobra,,,,0,14,0,0,32791,0,0,0,1,1,1,1,0,0,0
143088,Pygmy Lasher,,,,0,14,0,0,32791,0,0,0,1,1,1,1,0,0,0
143089,Thornleaf Lasher,,,,0,14,0,0,32791,0,0,0,1,1,1,1,0,0,0
143090,Poisonpetal Lasher,,,,0,14,0,0,32791,0,0,0,1,1,1,1,0,0,0
143091,Gigan Taratula,,,,0,14,0,0,32791,0,0,0,1,1,1,1,0,0,0
143092,Mechanized Gulper,,,,0,14,0,0,32791,0,0,0,1,1,1,1,0,0,0
143124,Drop of Azerite,,,,0,14,0,0,32791,0,0,0,1,1,1,1,0,0,0
143142,Rooter,,,,0,12,0,0,75349,0,0,0,1,1,1,1,0,0,0
143160,Brutus,,,,0,12,0,0,87760,0,0,0,1,1,1,1,0,0,0
143164,Finicky Gauntlet,,,,0,14,0,0,32791,0,0,0,1,1,1,1,0,0,0
143167,Digitized Assistant,,,,0,14,0,0,32791,0,0,0,1,1,1,1,0,0,0
143175,Abyssal Eel,,,,0,14,0,0,78244,0,0,0,1,1,1,1,0,0,0
143176,Seabreeze Bumblebee,,,,0,14,0,3,81966,0,0,0,1,1,1,1,0,0,0
143177,Corlain Falcon,,,,0,14,0,3,81079,0,0,0,1,1,1,1,0,0,0
143178,Drustvar Piglet,,,,0,14,0,0,27682,0,0,0,1,1,1,1,0,0,0
143179,Frenzied Cottontail,,,,0,14,0,0,80951,0,0,0,1,1,1,1,0,0,0
143181,Bilefang Skitterer,,,,0,14,0,0,69092,0,0,0,1,1,1,1,0,0,0
143184,Greatwing Macaw,,,,0,14,0,3,80414,0,0,0,1,1,1,1,0,0,0
143188,Mechanical Prairie Dog,,,,0,14,0,0,75353,0,0,0,1,1,1,1,0,0,0
143189,Wicker Pup,,,,0,14,0,0,86805,0,0,0,1,1,1,1,0,0,0
143191,Tiny Direhorn,,,,0,14,0,0,84857,0,0,0,1,1,1,1,0,0,0
143193,Zandalari Shinchomper,,,,0,14,0,0,84863,0,0,0,1,1,1,1,0,0,0
143194,Bloodfeaster Larva,,,,0,14,0,0,80460,0,0,0,1,1,1,1,0,0,0
143195,Tragg the Curious,,,,0,14,0,0,88468,0,0,0,1,1,1,1,0,0,0
143196,Lil' Ben'fon,,,,0,14,0,0,83641,0,0,0,1,1,1,1,0,0,0
143197,Ranishu Runt,,,,0,14,0,0,76383,0,0,0,1,1,1,1,0,0,0
143198,Child of Jani,,,,0,14,0,0,78161,0,0,0,1,1,1,1,0,0,0
143199,Swamp Toad,,,,0,14,0,0,76761,0,0,0,1,1,1,1,0,0,0
143200,Accursed Hexxer,,,,0,14,0,3,80852,0,0,0,1,1,1,1,0,0,0
143202,Saurolisk Hatchling,,,,0,14,0,0,81219,0,0,0,1,1,1,1,0,0,0
143203,Blue Flitter,,,,0,14,0,3,86529,0,0,0,1,1,1,1,0,0,0
143204,Freshwater Pincher,,,,0,14,0,0,76624,0,0,0,1,1,1,1,0,0,0
143205,Crimson Frog,,,,0,14,0,0,81058,0,0,0,1,1,1,1,0,0,0
143206,Barnacled Hermit Crab,,,,0,14,0,0,75381,0,0,0,1,1,1,1,0,0,0
143207,Sandstinger Wasp,,,,0,14,0,3,80029,0,0,0,1,1,1,1,0,0,0
143209,Cou'pa,,,,0,14,0,0,81099,0,0,0,1,1,1,1,0,0,0
143211,Carnivorous Lasher,,,,0,14,0,0,80467,0,0,0,1,1,1,1,0,0,0
143214,Azeriti,,,,0,14,0,0,83052,0,0,0,1,1,1,1,0,0,0
143240,Bladeguard Kaja,,,,1,7,0,0,80740,0,0,0,1,1,1,1,94106,0,0
143241,Vorrik,,,,0,7,0,0,80334,0,0,0,1,1,1,1,151335,0,0
143360,Lost Platysaur,,,,0,14,0,0,83685,0,0,0,1,1,1,1,0,0,0
143374,Baby Crawg,,,,0,14,0,0,83653,0,0,0,1,1,1,1,0,0,0
143378,Bomb Target,,,,0,10,0,0,64062,0,0,0,1,1,1,1,0,0,0
143382,Halford Wyrmbane,,7th Legion High Commander,,1,7,0,0,85758,0,0,0,0,1,1,1,118080,0,0
143383,Falstad Wildhammer,,High Thane,,1,7,0,0,32681,0,0,0,1,1,1,1,30445,0,0
143384,Magister Umbric,,,,0,7,0,0,82386,0,0,0,1,1,1,1,125668,0,0
143385,Kelsey Steelspark,,Gnomeregan Covert Ops,,0,7,0,0,31159,0,0,0,1,1,1,1,56090,56090,0
143386,Shandris Feathermoon,,General of the Sentinel Army,,0,7,0,0,86964,0,0,0,0,1,1,1,0,0,0
143387,Captain Zalkran,,,,0,7,0,0,87445,0,0,0,1,1,1,1,0,0,0
143389,John J. Keeshan,,,,0,7,0,0,73844,0,0,0,1,1,1,1,0,0,45938
143391,Direhorn Bull,,,,0,1,138,0,47234,0,0,0,1,1,1,1,0,0,0
143392,Feral Ravasaur,,,,0,1,11,0,83647,83648,0,0,1,1,1,1,0,0,0
143393,Vicious Diemetradon,,,,0,1,288,0,76837,76836,76844,0,1,1,1,1,0,0,0
143395,Warren Ashton,,Master Alchemist,,0,7,0,0,81826,0,0,0,1,1,1,1,0,0,0
143412,Dark Iron Grenadier,,,,0,7,0,0,82049,82051,82087,82088,1,1,1,1,0,0,0
143418,Bladeguard Jorana,,,,0,7,0,0,76689,0,0,0,1,1,1,1,94106,0,0
143419,Bladeguard Tarkaj,,,,0,7,0,0,76905,0,0,0,1,1,1,1,94106,0,0
143423,Goblin Engineer,,,,0,7,0,0,7109,23080,0,0,1,1,1,1,1911,0,0
143424,Goblin Shredder,,,,0,9,0,0,31782,0,0,0,1,1,1,1,0,0,0
143425,Echo of Garrosh Hellscream,,Warchief,,1,7,0,0,87839,0,0,0,1,1,1,1,30414,0,0
143429,Pterrordax,,,,0,1,0,3,80970,0,0,0,1,1,1,1,0,0,0
143431,Pterrordax,,,,0,1,0,0,80993,0,0,0,1,1,1,1,0,0,0
143432,Pterrordax,,,,0,1,0,0,80258,0,0,0,1,1,1,1,0,0,0
143447,Darkspear Hunter,,The Honorbound,,0,7,0,0,86650,86651,86652,86653,1,1,1,1,0,0,0
143448,Darkspear Hunter,,The Honorbound,,0,7,0,0,85504,85504,0,0,1,1,1,1,0,0,0
143449,Fogsail Rowboat,,,,0,10,0,3,77955,0,0,0,1,1,1,1,0,0,0
143450,Horde Flag,,,,0,10,0,0,77995,0,0,0,1,1,1,1,0,0,0
143464,Dreadtick Leecher,,,,0,14,0,0,79567,0,0,0,1,1,1,1,0,0,0
143466,Darkspear Hunter,,The Honorbound,,0,7,0,0,84545,84546,84547,84548,1,1,1,1,0,0,0
143467,Darkspear Hunter,,The Honorbound,,0,7,0,0,86646,86647,86648,86649,1,1,1,1,0,0,0
143468,Darkspear Hunter,,The Honorbound,,0,7,0,0,86735,86734,86736,86737,1,1,1,1,0,0,0
143469,Darkspear Hunter,,The Honorbound,,0,7,0,0,86650,86642,86735,86646,1,1,1,1,0,0,0
143491,Raptari Druid,,,,0,7,0,0,85195,85194,0,0,1,1,1,1,0,0,0
143499,Fuzzy Creepling,,,,0,12,0,0,87862,0,0,0,1,1,1,1,0,0,0
143503,Aldrusian Sproutling,,,,0,12,0,0,87870,0,0,0,1,1,1,1,0,0,0
143504,Echo of Warlord Zaela,,,,1,7,0,0,54688,53713,0,0,1,0,1,1,110590,0,0
143505,Echo of Gul'dan,,,,1,7,0,0,87970,0,0,0,1,1,1,1,0,0,0
143507,Voidwiggler,,,,0,12,0,0,87871,0,0,0,1,1,1,1,0,0,0
143515,Teeny Titan Orb,,,,0,12,0,2,87890,0,0,0,1,1,1,1,0,0,0
143517,Tidesage Proxy,,,,0,10,0,0,11686,0,0,0,1,1,1,1,0,0,0
143526,Dread-Admiral Tattersail,,,,0,7,0,0,64374,0,0,0,1,1,1,1,0,0,0
143527,Nathanos Blightcaller,,Champion of the Banshee Queen,,1,7,0,0,66644,0,0,0,1,1,1,1,0,0,0
143528,Lilian Voss,,,,1,7,0,0,85799,0,0,0,1,1,1,1,0,0,0
143529,Captain Amalia Stone,,,,0,7,0,0,86073,0,0,0,1,1,1,1,0,0,0
143530,Chief Telemancer Oculeth,,,,0,7,0,0,73853,0,0,0,1,1,1,1,0,0,0
143531,Thomas Zelling,,,,0,7,0,0,86536,0,0,0,1,1,1,1,0,0,0
143533,Scabby,,,,0,14,0,0,87895,0,0,0,1,1,1,1,0,0,0
143541,Alliance Footman,,,,0,7,0,0,88490,88492,0,0,1,1,1,1,158073,143,0
143549,Peon,,,,6,7,0,0,81911,81912,81913,81914,1,1,1,1,0,0,0
143552,Forsaken Battleguard,,,,1,7,0,0,81649,81650,81651,81652,1,1,1,1,107962,49777,0
143562,Monstrous Shredder,,,,1,9,0,0,82260,0,0,0,1,1,1,1,0,0,0
143563,Ragepeep,,,,0,12,0,0,87903,0,0,0,1,1,1,1,0,0,0
143564,Foulfeather,,,,0,12,0,3,74038,0,0,0,1,1,1,1,0,0,0
143578,Risen of Zul,,,,0,6,0,0,80904,0,0,0,1,1,1,1,119707,0,0
143589,Marshal Everit Reade,,,,0,7,0,0,76670,0,0,0,1,1,1,1,65492,0,0
143596,Bomb Target,,,,0,10,0,0,35402,0,0,0,1,1,1,1,0,0,0
143611,Azerite Puddle,,,,0,14,0,0,84157,0,0,0,1,1,1,1,0,0,0
143620,Lucky,,,,0,7,0,0,43472,0,0,0,1,1,1,1,0,0,0
143621,Charm,,,,0,7,0,0,43473,0,0,0,1,1,1,1,0,0,0
143622,Wild Imp,,,,6,3,0,0,77405,77406,77407,0,1,1,1,1,0,0,0
143627,Fozling,,,,0,12,0,0,87945,0,0,0,1,1,1,1,0,0,0
143628,Squawkling,,,,0,12,0,3,16880,0,0,0,1,1,1,1,0,0,0
143629,Queen Azshara,,,,1,7,0,3,86567,0,0,0,1,1,1,1,163037,0,0
143636,Fogsail Pirate,,The Fogsail Freebooters,,0,7,0,0,85495,0,0,0,1,1,1,1,0,0,0
143646,Faithless Gunner,,,,0,7,0,0,83753,83754,83755,83756,1,1,0.5,0.5,151334,0,0
143662,Barge,,,,1,10,0,3,83299,0,0,0,1,1,1,1,0,0,0
143730,Bumbles,,,,0,14,0,3,81972,0,0,0,1,1,1,1,0,0,0
143738,Lil' Siege Tower,,,,0,12,0,0,87976,0,0,0,0,1,1,1,0,0,0
143739,Lil' War Machine,,,,0,12,0,0,87977,0,0,0,0,1,1,1,0,0,0
143742,Krolusk Dunecrawler,,,,0,1,0,0,75604,0,0,0,1,1,1,1,0,0,0
143743,Krolusk Dunecrawler,,,,0,1,0,0,75600,0,0,0,1,1,1,1,0,0,0
143747,Trained Pterrordax,,,,0,1,0,3,77070,0,0,0,0,1,1,1,0,0,0
143773,Theramore Citizen,,,,0,7,0,0,4834,2953,3014,2967,1,1,1,1,0,0,0
143776,Theramore Citizen,,,,0,7,0,0,4859,4854,4855,8632,1,1,1,1,0,0,0
143788,Darnassian Archer,,,,0,7,0,0,83341,83340,83339,0,1,1,1,1,73038,0,73038
143789,Darnassian Archer,,,,1,7,0,0,2306,14613,14614,14615,1,1,1,1,0,0,14105
143794,Scuttle,,,,0,12,0,0,87999,0,0,0,1,1,1,1,0,0,0
143795,Captain Nibs,,,,0,12,0,0,88016,0,0,0,1,1,1,1,0,0,0
143796,Barnaby,,,,0,12,0,0,88012,0,0,0,1,1,1,1,0,0,0
143797,Poro,,,,0,12,0,0,88003,0,0,0,1,1,1,1,0,0,0
143798,Octopode Fry,,,,0,12,0,0,88017,88021,88022,88025,1,1,1,1,0,0,0
143799,Inky,,,,0,12,0,0,88034,0,0,0,1,1,1,1,0,0,0
143801,Sparkleshell Sandcrawler,,,,0,12,0,0,88000,0,0,0,1,1,1,1,0,0,0
143802,Kindleweb Spiderling,,,,0,12,0,0,88001,0,0,0,1,1,1,1,0,0,0
143803,Craghoof Kid,,,,0,12,0,0,88002,0,0,0,1,1,1,1,0,0,0
143804,False Knucklebump,,,,0,12,0,0,26524,0,0,0,1,1,1,1,0,0,0
143805,Tinder Pup,,,,0,12,0,0,88004,0,0,0,1,1,1,1,0,0,0
143806,Sandshell Chitterer,,,,0,12,0,0,88038,0,0,0,1,1,1,1,0,0,0
143807,Deathsting Scorpid,,,,0,12,0,0,88040,0,0,0,1,1,1,1,0,0,0
143808,Thistlebrush Bud,,,,0,12,0,0,45190,0,0,0,1,1,1,1,0,0,0
143809,Giggling Flame,,,,0,12,0,0,88058,0,0,0,1,1,1,1,0,0,0
143810,Laughing Stonekin,,,,0,12,0,0,88060,0,0,0,1,1,1,1,0,0,0
143811,Playful Frostkin,,,,0,12,0,0,88057,0,0,0,1,1,1,1,0,0,0
143812,Mischievous Zephyr,,,,0,12,0,0,88059,0,0,0,1,1,1,1,0,0,0
143813,Littlehoof,,,,0,12,0,0,88061,0,0,0,1,1,1,1,0,0,0
143814,Snapper,,,,0,12,0,0,81098,0,0,0,1,1,1,1,0,0,0
143815,Sunscale Hatchling,,,,0,12,0,0,88064,0,0,0,1,1,1,1,0,0,0
143816,Bloodstone Tunneler,,,,0,12,0,0,88005,88006,0,0,1,1,1,1,0,0,0
143817,Snort,,,,0,12,0,0,88035,0,0,0,1,1,1,1,0,0,0
143818,Muskflank Calfling,,,,0,12,0,0,88036,0,0,0,1,1,1,1,0,0,0
143819,Juvenile Brineshell,,,,0,12,0,0,88007,0,0,0,1,1,1,1,0,0,0
143820,Kunchong Hatchling,,,,0,12,0,0,88008,0,0,0,1,1,1,1,0,0,0
143821,Coldlight Surfrunner,,,,0,12,0,0,86463,0,0,0,1,1,1,1,0,0,0
143822,Voru'kar Leecher,,,,0,12,0,2,88037,0,0,0,1,1,1,1,0,0,0
143827,Sweete's Feast,,,,0,7,0,0,46710,0,0,0,1,1,1,1,0,0,0
143828,Trained Pterrordax,,,,0,1,0,0,77070,0,0,0,0,1,1,1,0,0,0
143840,Blacktooth Brew,,,,0,7,0,0,46710,0,0,0,1,1,1,1,0,0,0
143845,Overlord Geya'rah,,,,1,7,0,0,85555,0,0,0,1,1,1,1,118400,0,0
143857,Cart o' Cutlasses,,,,0,7,0,0,46710,0,0,0,1,1,1,1,0,0,0
143867,That Which Hungers,,,,1,4,0,0,88063,0,0,0,1,1,1,1,0,0,0
143889,Pterrordax,,,,0,1,0,3,80993,0,0,0,1,1,1,1,0,0,0
143890,Pterrordax,,,,0,1,0,3,80258,0,0,0,1,1,1,1,0,0,0
143893,Master Engineer Hafren,,,,1,7,0,0,85574,0,0,0,1,1,1,1,0,0,0
143915,Glaive Thrower,,,,0,10,0,0,66388,0,0,0,1,1,1,1,0,0,0
143918,Talk to Nathanos Credit,,,,0,10,0,0,11686,0,0,0,1,1,1,1,0,0,0
143921,Nature's Guardian,,,,1,4,0,0,54678,54679,0,0,1,1,1,1,0,0,0
143922,Vigilant Protector,,,,0,7,0,0,28379,0,0,0,1,1,1,1,0,0,0
143931,Azurewing,,,,4,1,160,0,76944,0,0,0,1,1,1,1,0,0,0
143937,Swift Moonsaber,,,,0,1,0,0,14333,14332,0,0,1,1,1,1,0,0,0
143939,Orgrimmar Grunt,,,,0,7,0,0,78311,78312,78313,78314,1,1,1,1,1899,119203,0
143940,Horde Demolisher,,,,1,9,0,0,86514,0,0,0,1,1,1,1,0,0,0
143941,Feral Guardian,,,,0,7,0,0,29417,29413,29415,0,1,1,1,1,0,0,0
143946,Cat Form,,,,0,1,4,0,892,29405,29406,29408,1,1,1,1,0,0,0
143949,Alliance Cannon Tower,,,,1,1,0,0,84095,0,0,0,100,1,1,1,0,0,0
143957,Gearspring Hopper,,,,0,12,0,0,78837,0,0,0,1,1,1,1,0,0,0
143958,Bloated Bloodfeaster,,,,0,12,0,0,80458,0,0,0,1,1,1,1,0,0,0
143959,Slippy,,,,0,12,0,0,88024,0,0,0,1,1,1,1,0,0,0
143973,Alliance Bodyguard,,,,0,7,0,0,39048,0,0,0,1,1,1,1,0,0,0
143977,Orgrimmar Grunt,,,,0,7,0,0,78314,0,0,0,1,1,1,1,1899,119203,0
143979,Limbflayer Lasha,,Mag'har Orc Emissary,,0,7,0,0,86335,0,0,0,1,1,1,1,107298,107298,0
143981,Darnassus Sentinel,,,,0,7,0,0,2306,14613,14614,14615,25,25,25,25,5598,0,2550
144003,Hearthy,,,,0,12,0,0,74515,0,0,0,1,1,1,1,0,0,0
144004,Bucketshell,,,,0,12,0,0,87998,0,0,0,1,1,1,1,0,0,0
144005,Sir Snips,,,,0,12,0,0,87997,0,0,0,1,1,1,1,0,0,0
144007,Darnassian Protector,,,,0,4,0,0,2451,0,0,0,1,1,1,1,0,0,0
144031,Honorbound Sniper,,,,1,7,0,0,58928,0,0,0,1,1,1,1,0,0,110600
144032,Honorbound Elites,,,,1,7,0,0,87199,0,0,0,1,1,1,1,0,0,0
144033,Azerite War Machine,,,,1,7,0,0,85205,0,0,0,1,1,1,1,0,0,0
144034,War Machine,,,,1,7,0,0,84851,0,0,0,1,1,1,1,0,0,0
144035,Horde Demolishers,,,,1,7,0,0,28823,0,0,0,1,1,1,1,0,0,0
144036,Siege Engine,,,,1,7,0,0,55098,0,0,0,1,1,1,1,0,0,0
144037,7th Legion Champions,,,,1,7,0,0,47144,0,0,0,1,1,1,1,0,0,0
144042,Moira Thaurissan,,,,1,7,0,0,82772,0,0,0,1,1,1,1,11928,0,0
144049,Zul the Prophet,,,,1,7,0,0,84351,0,0,0,1,1,1,1,0,0,0
144116,Paper Zepplin,,,,0,10,0,3,79541,0,0,0,1,1,1,1,0,0,0
144117,Lokhtos Darkbargainer,,,,0,7,0,0,14666,0,0,0,100,1,1,1,13894,2081,0
144118,Fenella Darkvire,,,,0,7,0,0,69941,0,0,0,100,1,1,1,0,0,0
144119,Kasea Angerforge,,Stable Master,,0,7,0,0,88363,0,0,0,1,1,1,1,0,0,0
144120,Onin MacHammar,,,,0,7,0,0,5648,0,0,0,1,1,1,1,2184,0,0
144122,Bloodhound Mastiff,,,,0,1,52,0,8180,0,0,0,0,1,1,1,0,0,0
144123,Blazing Fireguard,,,,0,4,0,0,1070,0,0,0,0,1,1,1,0,0,0
144124,Dark Iron Core Hound,,,,0,1,0,0,85691,0,0,0,1,1,1,1,0,0,0
144125,Shadowforge Citizen,,,,0,7,0,0,8798,8799,8800,8801,25,25,25,25,0,0,2552
144126,Guzzling Patron,,,,0,7,0,0,8678,8679,8680,0,1,1,1,1,0,0,0
144127,Grim Patron,,,,0,7,0,0,8673,8674,8675,8676,1,1,1,1,0,0,0
144128,Dark Iron Brewer,,,,0,7,0,0,21826,0,0,0,0,1,1,1,0,0,0
144129,Plugger Spazzring,,,,1,7,0,0,8652,0,0,0,1,1,1,1,2705,0,0
144130,Mistress Nagmara,,,,1,3,0,0,2834,0,0,0,1,1,1,1,0,0,0
144131,Private Rocknot,,,,0,7,0,0,8654,0,0,0,1,1,1,1,2703,0,6886
144132,Warbringer Construct,,,,0,4,0,0,8289,0,0,0,0,1,1,1,0,0,0
144133,Shadowforge Craftsman,,,,0,7,0,0,8803,8804,8805,8806,25,25,25,25,1903,0,6886
144134,Shadowforge Peasant,,,,0,7,0,0,8793,8794,8795,8796,25,25,25,25,0,0,2552
144135,Shadowforge Soldier,,,,1,7,0,0,87992,87993,0,0,1,1,1,1,5289,0,0
144142,Asset Recovery Pilot,,,,0,9,0,0,88287,88288,88289,88284,1,1,1,1,0,0,0
144150,Jaina Proudmoore,,,,0,7,0,0,88316,0,0,0,1,1,1,1,153575,0,0
144152,Moira Thaurissan,,,,1,7,0,0,82772,0,0,0,1,1,1,1,11928,0,0
144153,Thaelin Darkanvil,,,,0,7,0,0,87912,0,0,0,1,1,1,1,11684,163598,0
144154,Anvil-Thane Thurgaden,,,,0,7,0,0,85249,0,0,0,1,1,1,1,163599,0,0
144156,Drukan,,Chief Aid,,0,7,0,0,121999,0,0,0,1,1,1,1,0,0,0
144159,Dark Iron Core Hound,,,,0,1,0,0,85690,0,0,0,1,1,1,1,0,0,0
144163,Hammered Patron,,,,0,7,0,0,8681,8682,8683,8684,1,1,1,1,0,0,0
144164,Fallhaven Villager,,,,0,7,0,0,81344,0,0,0,1,1,1,1,0,0,0
144165,Fallhaven Villager,,,,0,7,0,0,78050,0,0,0,1,1,1,1,0,0,0
144166,Fallhaven Villager,,,,0,7,0,0,78046,0,0,0,1,1,1,1,0,0,0
144169,Ashvane Commander,,,,1,7,0,0,84067,84068,0,0,1,1,1,1,163777,0,0
144185,Darnassus Sentinel,,,,0,7,0,0,2306,0,0,0,1,1,1,1,0,0,0
144186,Cat Form,,,,0,1,4,0,29406,0,0,0,1,1,1,1,0,0,0
144188,Brinescale Gladiator,,The Bilge Rats,,0,7,0,0,80454,0,0,0,1,1,1,1,54539,0,0
144190,Vulpera Mixologist,,The Bilge Rats,,0,7,0,0,80327,80328,0,0,1,1,1,1,5283,52359,0
144191,High Priest of Silvermoon,,,,0,7,0,0,79879,0,0,0,1,1,1,1,0,0,0
144192,Goblin Sapper,,,,0,7,0,0,79884,0,0,0,1,1,1,1,0,0,0
144200,Orgrimmar Grunt,,,,0,7,0,0,78311,78312,0,0,1,1,1,1,1899,119203,0
144201,Thunder Bluff Shaman,,,,0,7,0,0,84591,0,0,0,1,1,1,1,94581,106694,0
144204,Shatterspear Champion,,,,0,7,0,0,28326,0,0,0,1,1,1,1,12889,0,0
144205,Forsaken Priest,,,,0,7,0,0,65434,0,0,0,1,1,1,1,22406,0,0
144207,VFX Bunny,,,,6,10,0,3,64062,11686,0,0,0,1,1,1,0,0,0
144209,VFX Bunny,,,,6,10,0,3,64062,11686,0,0,0,1,1,1,0,0,0
144211,Rixxa Fluxflame,,Chief Scientist,,1,7,0,0,88462,0,0,0,1,1,1,1,159777,0,159777
144219,VFX Bunny,,,,6,10,0,3,64062,11686,0,0,0,1,1,1,0,0,0
144220,Feral Guardian,,,,0,7,0,0,29413,0,0,0,1,1,1,1,0,0,0
144221,Feral Guardian,,,,0,7,0,0,29413,0,0,0,1,1,1,1,0,0,0
144223,Dark Iron Earthbreaker,,,,0,7,0,0,82278,0,0,0,1,1,1,1,0,0,0
144228,Pride of Azshara,,,,1,7,0,0,84873,0,0,0,1,1,1,1,0,0,0
144233,Binder Nalashj,,,,0,7,0,0,65628,0,0,0,1,1,1,1,0,0,0
144234,Lady Rash'iss,,,,0,7,0,0,71307,0,0,0,1,1,1,1,0,0,0
144235,Binder Ser'less,,,,0,7,0,0,66380,0,0,0,1,1,1,1,0,0,0
144240,VFX Bunny,,,,6,10,0,3,64062,11686,0,0,0,1,1,1,0,0,0
144241,Commander Kellam,,,,1,7,0,0,81729,0,0,0,1,1,1,1,0,0,0
144244,The Platinum Pummeler,,,,1,9,0,0,91216,0,0,0,1,1,1,1,0,0,0
144246,K.U.-J.0.,,,,1,9,154,0,90775,0,0,0,1,1,1,1,0,0,0
144247,Outrigger Hunter,,,,0,7,0,0,78623,78624,78625,82665,1,1,1,1,155691,0,0
144248,Head Machinist Sparkflux,,,,1,9,0,0,23397,0,0,0,1,1,1,1,164680,0,161296
144250,Anglepoint Fisherman,,,,0,7,0,0,78623,78624,78625,82665,1,1,1,1,6365,0,0
144252,Rosaline Madison,,Outrigger Captain,,0,7,0,0,80081,0,0,0,1,1,1,1,42507,0,0
144253,Outrigger Cannon,,,,0,9,0,0,87914,0,0,0,1,1,1,1,0,0,0
144254,Zandalari Toenibbler,,,,0,12,0,0,48057,0,0,0,1,1,1,1,0,0,0
144255,Tentacle of Viq'Goth,,,,1,1,0,3,85055,0,0,0,1,1,1,1,0,0,0
144256,Zandalari Kneebiter,,,,0,12,0,0,47731,0,0,0,1,1,1,1,0,0,0
144257,Zandalari Footslasher,,,,0,12,0,0,48056,0,0,0,1,1,1,1,0,0,0
144258,Zandalari Anklerender,,,,0,12,0,0,48055,0,0,0,1,1,1,1,0,0,0
144259,Outrigger Boat,,,,0,10,0,3,77955,0,0,0,1,1,1,1,0,0,0
144260,Small Fetish Destroyed Credit,,,,0,10,0,0,20570,27823,0,0,0,1,1,1,0,0,0
144304,Goblin Flying Machine,,,,0,9,0,3,54188,0,0,0,1,1,1,1,0,0,0
144308,Moonkin (Druid - Night Elf),,,,0,7,0,0,15374,0,0,0,1,1,1,1,0,0,0
144325,Boralus Citizen,,,,0,7,0,0,80177,80178,78471,78472,1,1,1,1,0,0,0
144326,Boralus Guard,,,,1,7,0,0,81742,81743,81744,81745,1,1,1,1,0,0,0
144330,Awakened Conscript,,,,0,7,0,0,85466,85467,85468,85469,1,1,1,1,158912,0,0
144331,Druid of the Claw,,,,0,7,0,0,88543,88541,88544,88538,1,1,1,1,0,0,0
144334,Ashley,,,,0,12,0,0,86548,0,0,0,0,1,1,1,0,0,0
144342,Riding Wolf,,,,0,1,299,0,76857,0,0,0,1,1,1,1,0,0,0
144343,Brennadam Citizen,,,,0,7,0,0,78518,0,0,0,1,1,1,1,0,0,0
144344,Proudmoore Charger,,,,0,1,0,0,82962,0,0,0,1,1,1,1,0,0,0
144348,Ashvane Jailer,,Ashvane Trading Co.,,0,7,0,0,85582,0,0,0,1,1,1,1,155801,0,0
144376,Tol Dagor Inmate,,,,0,7,0,0,52400,0,0,0,1,1,1,1,0,0,0
144377,Tol Dagor Inmate,,,,0,7,0,0,52399,0,0,0,1,1,1,1,0,0,0
144382,Knight-Captain Emery,,,,1,7,0,2,73176,0,0,0,1,1,1,1,1899,117413,0
144388,Kul Tiran Noble,,,,0,7,0,0,82545,82544,78475,78962,1,1,1,1,0,0,0
144389,Kul Tiran Noble,,,,0,7,0,0,78471,78472,78964,78965,1,1,1,1,0,0,0
144394,Spell Bunny,,,,0,10,0,0,1126,11686,0,0,0,1,1,1,0,0,0
144408,Stormwind Footman Male - IGC,,,,0,7,0,0,77928,87527,87528,87328,1,1,1,1,1899,117413,0
144415,Binding Rune Kill Credit,,,,0,10,0,0,11686,0,0,0,1,1,1,1,0,0,0
144426,Darnassian Archer,,,,0,7,0,0,83341,0,0,0,1,1,1,1,73038,0,73038
144431,Orgrimmar Grunt,,,,0,7,0,0,82967,0,0,0,1,1,1,1,1899,119203,0
144432,Orgrimmar Grunt,,,,0,7,0,0,82965,0,0,0,1,1,1,1,1899,119203,0
144433,Darnassian Archer,,,,0,7,0,0,88374,0,0,0,1,1,1,1,73038,0,73038
144435,Cat Form,,,,0,1,4,0,74221,0,0,0,1,1,1,1,0,0,0
144436,Feral Guardian,,,,0,7,0,0,29416,0,0,0,1,1,1,1,0,0,0
144446,Dominated Gronnling,,,,0,7,0,0,58198,56633,0,0,1,1,1,1,0,0,0
144448,Ogron Spinecrusher,,,,0,5,0,0,55805,0,0,0,1,1,1,1,0,0,0
144465,High Overlord Saurfang,,,,1,7,0,0,14732,0,0,0,1,1,1,1,155857,0,0
144467,VFX Bunny,,,,6,10,0,3,64062,11686,0,0,0,1,1,1,0,0,0
144493,7th Legion Marine,,,,0,7,0,0,85767,85771,0,0,1,1,1,1,160482,143,2552
144498,Blacktooth Brute,,Blacktooth Brawlers,,0,7,0,0,80389,80390,0,0,1,1,1,1,155756,0,0
144507,Bilgewater Goblin,,,,0,7,0,0,86756,86757,86778,86779,1,1,1,1,0,0,0
144615,Blood Prince Dreven,,,,0,6,0,0,11686,0,0,0,1,1,1,1,0,0,0
144617,Test Pet,,,,0,12,0,0,38484,0,0,0,1,1,1,1,0,0,0
144665,Phillip Carter Tracey,,,,1,7,0,0,88791,0,0,0,1,1,1,1,0,0,0
144670,Farmer Xiang-Su,,,,1,7,0,0,88793,0,0,0,1,1,1,1,167044,0,0
144671,Phillip Carter Tracey,,,,1,7,0,0,88791,0,0,0,1,1,1,1,0,0,0
144684,Tidemistress Shellbreaker,,,,1,7,0,0,88797,0,0,0,1,1,1,1,120477,0,0
144686,Chubo,,,,1,7,0,0,78305,0,0,0,1,1,1,1,19924,0,0
144687,Chibo,,,,0,7,0,0,80362,0,0,0,1,1,1,1,0,0,0
144688,Phillip Carter Tracey,,,,1,7,0,0,88798,0,0,0,1,1,1,1,3364,0,0
144699,Zaxx Dreadslice,,The Goblidari,,1,1,0,0,91131,0,0,0,1,1,1,1,0,0,0
144739,Robe-Robber Robert,,,,1,7,0,0,88814,0,0,0,1,1,1,1,0,0,0
144743,Marcus,,,,1,7,0,0,64696,0,0,0,1,1,1,1,0,0,164720
144836,Spikey,,,,0,1,31,0,20307,0,0,0,1,1,1,1,0,0,0
144853,Flying Ape Wranglers,,,,0,9,0,3,90500,0,0,0,1,1,1,1,0,0,0
144859,Maiev Shadowsong,,,,1,7,0,0,88959,0,0,0,1,1,1,1,32425,0,0
144860,Sira Moonwarden,,Dark Warden,,1,7,0,0,65183,0,0,0,1,1,1,1,165224,165224,0
144910,Sea Giant,,,,1,7,0,0,66812,0,0,0,1,1,1,1,0,0,0
144917,Marsh Fiddler,,,,0,8,0,0,43360,43361,0,0,1,1,1,1,0,0,0
144920,Bandicoon,,,,0,8,0,0,40089,40090,40094,0,1,1,1,1,0,0,0
144937,Naga Witch,,,,1,7,0,0,83577,0,0,0,1,1,1,1,0,0,0
144938,Makrura,,,,1,7,0,0,3900,0,0,0,1,1,1,1,0,0,0
144939,Crab Pirate,,,,1,1,0,0,87999,0,0,0,1,1,1,1,0,0,0
144946,Ivus the Forest Lord,,,,2,4,0,0,90400,0,0,0,0,1,1,1,0,0,0
145003,Pirate Mount,,,,0,1,0,0,85970,0,0,0,1,1,1,1,0,0,0
145054,Malfurion Stormrage,,,,1,7,0,0,88958,0,0,0,1,1,1,1,0,0,0
145055,Nathanos Blightcaller,,,,1,7,0,0,88957,0,0,0,1,1,1,1,65795,65795,5258
145064,Blaze,,,,0,1,52,0,87422,0,0,0,1,1,1,1,0,0,0
145074,[Test Creature] Mana Dwarf,,,,0,7,0,0,88717,0,0,0,1,1,1,1,0,0,0
145134,Gryphon Handler,,,,1,7,0,0,88972,0,0,0,1,1,1,1,0,0,155816
145156,Lord Darius Crowley,,,,1,7,0,0,30563,0,0,0,1,1,1,1,56171,0,0
145157,King Genn Greymane,,,,0,7,0,0,29613,0,0,0,1,1,1,1,46737,0,0
145158,Lorna Crowley,,,,1,7,0,0,116363,0,0,0,1,1,1,1,0,0,0
145169,Adarrah,,,,0,7,0,0,22403,0,0,0,1,1,1,1,0,0,0
145170,Adarrah's Camel,,,,0,7,0,0,37493,0,0,0,0,1,1,1,0,0,0
145171,Pack Mule,,,,0,1,0,0,14550,0,0,0,1,1,1,1,0,0,0
145172,Lady Humps,,,,0,1,298,0,35138,0,0,0,0,1,1,1,0,0,0
145173,Samir,,,,0,7,0,0,21706,0,0,0,1,1,1,1,0,0,0
145174,Mack,,,,0,7,0,0,32235,0,0,0,1,1,1,1,0,0,0
145175,Budd,,,,0,7,0,0,21702,0,0,0,1,1,1,1,0,0,0
145176,Domesticated Kodo,,,,0,1,0,0,7933,0,0,0,0,1,1,1,0,0,0
145185,Gnomercy 4.U.,,,,1,9,0,0,91879,0,0,0,1,1,1,1,0,0,0
145187,Budd's Camel,,,,0,7,0,0,37492,0,0,0,0,1,1,1,0,0,0
145188,Mack's Camel,,,,0,7,0,0,37496,0,0,0,0,1,1,1,0,0,0
145189,Samir's Camel,,,,0,7,0,0,37212,0,0,0,0,1,1,1,0,0,0
145190,Princess Talanji,,,,1,7,0,0,75898,0,0,0,1,1,1,1,126524,0,0
145191,Baine Bloodhoof,,High Chieftain,,1,7,0,0,30272,0,0,0,1,1,1,1,58367,0,0
145192,Rokhan,,,,1,7,0,0,116250,0,0,0,1,1,1,1,182571,0,0
145194,Uldum Caravan Harness,,,,0,10,0,0,31290,0,0,0,0,1,1,1,0,0,0
145225,Spirit of Vol'jin,,,,1,7,0,0,89267,0,0,0,100,1,1,1,0,0,0
145227,Spiritwalker Ebonhorn,,,,1,7,0,0,63690,0,0,0,1,1,1,1,119206,118005,0
145231,Shade,,,,0,6,0,0,90426,0,0,0,1,1,1,1,0,0,0
145236,Irontide Cutthroat,,Irontide Raiders,,0,7,0,0,79068,79069,79070,79071,1,1,1,1,851,0,0
145258,Turgore,,,,0,7,0,0,21620,0,0,0,1,1,1,1,0,0,0
145259,Kurzel,,,,0,7,0,0,35230,0,0,0,1,1,1,1,0,0,0
145260,Tanzar,,,,0,7,0,0,21767,0,0,0,1,1,1,1,0,0,0
145264,Pygmy Ambusher,,,,0,7,0,0,32087,32090,32089,32088,0,1,0,0,60765,0,60764
145270,Mangy Hyena,,,,0,7,0,0,75324,0,0,0,1,1,1,1,0,0,0
145299,Harpoon Launcher,,,,0,9,0,0,68679,0,0,0,1,1,1,1,0,0,0
145346,Kil'karrok Commander,,,,0,7,0,0,91241,0,0,0,1,1,1,1,0,0,0
145359,Princess Talanji,,,,1,7,0,0,75898,0,0,0,1,1,1,1,126524,0,0
145360,Zolani,,Blade of the King,,1,7,0,0,77146,0,0,0,1,1,1,1,153584,0,0
145361,Wardruid Loti,,Zanchuli Council,,1,7,0,0,78971,0,0,0,1,1,1,1,128100,0,0
145362,Hexlord Raal,,Zanchuli Council,,1,7,0,0,78972,0,0,0,1,1,1,1,0,0,0
145363,Tze'na,,,,0,1,0,0,91358,0,0,0,1,1,1,1,0,0,0
145364,Mangy Hyena,,,,0,7,0,0,10270,0,0,0,1,1,1,1,0,0,0
145366,General Rakera,,Zanchuli Council,,1,7,0,0,89907,0,0,0,1,1,1,1,95790,94194,0
145367,Harkor,,,,0,7,0,0,21970,0,0,0,1,1,1,1,32912,0,0
145368,Pygmy Scout,,,,0,7,0,0,37141,0,0,0,0,1,1,1,60765,0,0
145377,Rokhan,,,,1,7,0,0,116250,0,0,0,1,1,1,1,182571,0,0
145385,Rastari Honor Guard,,,,1,7,0,0,79512,79771,79773,79774,1,1,1,1,153582,0,0
145406,Neferset Jailer,,,,0,7,0,0,35954,0,0,0,1,1,1,1,62491,0,5258
145414,Natal'hakata,,Zandalari Empire Emissary,,0,7,0,0,81509,0,0,0,1,1,1,1,0,0,0
145423,Thomas Zelling,,,,0,7,0,0,86536,0,0,0,1,1,1,1,0,0,0
145427,Horde Berserker,,,,0,7,0,0,89091,89092,89093,89094,1,1,1,1,164588,0,0
145428,Horde Berserker,,,,1,7,0,0,4601,0,0,0,1,1,1,1,164588,0,0
145429,Horde Berserker,,,,1,7,0,0,4260,0,0,0,1,1,1,1,164588,0,0
145450,Horde Cannon,,,,0,9,0,0,53699,0,0,0,1,1,1,1,0,0,0
145470,Siamat,,Lord of the South Wind,,1,7,0,0,35388,0,0,0,1,1,1,1,0,0,0
145471,Prince Nadun,,,,1,7,0,0,36171,0,0,0,1,1,1,1,0,0,0
145492,Neferset,,,,1,7,0,0,34617,0,0,0,1,1,1,1,0,0,0
145505,Horde Cannoneer,,,,1,7,0,0,86734,86737,86735,86736,1,1,1,1,0,0,0
145564,Thomas Zelling,,,,0,7,0,0,86536,0,0,0,1,1,1,1,0,0,0
145580,Lady Jaina Proudmoore,,,,1,7,0,0,87892,0,0,0,1,1,1,1,153575,0,0
145588,Thomas Zelling,,,,0,7,0,0,86536,0,0,0,1,1,1,1,0,0,0
145594,Mama Stormstout,,,,1,7,0,0,42691,0,0,0,1,1,1,1,164920,0,0
145607,Echo Actor,,,,0,7,0,0,88966,88965,88968,88969,1,1,1,1,0,0,0
145615,Lacto Basilisk,,,,1,1,130,0,65052,0,0,0,1,1,1,1,0,0,0
145643,High Commander Kamses,,,,0,7,0,0,36395,0,0,0,0,1,1,1,57027,0,5258
145646,Greater Colossus,,,,1,5,0,0,34573,0,0,0,0,1,1,1,3433,0,0
145647,Ramkahen Legionnaire,,,,0,7,0,0,35929,36171,0,0,1,1,1,1,62798,0,0
145648,Ramkahen Marksman,,,,0,7,0,0,35123,35117,0,0,1,1,1,1,0,0,52692
145671,Listen to Intro RP Credit,,,,0,10,0,0,20570,27823,0,0,0,1,1,1,0,0,0
145679,Ballista Echo,,,,0,7,0,0,89134,0,0,0,1,1,1,1,0,0,0
145692,Baine Bloodhoof,,High Chieftain,,1,7,0,0,30272,0,0,0,1,1,1,1,58367,0,0
145696,Shrine View,,,,0,10,0,0,11686,0,0,0,1,1,1,1,0,0,0
145711,Win Fight Credit,,,,0,10,0,0,11686,0,0,0,1,1,1,1,0,0,0
145712,Guessing Game Gold Credit,,,,0,10,0,0,11686,0,0,0,1,1,1,1,0,0,0
145713,Throw Fight Credit,,,,0,10,0,0,11686,0,0,0,1,1,1,1,0,0,0
145715,Arrive at Anglepoint Credit,,,,0,10,0,0,20570,27823,0,0,0,1,1,1,0,0,0
145730,Brother Bruen,,Dark Iron Demolishers,,0,7,0,0,88828,0,0,0,1,1,1,1,42281,42281,0
145745,Commander Schnottz,,,,0,7,0,0,35436,0,0,0,0,1,1,1,0,0,50147
145746,Menacing Emissary,,,,1,7,0,0,21616,0,0,0,1,1,1,1,0,0,0
145747,Menacing Emissary,,,,1,7,0,0,35779,0,0,0,1,1,1,1,0,0,0
145748,Menacing Emissary,,,,1,7,0,0,35778,0,0,0,1,1,1,1,0,0,0
145752,G.M.O.D,,,,1,9,0,0,89159,0,0,0,1,1,1,1,0,0,0
145754,G.M.O.D,,,,1,9,0,0,89159,0,0,0,1,1,1,1,0,0,0
145780,Lord Sylysthrel,,,,1,7,0,0,89165,0,0,0,1,1,1,1,132170,0,0
145782,Xan-Sallish,,Blade of the Watcher,,1,7,0,0,75006,0,0,0,1,1,1,1,0,0,0
145832,Place Sign Credit,,,,0,10,0,0,11686,0,0,0,1,1,1,1,0,0,0
145836,See Monster Credit,,,,0,10,0,0,11686,0,0,0,1,1,1,1,0,0,0
145840,Drink Moneybrau Credit,,,,0,10,0,0,11686,0,0,0,1,1,1,1,0,0,0
145841,Buy Drinks Credit,,,,0,10,0,0,11686,0,0,0,1,1,1,1,0,0,0
145844,Amberseed Bun Credit,,,,0,10,0,0,11686,0,0,0,1,1,1,1,0,0,0
145845,Frostnova Credit,,,,0,10,0,0,20570,27823,0,0,0,1,1,1,0,0,0
145846,Dedicated Embalmer,,,,0,7,0,0,85998,85999,0,0,1,1,1,1,0,0,0
145863,Goblin/Gnome Gossip Credit,,,,0,10,0,0,11686,0,0,0,1,1,1,1,0,0,0
145876,Harrison Jones,,,,0,7,0,0,22354,0,0,0,1,1,1,1,0,0,0
145904,Goblin Engineer,,,,1,7,0,3,88992,88993,88994,88995,1,1,1,1,0,0,0
145906,Horde Berserker,,,,0,7,0,0,89091,89092,89093,89094,1,1,1,1,164588,0,0
145930,Schnottz's Hot Air Balloon,,,,0,9,0,3,32237,0,0,0,0,1,1,1,0,0,0
145931,Brann Bronzebeard,,,,0,7,0,0,26353,0,0,0,1,1,1,1,0,0,0
145941,"Crushblow Peon, Rank 2",,,,0,10,0,0,1126,11686,0,0,0,1,1,1,0,0,0
145942,Senior Crushblow Peon,,,,0,10,0,0,1126,11686,0,0,0,1,1,1,0,0,0
145943,Lead Crushblow Peon,,,,0,10,0,0,1126,11686,0,0,0,1,1,1,0,0,0
145946,Horse Balloon,,,,0,12,0,0,89260,0,0,0,0,1,1,1,0,0,0
145947,Murloc Balloon,,,,0,12,0,0,89262,0,0,0,0,1,1,1,0,0,0
145948,Wolf Balloon,,,,0,12,0,0,89261,0,0,0,0,1,1,1,0,0,0
145965,Spirit of Vol'jin,,,,1,7,0,0,89267,21342,0,0,100,0,1,1,0,0,0
145966,Shade,,,,0,6,0,0,90426,0,0,0,1,1,1,1,0,0,0
145967,Fathom Ray,,,,0,1,34,3,90733,90730,0,0,1,1,1,1,0,0,0
145968,Leper Rat,,,,0,14,0,0,88785,0,0,0,1,1,1,1,0,0,0
145971,Cockroach,,,,0,14,0,0,89266,0,0,0,1,1,1,1,0,0,0
145981,Restless Spirit,,,,1,7,0,0,45072,0,0,0,100,1,1,1,0,0,0
145986,Automated Spider Tank,,,,0,14,0,0,31623,0,0,0,1,1,1,1,0,0,0
145988,Pulverizer Bot Mk 6001,,,,0,14,0,0,27578,0,0,0,1,1,1,1,0,0,0
145990,Autonomous Omni Chopper,,,,0,14,0,0,58770,0,0,0,1,1,1,1,0,0,0
145992,Katherine Proudmoore,,Proudmoore Admiralty,,1,7,0,0,76135,0,0,0,1,1,1,1,0,0,0
145993,Tandred Proudmoore,,,,1,7,0,0,88653,0,0,0,1,1,1,1,0,0,0
145995,Automated Drilling Machine,,,,0,14,0,0,88519,0,0,0,1,1,1,1,0,0,0
145996,Halford Wyrmbane,,7th Legion High Commander,,1,7,0,0,85758,0,0,0,0,1,1,1,118080,0,0
145997,Listen to Crash RP Credit,,,,0,10,0,0,20570,27823,0,0,0,1,1,1,0,0,0
145998,Ultimate Gnomish Remote Controller,,,,0,12,0,0,89269,0,0,0,1,1,1,1,0,0,0
146001,Prototype Annoy-O-Tron,,,,0,14,0,0,19013,0,0,0,1,1,1,1,0,0,0
146002,Gnomeregan Guard Wolf,,,,0,14,0,0,68855,0,0,0,1,1,1,1,0,0,0
146003,Gnomeregan Guard Tiger,,,,0,14,0,0,74804,0,0,0,1,1,1,1,0,0,0
146004,Gnomeregan Guard Mechanostrider,,,,0,14,0,0,14374,0,0,0,1,1,1,1,0,0,0
146005,Bloated Leper Rat,,L.R.O.U.S.,,0,14,0,0,88785,0,0,0,1,1,1,1,0,0,0
146006,Gnomish Rocket Chicken,,,,0,14,0,0,89270,0,0,0,1,1,1,1,0,0,0
146007,Master Mathias Shaw,,Leader of SI:7,,1,7,0,0,72253,0,0,0,1,1,1,1,47104,47104,0
146008,Kelsey Steelspark,,Gnomeregan Covert Ops,,0,7,0,0,31159,0,0,0,1,1,1,1,56090,0,0
146009,Falstad Wildhammer,,High Thane,,1,7,0,0,32681,0,0,0,1,1,1,1,30445,0,0
146011,Varok Saurfang,,,,1,7,0,0,90011,0,0,0,1,1,1,1,1905,0,0
146018,Bring Report Credit,,,,0,10,0,0,20570,27823,0,0,0,1,1,1,0,0,0
146020,Listen to Memorial RP Credit,,,,0,10,0,0,20570,27823,0,0,0,1,1,1,0,0,0
146029,Zolani,,Blade of the Queen,,1,7,0,0,90750,0,0,0,1,1,1,1,153584,0,0
146033,Ceremonial Warbeast,,,,0,1,0,0,83525,0,0,0,1,1,1,1,0,0,0
146042,Ceremonial Warbeast,,,,0,1,0,0,83525,0,0,0,1,1,1,1,0,0,0
146044,Princess Talanji,,,,1,7,0,0,75898,0,0,0,1,1,1,1,126524,0,0
146046,SlickSpill,,,,0,4,0,0,35936,0,0,0,1,1,1,1,0,0,0
146049,Anduin Wrynn,,King of Stormwind,,1,7,0,0,82047,0,0,0,1,1,1,1,152482,0,0
146068,Genn Greymane,,King of Gilneas,,1,7,0,0,62093,0,0,0,1,1,1,1,0,0,0
146071,Lion's Guard,,,,1,7,0,0,75855,75856,0,0,1,1,1,1,12890,79347,0
146075,Prophet Velen,,,,1,7,0,0,17822,0,0,0,1,1,1,1,152612,0,0
146090,Stand and Defend Controller,,,,0,10,0,0,81209,27823,0,0,0,1,1,1,0,0,0
146137,Meatball,,Bailiff,,1,7,0,0,501,0,0,0,1,1,1,1,0,0,0
146148,Ultra Safe Napalm Carrier,,,,0,9,0,0,88142,0,0,0,1,1,1,1,0,0,0
146150,Sludge Disposal Unit,,,,0,9,0,0,37140,0,0,0,1,1,1,1,0,0,0
146151,Freeze Ray Robot Prototype,,,,0,9,0,0,29280,0,0,0,1,1,1,1,0,0,0
146152,Memory of Death,,,,1,7,0,0,89849,0,0,0,100,1,1,1,0,0,0
146153,Kill Credit: Line 1,,,,1,7,0,3,89267,0,0,0,100,1,1,1,0,0,0
146176,Accelerated Defrosting Unit,,,,0,14,0,0,78122,0,0,0,1,1,1,1,0,0,0
146180,Princess Talanji,,,,1,7,0,0,75898,0,0,0,1,1,1,1,126524,0,0
146181,Living Permafrost,,,,0,14,0,0,35044,0,0,0,1,1,1,1,0,0,0
146182,Living Sludge,,,,0,14,0,0,34271,0,0,0,1,1,1,1,0,0,0
146183,Living Napalm,,,,0,14,0,0,58875,0,0,0,1,1,1,1,0,0,0
146199,Opening Statements Credit,,,,0,10,0,0,11686,0,0,0,1,1,1,1,0,0,0
146200,Testify Credit A,,,,0,10,0,0,11686,0,0,0,1,1,1,1,0,0,0
146201,Testify Credit B,,,,0,10,0,0,11686,0,0,0,1,1,1,1,0,0,0
146202,Testify Credit C,,,,0,10,0,0,11686,0,0,0,1,1,1,1,0,0,0
146203,Cross-Examination Credit,,,,0,10,0,0,11686,0,0,0,1,1,1,1,0,0,0
146204,Closing Statements Credit,,,,0,10,0,0,11686,0,0,0,1,1,1,1,0,0,0
146205,The Colossal Forge,,,,0,10,0,0,56187,11686,0,0,0,1,1,1,0,0,0
146207,Akunda,,,,1,1,0,0,84541,0,0,0,1,1,1,1,0,0,0
146213,Kimbul,,,,1,1,0,0,84536,0,0,0,1,1,1,1,0,0,0
146257,Zandalari Priestess,,,,1,7,0,0,85371,0,0,0,1,1,1,1,159118,0,0
146263,Princess Talanji,,,,1,7,0,0,75898,0,0,0,1,1,1,1,126524,0,0
146290,Spirit of Vol'jin,,,,1,7,0,0,89267,21342,0,0,100,0,1,1,0,0,0
146300,Start Trial Credit,,,,0,10,0,0,11686,0,0,0,1,1,1,1,0,0,0
146307,Kaldorei Sentinel,,,,0,7,0,0,89902,89903,89904,89905,1,1,1,1,164948,0,0
146335,Queen Talanji,,,,1,7,0,0,75898,0,0,0,1,1,1,1,126524,0,0
146339,Burly Sea Trooper,,,,0,7,0,0,34891,0,0,0,1,1,1,1,0,0,0
146344,Razzum,,,,0,9,154,0,70228,0,0,0,1,1,1,1,0,0,0
146355,Ha'nak,,,,1,1,0,0,89344,0,0,0,1,1,1,1,0,0,0
146359,Frazzum,,,,0,9,154,0,70229,0,0,0,1,1,1,1,0,0,0
146360,Unconscious Trooper,,,,0,7,0,0,35366,0,0,0,1,1,1,1,0,0,0
146377,Schnottz Bomber,,,,0,7,0,0,35395,0,0,0,1,1,1,1,0,0,0
146378,Kor'kron Flak Cannon,,,,1,9,0,0,44851,0,0,0,1,1,1,1,0,0,0
146403,Xal'atath,,Blade of the Black Empire,,1,7,0,0,89310,0,0,0,1,1,1,1,0,0,0
146404,Akunda the All-Knowing,,,,0,10,0,3,1126,11686,0,0,0,1,1,1,0,0,0
146418,Vian the Volatile,,,,1,7,0,0,41230,0,0,0,1,1,1,1,89144,0,0
146420,Kirrawk,,,,1,7,0,0,19606,0,0,0,1,1,1,1,87999,0,0
146422,Sanoriak,,,,1,7,0,0,12002,0,0,0,1,1,1,1,70691,0,0
146424,Akama,,,,1,7,0,0,47188,0,0,0,0,1,1,1,30699,30699,0
146427,Master Paku,,,,0,7,0,0,41568,0,0,0,1,1,1,1,0,0,0
146432,Chubo,,,,1,7,0,0,78305,0,0,0,1,1,1,1,19924,0,0
146441,Footman,,,,1,7,0,0,89217,0,0,0,1,1,1,1,1899,79347,0
146442,Grunt,,,,1,7,0,0,88370,0,0,0,1,1,1,1,163874,0,0
146468,Entrance,,,,0,10,0,0,1126,11686,0,0,0,1,1,1,0,0,0
146477,Return with Bombs Credit,,,,0,10,0,0,20570,27823,0,0,0,1,1,1,0,0,0
146478,Blow up Ships Credit,,,,0,10,0,0,20570,27823,0,0,0,1,1,1,0,0,0
146490,Lieutenant Cole,,,,0,10,0,0,89230,0,0,0,1,1,1,1,0,0,0
146500,Goblin Gyrocopter,,,,1,7,0,3,89712,0,0,0,1,1,1,1,0,0,0
146501,Derek Proudmoore,,,,0,7,0,0,89429,0,0,0,1,1,1,1,0,0,0
146502,Lightforged Beacon,,,,1,9,0,0,78194,0,0,0,1,1,1,1,0,0,0
146503,Goblin Gyrocopter,,,,1,7,0,3,89712,0,0,0,1,1,1,1,0,0,0
146521,Tyrande Whisperwind,,,,1,7,0,0,39623,0,0,0,1,1,1,1,0,0,0
146523,Shandris Feathermoon,,General of the Sentinel Army,,1,7,0,0,86964,0,0,0,1,1,1,1,45078,0,55048
146535,Horde Berserker,,,,0,7,0,0,89091,89092,89093,89094,1,1,1,1,164588,0,0
146538,Mag'har Cannoneer,,,,0,7,0,0,88421,88422,0,0,1,1,1,1,0,0,0
146550,Trade Prince Gallywix,,,,1,9,0,0,89159,0,0,0,1,1,1,1,0,0,0
146558,Pterrordax,,,,0,1,0,3,77065,0,0,0,0,1,1,1,0,0,0
146562,Pterrordax,,,,0,1,0,3,77065,0,0,0,0,1,1,1,0,0,0
146563,Pterrordax,,,,0,1,0,3,77065,0,0,0,0,1,1,1,0,0,0
146580,Huhahito,,,,0,12,0,0,37526,37527,0,0,1,0,1,1,0,0,0
146591,Pterrordax,,,,0,1,0,3,77065,0,0,0,0,1,1,1,0,0,0
146592,Schnottz Elite Trooper Corpse,,,,1,7,0,0,36073,36143,36144,36145,1,1,1,1,61969,0,61967
146604,Boots,,,,0,10,0,0,35400,0,0,0,0,1,1,1,0,0,0
146609,Highlord Demitrian,,,,1,7,0,0,14395,0,0,0,1,1,1,1,0,0,0
146610,Shade,,,,0,6,0,0,90427,0,0,0,1,1,1,1,0,0,0
146625,Kaldorei Rowboat,,,,0,10,0,3,77955,0,0,0,1,1,1,1,0,0,0
146627,Maiev Shadowsong,,,,1,7,0,0,89313,0,0,0,1,1,1,1,32425,0,32740
146629,Shandris Feathermoon,,General of the Sentinel Army,,1,7,0,0,86964,0,0,0,1,1,1,1,45078,0,55048
146630,Restless Spirit,,,,1,7,0,0,45072,0,0,0,100,1,1,1,14085,0,0
146649,Schnottz Fighter,,,,0,1,0,3,27666,0,0,0,1,1,1,1,0,0,0
146654,Lady Sylvanas Windrunner,,Warchief,,1,7,0,0,81857,0,0,0,1,1,1,1,0,0,42775
146671,Okri Putterwrench,,Outrigger Quartermaster,,0,7,0,0,80082,0,0,0,1,1,1,1,0,0,0
146673,Darkspear Hunter,,The Honorbound,,0,7,0,0,86650,86651,86652,86653,1,1,1,1,153589,0,0
146676,Sira Moonwarden,,Dark Warden,,1,7,0,0,65183,0,0,0,1,1,1,1,165224,165224,0
146687,Invisible Stalker,,,,0,10,0,0,56187,11686,0,0,0,1,1,1,0,0,0
146734,Spiritwalker Ebonhorn,,,,1,7,0,0,63690,0,0,0,1,1,1,1,119206,118005,0
146739,Maiev Shadowsong,,,,1,7,0,0,88959,0,0,0,1,1,1,1,32425,0,0
146747,Invisible Stalker,,,,0,10,0,0,56187,11686,0,0,0,1,1,1,0,0,0
146748,Invisible Stalker,,,,0,10,0,0,56187,11686,0,0,0,1,1,1,0,0,0
146753,Kul Tiran Marine,,,,1,7,0,0,86025,86026,0,0,1,1,1,1,159584,155825,0
146761,Flynn Fairwind,,,,1,7,0,0,76222,0,0,0,1,1,1,1,155766,155766,0
146775,Master Mathias Shaw,,Leader of SI:7,,1,7,0,0,72253,0,0,0,1,1,1,1,47104,47104,0
146795,Felhunter,,,,0,3,15,0,77398,0,0,0,1,1,1,1,0,0,0
146808,Derek Proudmoore,,,,0,7,0,0,89429,0,0,0,1,1,1,1,0,0,0
146810,Nathanos Blightcaller,,Champion of the Banshee Queen,,1,7,0,0,90858,0,0,0,1,1,1,1,65795,65795,5258
146811,Kul Tiran Corsair,,,,0,7,0,0,86028,0,0,0,1,1,1,1,0,0,0
146812,General Rakera,,,,1,7,0,0,90103,0,0,0,1,1,1,1,0,0,0
146814,Zandalari Warrior,,,,0,7,0,0,76564,79855,79771,79773,1,1,1,1,153584,0,0
146815,Schnottz Officer,,,,0,7,0,0,36049,36050,36051,36052,1,1,1,1,62504,0,61967
146821,Casteless Zandalari,,,,6,7,0,0,77184,77188,0,0,1,1,1,1,0,0,0
146824,Princess Talanji,,,,1,7,0,0,75898,0,0,0,1,1,1,1,126524,0,0
146851,Hexlord Raal,,Zanchuli Council,,1,7,0,0,78972,0,0,0,1,1,1,1,0,0,0
146858,Eyir,,,,0,7,0,0,74478,0,0,0,1,1,1,1,0,0,0
146865,Restless Spirit,,,,1,7,0,0,45072,0,0,0,100,1,1,1,0,0,0
146868,Trained Pterrordax,,,,0,1,0,3,77065,80993,80970,0,1,1,1,1,0,0,0
146877,Princess Talanji,,,,1,7,0,0,75898,0,0,0,1,1,1,1,126524,0,0
146878,Spirit of Vol'jin,,,,1,7,0,0,89267,0,0,0,100,1,1,1,0,0,0
146908,Kill Credit: Line 2,,,,1,7,0,3,89267,0,0,0,100,1,1,1,0,0,0
146909,Kill Credit: Line 3,,,,1,7,0,3,89267,0,0,0,100,1,1,1,0,0,0
146915,Falstad Wildhammer,,High Thane,,1,7,0,0,87726,0,0,0,1,1,1,1,0,0,0
146916,Fire,,,,0,10,0,0,81209,27823,0,0,0,1,1,1,0,0,0
146921,Princess Talanji,,,,1,7,0,0,75898,0,0,0,1,1,1,1,126524,0,0
146923,Princess Talanji,,,,1,7,0,0,75898,0,0,0,1,1,1,1,126524,0,0
146925,Restless Spirit,,,,1,7,0,0,45072,0,0,0,100,1,1,1,14085,0,0
146931,Rexxar,,,,1,7,0,0,60766,0,0,0,1,1,1,1,10612,10612,0
146932,Door Control Console,,,,0,9,0,0,89449,0,0,0,1,1,1,1,0,0,0
146944,Horde Soldier,,The Honorbound,,0,7,0,0,86644,86646,81785,86734,1,1,1,1,0,0,0
146964,Nathanos Blightcaller,,Champion of the Banshee Queen,,1,7,0,0,90858,0,0,0,1,1,1,1,65795,65795,55305
146965,Forsaken Battleguard,,,,1,7,0,0,81649,81650,81651,81652,1,1,1,1,107962,49777,0
146968,Lilian Voss,,,,1,7,0,0,85799,0,0,0,1,1,1,1,0,0,0
146969,Arcanist Valtrois,,,,0,7,0,0,73854,0,0,0,0,1,1,1,0,0,0
146971,Baine Bloodhoof,,High Chieftain,,1,7,0,0,30272,0,0,0,1,1,1,1,58367,0,0
146973,Garona Halforcen,,,,1,7,0,0,89342,0,0,0,1,1,1,1,61297,61297,0
146974,01 Plan Listen Credit,,,,0,10,0,0,20570,27823,0,0,0,1,1,1,0,0,0
146975,01 Meet Jaina in Xibala Credit,,,,0,10,0,0,20570,27823,0,0,0,1,1,1,0,0,0
146982,Lady Jaina Proudmoore,,,,1,7,0,0,87892,0,0,0,1,1,1,1,153575,0,0
146984,Princess Talanji,,,,1,7,0,0,75898,0,0,0,1,1,1,1,126524,0,0
146985,Kill Credit: Escape the Frozen Throne,,,,1,7,0,3,89267,0,0,0,100,1,1,1,0,0,0
146986,The Lich King,,,,1,6,0,0,64011,0,0,0,1,1,1,1,0,0,0
146995,Spirit of Vol'jin,,,,1,7,0,0,89267,0,0,0,100,1,1,1,0,0,0
147003,Ghoul,,,,0,6,0,0,1065,987,828,0,1,1,1,1,0,0,0
147011,Princess Talanji,,,,1,7,0,0,75898,0,0,0,1,1,1,1,126524,0,0
147028,Trueshot Marksman,,,,0,7,0,0,89499,89500,89501,89502,1,1,1,1,0,0,159130
147032,Nathanos Blightcaller,,Champion of the Banshee Queen,,1,7,0,0,66644,0,0,0,1,1,1,1,65795,65795,55305
147064,Stand and Defend Controller,,,,0,10,0,0,81209,27823,0,0,0,1,1,1,0,0,0
147066,Horde Berserker,,,,0,7,0,0,89545,89550,89552,89553,1,1,1,1,164588,0,0
147074,Bladeguard Kaja,,,,1,7,0,0,80740,0,0,0,1,1,1,1,94106,0,0
147075,General Rakera,,,,1,7,0,0,90103,0,0,0,1,1,1,1,0,0,0
147091,Rokhan,,,,1,7,0,0,116250,0,0,0,1,1,1,1,0,0,0
147096,Citizen of Zandalar,,,,0,7,0,0,82599,82600,82603,82604,1,1,1,1,0,0,0
147116,Vicious War Raptor,,,,0,1,11,0,60575,0,0,0,1,1,1,1,0,0,0
147121,Riding Raptor,,,,0,1,0,0,80358,0,0,0,1,1,1,1,0,0,0
147122,Riding Raptor,,,,0,1,0,0,80358,0,0,0,1,1,1,1,0,0,0
147123,Riding Raptor,,,,0,1,0,0,80358,0,0,0,1,1,1,1,0,0,0
147135,Nathanos Blightcaller,,Champion of the Banshee Queen,,1,7,0,0,90858,0,0,0,1,1,1,1,65795,65795,5258
147139,Hexlord Raal,,Zanchuli Council,,1,7,0,0,78972,0,0,0,1,1,1,1,0,0,0
147141,Grounded Pterrordax,,,,0,1,0,0,77065,80993,80970,0,1,1,1,1,0,0,0
147142,Siege Monstrosity,,,,1,6,39,0,78169,0,0,0,0,1,1,1,0,0,0
147145,Nathanos Blightcaller,,Champion of the Banshee Queen,,1,7,0,0,90858,0,0,0,1,1,1,1,65795,65795,5258
147153,Rexxar,,,,1,7,0,0,60766,0,0,0,1,1,1,1,0,0,0
147155,Patch,,Gob Squad,,0,7,0,0,30315,0,0,0,1,1,1,1,0,49617,45937
147161,Broken A.F.M.O.D.,,Gob Squad,,1,9,0,0,84125,0,0,0,1,1,1,1,0,0,0
147164,Invisible Stalker,,,,0,10,0,0,56187,11686,0,0,0,1,1,1,0,0,0
147172,Ticker,,Gob Squad,,0,7,0,0,30314,0,0,0,1,1,1,1,0,0,47523
147196,Volt,,Gob Squad,,0,7,0,0,30313,0,0,0,1,1,1,1,0,0,0
147197,Newt,,Gob Squad,,0,7,0,0,30316,0,0,0,1,1,1,1,0,0,0
147198,Grit,,Gob Squad,,0,7,0,0,30312,0,0,0,1,1,1,1,0,0,0
147209,Priscilla Ashvane,,,,0,7,0,0,76291,0,0,0,1,1,1,1,0,0,155816
147211,Grit,,Gob Squad,,0,7,0,0,30312,0,0,0,1,1,1,1,0,0,0
147212,Newt,,Gob Squad,,0,7,0,0,30316,0,0,0,1,1,1,1,0,0,0
147213,Volt,,Gob Squad,,0,7,0,0,30313,0,0,0,1,1,1,1,0,0,0
147214,Ticker,,Gob Squad,,0,7,0,0,30314,0,0,0,1,1,1,1,0,0,47523
147216,Spirit of Vol'jin,,,,1,7,0,0,89267,0,0,0,100,1,1,1,0,0,0
147221,Redridge Tarantula,,,,0,12,0,0,89609,0,0,0,1,1,1,1,0,0,0
147223,A.F.M.O.D.,,Gob Squad,,1,9,0,0,84125,0,0,0,1,1,1,1,0,0,0
147231,War Guardian,,,,1,4,0,0,80925,0,0,0,1,1,1,1,0,0,0
147233,Rokhan,,,,1,7,0,0,116250,0,0,0,1,1,1,1,0,0,0
147235,A.F.M.O.D.,,Gob Squad,,0,9,0,0,84125,0,0,0,1,1,1,1,0,0,0
147252,Disgruntled Zuldazar Citizen,,,,0,7,0,0,80534,80535,80536,80537,1,1,1,1,0,0,0
147254,Kyra,,,,1,7,0,3,67155,0,0,0,100,1,1,1,0,0,0
147267,Royal Guardian,,,,1,4,0,0,80925,0,0,0,1,1,1,1,0,0,0
147279,Princess Talanji,,,,1,7,0,0,75898,0,0,0,1,1,1,1,126524,0,0
147280,Stalker Mojica,,,,1,7,0,0,87639,0,0,0,1,1,1,1,155289,0,155275
147282,Royal Guardian,,,,1,4,0,0,80925,0,0,0,1,1,1,1,0,0,0
147283,Enforcer Gortok,,,,1,7,0,0,80998,0,0,0,1,1,1,1,153584,0,0
147285,Otoye,,,,1,7,0,0,89625,0,0,0,1,1,1,1,153584,0,0
147288,Night Elf Sentinel,,,,0,7,0,0,88710,88711,88543,88541,1,1,1,1,0,0,0
147304,War Guardian,,,,1,4,0,0,80925,0,0,0,1,1,1,1,0,0,0
147305,Zandalari Warrior,,,,0,7,0,0,76564,79855,79771,79773,1,1,1,1,153584,0,0
147306,Horde Berserker,,,,0,7,0,0,89545,89550,89552,89553,1,1,1,1,164588,0,0
147312,Bomb Bot,,,,0,9,0,0,6977,0,0,0,1,1,1,1,0,0,0
147313,A.F.M.O.D.,,Gob Squad,,0,9,0,0,84125,0,0,0,1,1,1,1,0,0,0
147316,Bomb Crusher 5000,,,,0,9,0,0,68988,0,0,0,1,1,1,1,0,0,0
147317,Riding Raptor,,,,0,1,0,0,80358,0,0,0,1,1,1,1,0,0,0
147318,Riding Raptor,,,,0,1,0,0,80358,0,0,0,1,1,1,1,0,0,0
147319,Riding Raptor,,,,0,1,0,0,80358,0,0,0,1,1,1,1,0,0,0
147320,Urok,,,,1,6,39,0,84196,0,0,0,0,1,1,1,0,0,0
147321,Venomjaw,,,,4,1,6,0,40269,0,0,0,1,1,1,1,0,0,0
147322,Ayame,,The Creeping Death,,1,1,35,0,61773,0,0,0,1,1,1,1,0,0,0
147324,Princess Talanji,,,,1,7,0,0,75898,0,0,0,1,1,1,1,126524,0,0
147325,Rokhan,,,,1,7,0,0,116250,0,0,0,1,1,1,1,0,0,0
147345,Lady Sylvanas Windrunner,,Warchief,,1,7,0,0,86014,0,0,0,1,1,1,1,2179,0,42775
147352,Horde Banner,,,,0,7,0,0,77995,0,0,0,1,1,1,1,0,0,0
147363,Horde Berserker,,,,0,7,0,0,89545,89550,89552,89553,1,1,1,1,164588,0,0
147368,General Rakera,,,,1,7,0,0,80739,0,0,0,1,1,1,1,153584,0,0
147370,Bladeguard Kaja,,,,1,7,0,0,80740,0,0,0,1,1,1,1,94106,0,0
147371,Horde Berserker,,,,0,7,0,0,89091,89092,89093,89094,1,1,1,1,164588,0,0
147383,Princess Talanji,,,,1,7,0,0,75898,0,0,0,1,1,1,1,126524,0,0
147390,War Guardian,,,,1,4,0,0,80925,0,0,0,1,1,1,1,0,0,0
147398,Spell Bunny,,,,0,10,0,0,1126,11686,0,0,0,1,1,1,0,0,0
147415,Soldier,,,,1,7,0,0,87371,0,0,0,1,1,1,1,0,0,0
147424,Pulverizer Bot Mk 6001,,,,0,9,0,0,27578,0,0,0,1,1,1,1,0,0,0
147470,Genn Greymane,,King of Gilneas,,1,7,0,0,31177,0,0,0,1,1,1,1,0,0,0
147472,Master Mathias Shaw,,Leader of SI:7,,1,7,0,0,72253,0,0,0,1,1,1,1,47104,47104,0
147488,Arcanist Valtrois,,,,1,7,0,0,73854,0,0,0,0,1,1,1,0,0,0
147494,Lady Jaina Proudmoore,,,,1,7,0,0,87892,0,0,0,1,1,1,1,153575,0,0
147507,Skycarver Krakit,,,,4,7,0,0,83840,0,0,0,1,1,1,1,160050,0,0
147508,Faithless Champion,,,,0,7,0,0,83716,0,0,0,1,1,1,1,151334,0,0
147510,Skycaller Skerrit,,,,0,7,0,0,83730,0,0,0,0.5,1,1,1,151335,0,0
147539,Foundry Worker,,,,0,7,0,0,89731,89732,0,0,1,1,1,1,45123,0,0
147548,Zandalari Ballista,,,,1,10,0,0,82007,0,0,0,1,1,1,1,0,0,0
147553,Flynn Fairwind,,,,1,7,0,0,76222,0,0,0,1,1,1,1,155766,155766,0
147564,Opulence,,,,1,15,0,0,89251,0,0,0,1,1,1,1,0,0,0
147565,Sentinel,,,,0,7,0,0,89902,89903,0,0,1,1,1,1,0,0,165350
147570,Prophet Velen,,,,1,7,0,0,17822,0,0,0,1,1,1,1,0,0,0
147575,Master Harvester,,,,0,9,0,0,84427,0,0,0,1,1,1,1,0,0,0
147576,Rewired Harvester,,,,0,9,0,0,87787,0,0,0,1,1,1,1,0,0,0
147577,Harvester Smasher,,,,0,7,0,0,81320,0,0,0,1,1,1,1,155758,0,0
147578,Cannon,,,,0,10,0,3,1126,11686,0,0,0,1,1,1,0,0,0
147579,Flame Wall,,,,0,10,0,3,81209,27823,0,0,0,1,1,1,0,0,0
147582,Zandalari Warrior,,,,0,7,0,0,76564,79855,79771,79773,1,1,1,1,153584,0,0
147583,Feathers,,,,0,12,0,3,90422,0,0,0,1,1,1,1,0,0,0
147585,Spawn of Krag'wa,,,,0,12,0,0,77989,0,0,0,1,1,1,1,0,0,0
147586,Child of Pa'ku,,,,0,12,0,3,30298,0,0,0,1,1,1,1,0,0,0
147587,Thunder Lizard Runt,,,,0,12,0,0,89742,0,0,0,1,1,1,1,0,0,0
147589,High Tinker Mekkatorque,,King of Gnomes,,1,9,0,0,89236,0,0,0,0,1,1,1,0,0,0
147601,Zandalari Warrior,,,,0,7,0,0,76564,79855,79771,79773,1,1,1,1,153584,0,0
147619,Mechantula,,,,0,12,0,0,90411,0,0,0,1,1,1,1,0,0,0
147629,Greyguard,,,,1,7,0,0,75877,0,0,0,1,1,1,1,3197,0,52052
147630,Greyguard,,,,1,7,0,0,75910,0,0,0,1,1,1,1,3197,0,52052
147671,Mechanical Cockroach,,,,0,12,0,0,88790,0,0,0,1,1,1,1,0,0,0
147679,Leper Rat,,,,0,12,0,0,88785,0,0,0,1,1,1,1,0,0,0
147685,Riding Raptor,,,,0,1,0,0,80358,0,0,0,1,1,1,1,0,0,0
147686,Riding Raptor,,,,0,1,0,0,80358,0,0,0,1,1,1,1,0,0,0
147692,Alarm-o-Dog,,,,0,12,0,0,89767,0,0,0,1,1,1,1,0,0,0
147694,Rabbit,,,,0,14,0,0,328,4626,0,0,1,1,1,1,0,0,0
147700,Tyrande Whisperwind,,The Night Warrior,,1,7,0,0,88865,0,0,0,1,1,1,1,164726,0,0
147704,Azerite War Machine,,,,1,9,0,0,84872,0,0,0,1,1,1,1,0,0,0
147705,Siege Tank Turret,,,,1,9,0,0,85239,0,0,0,1,1,1,1,0,0,0
147707,Hexlord Raal,,Zanchuli Council,,1,7,0,3,78972,0,0,0,1,1,1,1,0,0,0
147715,Hexlord Raal,,Zanchuli Council,,1,7,0,0,78972,0,0,0,1,1,1,1,0,0,0
147716,Hexlord Raal,,Zanchuli Council,,1,7,0,3,77075,0,0,0,1,1,1,1,0,0,0
147722,Royal Pterrordax,,,,0,1,0,3,87044,0,0,0,0,1,1,1,0,0,0
147724,Bridgeport Guard,,,,1,7,0,0,81351,81352,81353,81354,1,1,1,1,155799,155837,155816
147732,Scenario Complete Credit,,,,0,10,0,0,20570,27823,0,0,0,1,1,1,0,0,0
147740,Wave Conversation Bunny,,,,0,10,0,0,81209,27823,0,0,0,1,1,1,0,0,0
147747,Dynamite Jack,,,,0,7,0,3,89779,0,0,0,1,1,1,1,2884,0,0
147755,Dynamite Bundle,,,,0,9,0,0,39092,0,0,0,1,1,1,1,0,0,0
147756,Drunken Sailors,,,,0,7,0,0,88501,88547,88517,78479,1,1,1,1,155802,161297,0
147798,Halford Wyrmbane,,7th Legion High Commander,,1,7,0,0,85758,0,0,0,0,1,1,1,118080,0,0
147800,Master Mathias Shaw,,Leader of SI:7,,1,7,0,0,72253,0,0,0,1,1,1,1,47104,47104,0
147801,Lady Jaina Proudmoore,,,,1,7,0,0,87892,0,0,0,1,1,1,1,153575,0,0
147803,Genn Greymane,,King of Gilneas,,1,7,0,0,62093,0,0,0,1,1,1,1,0,0,0
147814,Genn Greymane,,King of Gilneas,,1,7,0,0,31177,0,0,0,1,1,1,1,0,0,0
147820,Kul Tiran Noble,,,,0,7,0,0,82545,82543,82612,82546,1,1,1,1,0,0,0
147821,Infused Gnarled Hulk,,,,1,15,0,0,79366,79395,79396,0,1,1,1,1,0,0,0
147822,Crimson Evoker,,,,0,7,0,0,80304,80764,82073,0,1,1,0,1,0,0,0
147823,Cursed Brambleback,,,,0,1,4,0,86786,0,0,0,1,1,1,1,0,0,0
147838,Mini Spider Tank,,,,0,12,0,0,31623,0,0,0,1,1,1,1,0,0,0
147842,Lady Jaina Proudmoore,,,,1,7,0,0,87892,0,0,0,1,1,1,1,153575,0,0
147843,Master Mathias Shaw,,Leader of SI:7,,1,7,0,0,72253,0,0,0,1,1,1,1,47104,47104,0
147849,Jadeflare,,,,4,4,0,0,51120,0,0,0,1,1,1,1,0,0,0
147850,Scheming Flame,,,,0,4,0,0,86979,0,0,0,1,1,1,1,0,0,0
147851,Fire Spirit,,,,0,4,0,0,86978,0,0,0,1,1,1,1,0,0,0
147853,Wall-Breaker Ha'vik,,,,2,1,41,0,48861,0,0,0,1,1,1,1,0,0,0
147854,Blade-Dancer Zorlak,,,,2,7,0,0,86390,0,0,0,1,1,1,1,86527,86527,0
147855,Zara'thik Battlesinger,,,,0,7,0,0,86376,0,0,0,1,1,1,1,85776,0,0
147857,Cannonmaster Arlin,,,,2,7,0,0,88346,0,0,0,1,1,1,1,54825,0,12523
147858,Shipless Jimmy,,Former Captain,,2,7,0,0,88344,0,0,0,1,1,1,1,37667,37667,0
147859,Shipwrecked Smuggler,,,,0,7,0,0,87479,0,0,0,1,1,1,1,54825,0,12523
147860,Torus,,Construct of the Sun,,2,7,0,0,85929,0,0,0,1,1,1,1,55875,0,0
147862,Asennu,,Construct of Life,,2,7,0,0,85932,0,0,0,1,1,1,1,72827,0,0
147863,Amathet Zealot,,,,0,7,0,0,34550,0,0,0,1,1,1,1,86863,0,0
147864,Hisskarath,,Dreadfang Egg-Mother,,2,1,35,0,2954,0,0,0,1,1,1,1,0,0,0
147865,Deathsting Broodwatcher,,,,1,1,20,0,37539,0,0,0,1,1,1,1,0,0,0
147866,Bloodgorger,,,,4,1,24,3,57485,0,0,0,1,1,1,1,0,0,0
147869,Sigrid the Shroud-Weaver,,,,2,6,0,0,86050,0,0,0,1,1,1,1,35942,0,0
147870,Tide-Cursed Mistress,,,,4,6,0,0,86048,0,0,0,1,1,1,1,77076,0,0
147871,Kvaldir Mistcaller,,,,0,6,0,0,86033,0,0,0,1,1,1,1,77076,0,0
147872,Broodqueen Vyl'tilac,,,,2,1,3,0,72245,0,0,0,1,1,1,1,0,0,0
147873,Broodqueen Cindrix,,,,2,1,3,0,66865,0,0,0,1,1,1,1,0,0,0
147874,Kindleweb Creeper,,,,0,1,3,0,38758,0,0,0,1,1,1,1,0,0,0
147877,Grand Master Ulrich,,,,4,7,0,0,89461,0,0,0,1,1,1,1,35514,0,0
147878,Kefolkis the Unburied,,,,4,2,0,0,27066,0,0,0,1,1,1,1,0,0,0
147879,Skeleton Guardian,,,,1,7,0,0,40707,0,0,0,1,1,1,1,0,0,0
147880,Dargulf the Spirit-Seeker,,,,2,7,0,0,70259,0,0,0,1,1,1,1,128100,0,0
147881,Uvuld the Foreseer,,,,4,7,0,0,64208,0,0,0,1,1,1,1,55326,116709,0
147882,Bloodwake Marauder,,,,0,7,0,0,87148,87149,0,0,1,1,1,1,38181,38181,0
147884,Wicker Wraith,,,,0,12,0,0,86573,0,0,0,1,1,1,1,0,0,0
147886,Lady Jaina Proudmoore,,,,1,7,0,0,87892,0,0,0,1,1,1,1,153575,0,0
147887,Master Mathias Shaw,,Leader of SI:7,,1,7,0,0,72253,0,0,0,1,1,1,1,47104,47104,0
147888,Halford Wyrmbane,,7th Legion High Commander,,1,7,0,0,85758,0,0,0,0,1,1,1,118080,0,0
147889,Dark Ranger Alina,,,,0,7,0,0,85856,85857,85858,0,0,1,1,1,0,0,18680
147890,Genn Greymane,,King of Gilneas,,1,7,0,0,62093,0,0,0,1,1,1,1,0,0,0
147956,Lost Memory,,,,1,7,0,0,89833,0,0,0,100,1,1,1,14085,0,0
147959,Lost Memory,,,,1,7,0,0,89833,0,0,0,100,1,1,1,14085,0,0
147960,Lost Memory,,,,1,7,0,0,89833,0,0,0,100,1,1,1,14085,0,0
147961,Lost Memory,,,,1,7,0,0,89833,0,0,0,100,1,1,1,0,0,0
147962,01 Meeting Listen Credit,,,,0,10,0,0,20570,27823,0,0,0,1,1,1,0,0,0
147963,01 Speak with Anduin Credit,,,,0,10,0,0,20570,27823,0,0,0,1,1,1,0,0,0
147991,Zandalari Warrior,,,,0,7,0,0,76564,79855,79771,79773,1,1,1,1,153584,0,0
147992,Horde Berserker,,,,0,7,0,0,89545,89550,89552,89553,1,1,1,1,164588,0,0
147997,Dread Felguard,,,,0,3,0,0,66003,0,0,0,1,1,1,1,147522,0,0
148001,Kaldorei Huntress,,,,0,7,0,0,88840,88879,71865,71863,3,1,1,1,144320,153542,0
148003,War Guardian,,,,1,4,0,0,80925,0,0,0,1,1,1,1,0,0,0
148004,Honorbound Conqueror,,,,0,7,0,0,88370,88371,88367,0,1,1,1,1,155839,119203,0
148005,Lady Sylvanas Windrunner,,The Banshee Queen,,1,7,0,0,28213,0,0,0,1,1,1,1,2179,0,42775
148009,Skeletal Horse,,,,0,6,0,0,89840,0,0,0,1,1,1,1,0,0,0
148015,Taelia Fordragon,,,,0,7,0,0,90260,0,0,0,1,1,1,1,166781,0,0
148024,Dodger,,Pet Smuggler,,0,7,0,3,89845,0,0,0,1,1,1,1,0,0,0
148026,Hired Guard,,,,0,7,0,0,83862,0,0,0,1,1,1,1,15241,0,6886
148027,Hired Guard,,,,0,7,0,0,83890,0,0,0,1,1,1,1,15905,0,6886
148029,Patch,,Gob Squad,,0,7,0,0,30315,0,0,0,1,1,1,1,0,0,0
148032,Newt,,Gob Squad,,0,7,0,0,30316,0,0,0,1,1,1,1,0,0,0
148033,Volt,,Gob Squad,,0,7,0,0,30313,0,0,0,1,1,1,1,0,0,0
148034,Ticker,,Gob Squad,,0,7,0,0,30314,0,0,0,1,1,1,1,0,0,47523
148080,Olly,,Pet Smuggler,,0,7,0,3,77188,0,0,0,1,1,1,1,0,0,0
148086,Skullsplitter Thug,,,,0,7,0,0,4622,81044,81045,81046,1,1,1,1,0,0,0
148097,Princess Talanji,,,,1,7,0,0,75898,0,0,0,1,1,1,1,126524,0,0
148100,Ash'alah,,,,1,1,0,0,89248,0,0,0,1,1,1,1,0,0,0
148101,Ash'alah,,,,1,1,0,0,89248,0,0,0,1,1,1,1,0,0,0
148102,Ash'alah,,,,1,1,0,0,89156,0,0,0,1,1,1,1,0,0,0
148104,Bwonsamdi,,Loa of Death,,1,7,0,2,89900,0,0,0,100,1,1,1,154134,0,0
148108,G.M.O.D,,,,1,7,0,0,89159,0,0,0,1,1,1,1,0,0,0
148120,Kul Tiran Marine,,,,1,7,0,0,86025,86026,0,0,1,1,1,1,159584,155825,0
148156,Curious Jellyfish,,,,0,8,0,0,89899,0,0,0,1,1,1,1,0,0,0
148162,Kaldorei Sentinel,,,,0,7,0,0,89378,89379,89380,89381,1,1,1,1,0,0,0
148177,Lady Jaina Proudmoore,,,,1,7,0,0,87892,0,0,0,1,1,1,1,153575,0,0
148179,Warbound Raider,,,,0,7,0,0,59634,59635,59636,59637,1,1,1,1,120119,0,0
148180,Genn Greymane,,King of Gilneas,,1,7,0,0,31177,0,0,0,1,1,1,1,0,0,0
148181,Master Mathias Shaw,,Leader of SI:7,,1,7,0,0,72253,0,0,0,1,1,1,1,47104,47104,0
148208,Shielded Azerite Tank,,,,1,9,0,3,85236,0,0,0,1,1,1,1,0,0,0
148211,Lieutenant Cole,,,,0,7,0,0,89916,0,0,0,1,1,1,1,0,0,0
148227,Spell Bunny,,,,0,10,0,0,1126,11686,0,0,0,1,1,1,0,0,0
148258,Lightforged Paladin,,,,0,7,0,0,89211,89213,88490,88492,0.1,0.1,0.15,0.15,0,0,0
148266,High Tinker Mekkatorque,,King of Gnomes,,1,9,0,3,89236,0,0,0,0,1,1,1,0,0,0
148268,Spell Bunny,,,,0,10,0,0,1126,11686,0,0,0,1,1,1,0,0,0
148283,High Tinker Mekkatorque,,King of Gnomes,,1,9,0,3,89236,0,0,0,0,1,1,1,0,0,0
148285,Genn Greymane,,King of Gilneas,,1,7,0,0,31177,0,0,0,1,1,1,1,0,0,0
148286,Master Mathias Shaw,,Leader of SI:7,,1,7,0,0,72253,0,0,0,1,1,1,1,47104,47104,0
148295,Ivus the Decayed,,,,2,4,0,0,89962,0,0,0,0,1,1,1,0,0,0
148299,Spell Bunny,,,,0,10,0,0,1126,11686,0,0,0,1,1,1,0,0,0
148305,Electrified Jellyfish,,,,0,1,0,3,63972,63971,63970,0,1,1,1,1,0,0,0
148310,Carter Riptide,,,,0,7,0,0,86025,0,0,0,1,1,1,1,0,0,0
148311,Edward Nash,,,,0,7,0,0,86026,0,0,0,1,1,1,1,0,0,0
148312,Tamara Barrie,,,,0,7,0,0,86027,0,0,0,1,1,1,1,0,0,0
148313,Emma Swiftwind,,,,0,7,0,0,86028,0,0,0,1,1,1,1,0,0,0
148339,Patch,,Gob Squad,,0,7,0,0,30315,0,0,0,1,1,1,1,0,0,0
148355,Gral,,,,1,1,0,3,84538,0,0,0,1,1,1,1,0,0,0
148358,Jani,,,,1,1,0,0,84543,0,0,0,1,1,1,1,0,0,0
148359,Sethraliss,,,,1,1,0,0,89978,0,0,0,1,1,1,1,0,0,0
148363,Torcali,,,,1,1,0,0,84542,0,0,0,1,1,1,1,0,0,0
148365,Zanza,,,,1,1,0,0,89992,0,0,0,1,1,1,1,0,0,0
148368,Tree,,,,0,10,0,0,89097,0,0,0,1,1,1,1,0,0,0
148372,Otoye,,,,0,7,0,0,89625,0,0,0,1,1,1,1,153584,0,0
148404,Mechagon - Critters,,,,0,12,0,0,78845,78839,78844,68290,1,1,1,1,0,0,0
148407,Princess Talanji,,,,1,7,0,0,75898,0,0,0,1,1,1,1,126524,0,0
148425,Bilgewater Goblin,,,,0,7,0,0,86756,86757,86778,86779,1,1,1,1,0,0,0
148440,Trade Prince Gallywix,,,,1,7,0,0,89159,0,0,0,1,1,1,1,0,0,0
148469,Honorbound Skytearer,,,,0,7,0,0,89499,89502,0,0,1,1,1,1,0,0,159130
148492,Chomps,,,,0,9,154,0,68852,0,0,0,1,1,1,1,0,0,0
148493,Rusty,,,,0,9,154,0,68855,0,0,0,1,1,1,1,0,0,0
148517,Baby Zandalari Raptor,,,,0,14,0,0,90027,90031,0,0,1,1,1,1,0,0,0
148520,Dasher,,,,0,12,0,0,90028,0,0,0,1,1,1,1,0,0,0
148521,Master Mathias Shaw,,Leader of SI:7,,1,7,0,0,72253,0,0,0,1,1,1,1,47104,47104,0
148524,Trecker,,,,0,12,0,0,90029,0,0,0,1,1,1,1,0,0,0
148525,Tanzil,,,,0,12,0,0,90030,0,0,0,1,1,1,1,0,0,0
148528,Restless Bones,,,,0,6,0,0,89911,0,0,0,1,1,1,1,0,0,0
148529,Gnomish Engineer,,,,0,7,0,0,66546,66548,66552,66557,1,1,1,1,0,0,163889
148539,Kul Tiran Gryphon,,,,0,7,0,3,83664,0,0,0,1,1,1,1,0,0,0
148542,Proper Parrot,,,,0,12,0,3,80413,0,0,0,1,1,1,1,0,0,0
148544,Ball and chain bunny,,,,0,10,0,0,81212,27823,0,0,0,1,1,1,0,0,0
148548,Ball and chain bunny,,,,0,10,0,0,81212,27823,0,0,0,1,1,1,0,0,0
148582,Stormbound Guardian,,,,1,9,0,0,84924,0,0,0,1,1,1,1,0,0,0
148587,Edward Nash,,,,0,7,0,0,86026,0,0,0,1,1,1,1,155691,0,0
148588,Emma Swiftwind,,,,0,7,0,0,86028,0,0,0,1,1,1,1,155691,0,0
148589,Tamara Barrie,,,,0,7,0,0,86027,0,0,0,1,1,1,1,155691,0,0
148629,Master Mathias Shaw,,Leader of SI:7,,1,7,0,0,72253,0,0,0,1,1,1,1,47104,47104,0
148643,Lady Jaina Proudmoore,,,,1,7,0,0,87892,0,0,0,1,1,1,1,153575,0,0
148675,Genn Greymane,,King of Gilneas,,1,7,0,0,31177,0,0,0,1,1,1,1,0,0,0
148678,Portal Taken Credit,,,,0,10,0,0,20570,27823,0,0,0,1,1,1,0,0,0
148693,Skeletal Serpent,,,,0,6,27,3,32442,0,0,0,1,1,1,1,0,0,0
148701,Rokhan,,,,1,7,0,0,116250,0,0,0,1,1,1,1,0,0,0
148705,Royal Pterrordax,,,,0,1,0,3,87044,0,0,0,0,1,1,1,0,0,0
148718,Death Specter,,,,0,6,0,2,89722,89723,0,0,1,1,1,1,0,0,0
148722,Captain Zadari,,,,1,7,0,0,81685,0,0,0,1,1,1,1,0,0,0
148740,Ice Wall Sound Bunny,,,,0,10,0,3,20570,27823,0,0,0,1,1,1,0,0,0
148769,Goblin Pummeler,,,,1,9,0,0,84125,0,0,0,1,1,1,1,0,0,0
148771,Princess Talanji,,,,1,7,0,0,75898,0,0,0,1,1,1,1,126524,0,0
148773,Loa Priestess,,,,1,7,0,0,77127,0,0,0,1,1,1,1,126524,0,0
148774,Nathanos Blightcaller,,Champion of the Banshee Queen,,1,7,0,0,90858,0,0,0,1,1,1,1,5258,0,5258
148775,Dark Ranger,,,,1,7,0,0,85856,0,0,0,1,1,1,1,5258,0,5258
148776,Rokhan,,,,1,7,0,0,116250,0,0,0,1,1,1,1,0,0,0
148777,Shadow Hunter,,,,1,7,0,0,119218,0,0,0,1,1,1,1,0,0,0
148781,Darkshore Sentinel,,,,0,12,0,3,90155,0,0,0,1,1,1,1,0,0,0
148784,Gust of Cyclarus,,,,0,12,0,0,5187,0,0,0,1,1,1,1,0,0,0
148789,Kul Tiran Gryphon,,,,0,7,0,3,83664,0,0,0,1,1,1,1,0,0,0
148798,Lady Jaina Proudmoore,,,,1,7,0,0,87892,0,0,0,1,1,1,1,153575,0,0
148799,Blow up Ships Target Bunny A,,,,0,10,0,3,81209,27823,0,0,0,1,1,1,0,0,0
148801,Blow up Ships Target Bunny B,,,,0,10,0,3,81209,11686,0,0,0,1,1,1,0,0,0
148802,Blow up Ships Target Bunny C,,,,0,10,0,3,81209,27823,0,0,0,1,1,1,0,0,0
148818,Patch,,Gob Squad,,0,7,0,0,30315,0,0,0,1,1,1,1,0,49617,45937
148819,Volt,,Gob Squad,,0,7,0,0,30313,0,0,0,1,1,1,1,0,0,0
148820,Grit,,Gob Squad,,0,7,0,0,30312,0,0,0,1,1,1,1,0,0,0
148821,Newt,,Gob Squad,,0,7,0,0,30316,0,0,0,1,1,1,1,0,0,0
148823,Ticker,,Gob Squad,,0,7,0,0,30314,0,0,0,1,1,1,1,0,0,47523
148825,Detective Ray,,,,0,12,0,0,81665,0,0,0,1,1,1,1,0,0,0
148841,Hydrath Droplet,,,,0,12,0,0,23000,0,0,0,1,1,1,1,0,0,0
148843,Everburning Treant,,,,0,12,0,0,90140,0,0,0,1,1,1,1,0,0,0
148844,Void Jelly,,,,0,12,0,3,90141,0,0,0,1,1,1,1,0,0,0
148846,Zur'aj the Depleted,,,,0,12,0,0,90142,0,0,0,1,1,1,1,0,0,0
148849,Gonk,,,,1,1,0,0,79401,0,0,0,0,1,1,1,0,0,0
148880,Princess Talanji,,,,1,7,0,0,75898,0,0,0,1,1,1,1,126524,0,0
148882,Rokhan,,,,1,7,0,0,116250,0,0,0,1,1,1,1,0,0,0
148883,General Rakera,,,,1,7,0,0,90103,0,0,0,1,1,1,1,0,0,0
148888,Abyssal Scepter,,,,0,10,0,0,90156,0,0,0,1,1,1,1,0,0,0
148905,Zandalari Warrior,,,,0,7,0,0,76564,79855,79771,79773,1,1,1,1,0,0,0
148909,Arcanist Valtrois,,,,1,7,0,0,73854,0,0,0,0,1,1,1,0,0,0
148910,Rexxar,,,,1,7,0,0,60766,0,0,0,1,1,1,1,10612,10612,0
148913,Umbral Hulk,,,,1,15,0,0,27849,0,0,0,1,1,1,1,0,0,0
148926,Princess Talanji,,,,1,7,0,0,75898,0,0,0,1,1,1,1,126524,0,0
148928,Kul Tiran Marine,,,,1,7,0,0,86025,86026,86027,86028,1,1,1,1,159584,155825,0
148942,Gilnean Ambusher,,,,0,7,0,0,89227,89581,89582,89583,1,1,1,1,161808,155825,0
148943,Night Elf Sentinel,,,,0,7,0,0,88710,88711,88543,88541,1,1,1,1,0,0,73038
148948,Genn Greymane,,King of Gilneas,,1,7,0,0,31177,0,0,0,1,1,1,1,0,0,0
148949,Master Mathias Shaw,,Leader of SI:7,,1,7,0,0,72253,0,0,0,1,1,1,1,47104,47104,0
148952,7th Legion Rifleman,,,,0,7,0,0,86142,86141,0,0,1,1,1,1,0,0,155209
148953,7th Legion Marine,,,,0,7,0,0,89543,89556,89554,89555,1,1,1,1,161808,155825,0
148956,Kelsey Steelspark,,Gnomeregan Covert Ops,,0,7,0,0,31159,0,0,0,1,1,1,1,56090,0,0
148965,Kul Tiran Marine,,,,1,7,0,0,86025,86026,86027,86028,1,1,1,1,159584,155825,0
148976,Baby Stonehide,,,,0,12,0,0,66487,0,0,0,1,1,1,1,0,0,0
148979,Leatherwing Screecher,,,,0,12,0,3,90173,0,0,0,1,1,1,1,0,0,0
148981,Rotting Ghoul,,,,0,12,0,0,90176,0,0,0,1,1,1,1,0,0,0
148982,Needleback Pup,,,,0,12,0,0,90177,0,0,0,1,1,1,1,0,0,0
148984,Shadefeather Hatchling,,,,0,12,0,0,80966,0,0,0,1,1,1,1,0,0,0
148985,Albino Duskwatcher,,,,0,12,0,0,80967,0,0,0,1,1,1,1,0,0,0
148988,Firesting Buzzer,,,,0,14,0,3,90181,0,0,0,1,1,1,1,0,0,0
148989,Lord Woofington,,,,0,12,0,0,90182,0,0,0,1,1,1,1,0,0,0
148990,Tonguelasher,,,,0,12,0,0,76763,0,0,0,1,1,1,1,0,0,0
148991,Scritches,,,,0,12,0,0,90183,0,0,0,1,1,1,1,0,0,0
148995,Thunderscale Whelpling,,,,0,12,0,3,90184,0,0,0,1,1,1,1,0,0,0
148997,Crimson Octopode,,,,0,12,0,0,88023,88028,0,0,1,1,1,1,0,0,0
149009,Zandalari Battlebeast,,,,1,1,138,0,47310,0,0,0,1,1,1,1,0,0,0
149010,Zandalari Battlesaur,,,,1,1,138,0,75798,0,0,0,1,1,1,1,0,0,0
149049,Master Mathias Shaw,,Leader of SI:7,,1,7,0,0,72253,0,0,0,1,1,1,1,47104,47104,0
149051,Akunda the Forgetful,,,,0,10,0,3,1126,11686,0,0,0,1,1,1,0,0,0
149053,Akunda the Oblivious,,,,0,10,0,3,1126,11686,0,0,0,1,1,1,0,0,0
149054,Akunda the Bemused,,,,0,10,0,3,1126,11686,0,0,0,1,1,1,0,0,0
149055,Akunda the Coy,,,,0,10,0,3,1126,11686,0,0,0,1,1,1,0,0,0
149056,Akunda the Regretful,,,,0,10,0,3,1126,11686,0,0,0,1,1,1,0,0,0
149057,Akunda the Akunda,,,,0,10,0,3,1126,11686,0,0,0,1,1,1,0,0,0
149058,Akunda the Unique,,,,0,10,0,3,1126,11686,0,0,0,1,1,1,0,0,0
149059,Akunda the Anxious,,,,0,10,0,3,1126,11686,0,0,0,1,1,1,0,0,0
149060,Akunda the Callous,,,,0,10,0,3,1126,11686,0,0,0,1,1,1,0,0,0
149061,Akunda the Clever,,,,0,10,0,3,1126,11686,0,0,0,1,1,1,0,0,0
149062,"Akunda the Original, First of Their Name",,,,0,10,0,3,1126,11686,0,0,0,1,1,1,0,0,0
149063,Akunda the Loyal,,,,0,10,0,3,1126,11686,0,0,0,1,1,1,0,0,0
149064,Akunda the Eccentric,,,,0,10,0,3,1126,11686,0,0,0,1,1,1,0,0,0
149065,Akunda the Condemned,,,,0,10,0,3,1126,11686,0,0,0,1,1,1,0,0,0
149066,Akunda the Reverent,,,,0,10,0,3,1126,11686,0,0,0,1,1,1,0,0,0
149067,Akunda the Effusive,,,,0,10,0,3,1126,11686,0,0,0,1,1,1,0,0,0
149068,Akunda the Renowned,,,,0,10,0,3,1126,11686,0,0,0,1,1,1,0,0,0
149069,Akunda the Passive-Aggressive,,,,0,10,0,3,1126,11686,0,0,0,1,1,1,0,0,0
149089,Akunda the Unwavering,,,,0,10,0,3,1126,11686,0,0,0,1,1,1,0,0,0
149090,Akunda the Enabler,,,,0,10,0,3,1126,11686,0,0,0,1,1,1,0,0,0
149091,Akunda the Astute,,,,0,10,0,3,1126,11686,0,0,0,1,1,1,0,0,0
149097,Akunda the Richmon,,,,0,10,0,3,1126,11686,0,0,0,1,1,1,0,0,0
149098,Maiev Shadowsong,,,,1,7,0,0,88959,0,0,0,1,1,1,1,32425,0,0
149125,Lady Jaina Proudmoore,,,,1,7,0,0,87892,0,0,0,1,1,1,1,0,0,0
149126,Sira Moonwarden,,Dark Warden,,1,7,0,0,65183,0,0,0,1,1,1,1,165224,165224,0
149152,Royal Pterrordax,,,,0,1,0,0,87044,0,0,0,0,1,1,1,0,0,0
149205,Nightwreathed Watcher,,,,0,12,26,3,90230,0,0,0,1,1,1,1,0,0,0
149230,Hexlord Raal,,Zanchuli Council,,1,7,0,0,78972,0,0,0,1,1,1,1,0,0,0
149233,General Rakera,,,,1,7,0,0,90103,0,0,0,1,1,1,1,156511,0,0
149234,Bladeguard Kaja,,,,1,7,0,0,80740,0,0,0,1,1,1,1,94106,0,0
149244,Frosty Snowmon,,,,1,10,0,0,13610,0,0,0,1,1,1,1,0,0,0
149284,Azerite War Machine,,,,1,9,0,0,84872,0,0,0,1,1,1,1,0,0,0
149288,Snow Mound,,,,1,10,0,0,169,11686,0,0,0,1,1,1,0,0,0
149292,Snow Mound,,,,1,10,0,0,169,11686,0,0,0,1,1,1,0,0,0
149330,Nightwreathed Priestess,,,,0,7,0,0,90268,90269,90270,90271,1,1,1,1,165628,0,0
149332,Nightwreathed Sentinel,,,,0,7,0,0,89378,89379,89380,89381,1,1,1,1,0,0,165350
149342,7th Legion Soldier,,,,1,7,0,0,90273,0,0,0,1,1,1,1,158073,117413,0
149347,7th Legion Rifleman,,,,1,7,0,0,90275,0,0,0,1,1,1,1,110314,0,110314
149348,Rebuilt Gorilla Bot,,,,0,12,26,0,90279,0,0,0,1,1,1,1,0,0,0
149357,Rastari Enforcer,,,,1,7,0,0,90282,90283,0,0,1,1,1,1,153582,0,0
149361,Rebuilt Mechanical Spider,,,,0,12,26,0,90412,0,0,0,1,1,1,1,0,0,0
149363,Albatross Hatchling,,,,0,12,26,3,77901,0,0,0,1,1,1,1,0,0,0
149369,Nightwreathed Huntress,,,,0,7,0,0,88840,0,0,0,1,1,1,1,144320,153542,0
149372,Crimson Bat Pup,,,,0,12,26,3,80954,0,0,0,1,1,1,1,0,0,0
149375,Cobalt Raven,,,,0,12,26,3,36743,0,0,0,1,1,1,1,0,0,0
149376,Violet Abyssal Eel,,,,0,12,26,0,78243,0,0,0,1,1,1,1,0,0,0
149387,Pa'Kura Priest,,,,1,7,0,0,90309,0,0,0,1,1,1,1,0,0,0
149392,Rebuilt Gorilla Bot,,,,0,12,26,0,90279,0,0,0,1,1,1,1,0,0,0
149422,Lorna Crowley,,Gilnean Commander,,1,7,0,0,34520,0,0,0,1,1,1,1,3364,52525,110179
149423,Celestine of the Harvest,,,,1,7,0,0,33840,0,0,0,1,1,1,1,50695,0,0
149426,Genn Greymane,,King of Gilneas,,1,7,0,0,62093,0,0,0,1,1,1,1,0,0,0
149427,Mia Greymane,,Queen of Gilneas,,1,7,0,0,87714,0,0,0,1,1,1,1,0,0,0
149428,Sentinel Cordressa Briarbow,,,,0,7,0,0,88955,0,0,0,1,1,1,1,0,0,0
149429,Moon Priestess Lasara,,,,0,7,0,0,88953,0,0,0,1,1,1,1,34182,0,0
149450,Zandalari Warrior,,,,0,7,0,0,79771,79773,79774,0,1,1,1,1,153584,0,0
149488,Kaldorei Archer,,,,0,7,0,0,88837,89352,88881,89353,2,2,1,1,0,0,165350
149489,Druid of the Branch,,,,0,7,0,0,88882,89371,88883,89370,4,2,2,1,119544,0,0
149490,Kaldorei Hunter,Kaldorei Huntress,,,1,7,0,0,88840,88879,0,0,3,1,1,1,165348,153542,0
149491,Kaldorei Sentinel,,,,0,7,0,0,88827,89354,88878,89355,2,2,1,1,165348,0,0
149492,Gilnean Footman,,,,0,7,0,0,89217,89221,89356,0,3,1,1,1,52053,52524,0
149493,Gilnean Musketeer,,,,0,7,0,0,89224,89225,89357,0,3,1,1,1,54824,0,52052
149494,Worgen Footman,,,,0,7,0,0,89219,89222,0,0,3,1,1,1,52053,119202,0
149495,Worgen Musketeer,,,,0,7,0,0,89226,89227,0,0,3,1,1,1,54824,0,52052
149496,Forsaken Alchemist,,,,0,7,0,0,88848,88889,0,0,1,1,1,1,0,0,34034
149497,Forsaken Deadshot,,,,0,7,0,0,88838,88888,0,0,2,1,1,1,0,0,159130
149498,Forsaken Deathguard,,,,0,7,0,0,88839,88890,0,0,2,1,1,1,45208,150518,0
149499,Forsaken Lancer,,,,1,7,0,0,88845,88886,0,0,2,1,1,1,164724,12893,0
149500,Water Traveler,,,,0,7,0,3,31835,0,0,0,1,1,1,1,0,0,0
149501,Jaina's Tide Elemental,,,,1,4,0,0,88619,0,0,0,1,1,1,1,0,0,0
149519,Boralus Guard,,,,1,7,0,0,88605,88608,88609,88604,1,1,1,1,158900,0,155816
149572,Lady Jaina Proudmoore,,,,1,7,0,0,87892,0,0,0,1,1,1,1,153575,0,0
149596,Ethereal Transmorpher,,,,0,12,0,0,75007,0,0,0,1,1,1,1,0,0,0
149602,Zandalari Heritage,,,,0,7,0,0,89631,0,0,0,1,1,1,1,0,0,0
149603,Zandalari Heritage,,,,0,7,0,0,89632,0,0,0,1,1,1,1,0,0,0
149604,Kul Tiran Heritage,,,,0,7,0,0,89783,0,0,0,1,1,1,1,0,0,0
149605,Kul Tiran Heritage,,,,0,7,0,0,89784,0,0,0,1,1,1,1,0,0,0
149625,Blasted Lands Teleport Credit,,,,0,10,0,0,11686,0,0,0,1,1,1,1,0,0,0
149630,01 Speak with Anduin Credit,,,,0,10,0,0,20570,27823,0,0,0,1,1,1,0,0,0
149632,Kul Tiran Gryphon,,,,0,7,0,3,83664,0,0,0,1,1,1,1,0,0,0
149637,Forsaken Rowboat,,,,0,9,0,3,43465,0,0,0,0,1,1,1,0,0,0
149641,Rowboat,,,,0,10,0,3,46345,0,0,0,1,1,1,1,0,0,0
149667,Shade,,,,0,6,0,0,90425,0,0,0,1,1,1,1,0,0,0
149671,Shade,,,,0,6,0,0,90425,0,0,0,1,1,1,1,0,0,0
149674,Shade,,,,0,6,0,0,90425,0,0,0,1,1,1,1,0,0,0
149681,Remote-Controlled Mechanostrider,,,,0,7,0,0,80337,68852,0,0,1,1,1,1,0,0,0
149682,Remote-Controlled Tank,,,,0,9,0,0,78132,0,0,0,1,1,1,1,0,0,0
149688,G.M.O.D,,,,1,7,0,0,90189,0,0,0,1,1,1,1,0,0,0
149699,Orc Warrior,,,,0,7,0,0,85151,0,0,0,1,1,1,1,165616,0,0
149700,Genn Greymane,,King of Gilneas,,1,7,0,0,31177,0,0,0,1,1,1,1,0,0,0
149701,Orc Noobie,,,,1,7,0,0,90041,0,0,0,1,1,1,1,109641,110158,0
149716,Searing Pitch,,,,0,10,0,0,78276,0,0,0,1,1,1,1,0,0,0
149727,Grove Viper,,,,0,8,0,0,6303,36578,2957,2955,1,1,1,1,0,0,0
149728,Emerald Turtle,,,,0,8,0,0,27883,0,0,0,1,1,1,1,0,0,0
149729,Ash Lizard,,,,0,8,0,0,36583,0,0,0,1,1,1,1,0,0,0
149730,Fox Kit,,,,0,12,0,0,33217,0,0,0,1,1,1,1,0,0,0
149731,Orange Tabby Cat,,,,0,12,0,0,5554,0,0,0,1,1,1,1,0,0,0
149732,Hawk Owl,,,,0,12,0,3,6299,0,0,0,1,1,1,1,0,0,0
149733,Silver Tabby Cat,,,,0,12,0,0,5555,0,0,0,1,1,1,1,0,0,0
149734,Cornish Rex Cat,,,,0,12,0,0,5586,0,0,0,1,1,1,1,0,0,0
149735,Red Dragonhawk Hatchling,,,,0,12,0,3,20027,0,0,0,1,1,1,1,0,0,0
149743,Antaen Brawl-Breaker,,,,1,3,0,0,78895,0,0,0,1,1,1,1,150764,0,0
149745,Xal'atath,,Blade of the Black Empire,,1,7,0,0,88826,0,0,0,1,1,1,1,0,0,0
149752,Spell Bunny,,,,0,10,0,0,1126,11686,0,0,0,1,1,1,0,0,0
149760,Spell Bunny,,,,0,10,0,0,1126,11686,0,0,0,1,1,1,0,0,0
149765,Deepsea Pearl,,,,0,10,0,3,90499,0,0,0,1,1,1,1,0,0,0
149781,Dummy Camera (DNT),,,,0,10,0,3,53073,0,0,0,0,1,1,1,0,0,0
149801,Cosmetic Stalker,,,,0,10,0,0,90539,0,0,0,1,1,1,1,0,0,0
149810,Money Credit,,,,0,10,0,0,11686,0,0,0,1,1,1,1,0,0,0
149817,Area 52 Gossip Credit,,,,0,10,0,0,11686,0,0,0,1,1,1,1,0,0,0
149823,Magni Bronzebeard,,The Speaker,,1,7,0,0,71764,0,0,0,1,1,1,1,0,0,0
149824,Brann Bronzebeard,,,,1,7,0,0,26353,0,0,0,1,1,1,1,0,0,0
149841,Xan-Sallish Credit,,,,0,10,0,0,11686,0,0,0,1,1,1,1,0,0,0
149858,Orc Warrior,,,,0,7,0,0,85151,0,0,0,1,1,1,1,165616,0,0
149868,Brann Bronzebeard,,,,1,7,0,0,26353,0,0,0,1,1,1,1,0,0,0
149897,Captain Rupert,,,,0,7,0,0,91999,0,0,0,1,1,1,1,0,0,0
149898,Bjorn Stouthands,,,,0,7,0,0,91995,0,0,0,1,1,1,1,0,0,0
149899,Lindie Springstock,,,,0,7,0,0,91998,0,0,0,1,1,1,1,0,0,0
149908,Alaria,,,,0,7,0,0,91996,0,0,0,1,1,1,1,0,0,0
149909,Rezani Handler,,,,0,7,0,0,79530,79531,0,0,1,1,1,1,94028,0,0
149915,Austin Huxworth,,,,0,7,0,0,92804,0,0,0,1,1,1,1,0,0,0
149916,Kee-La,,,,0,7,0,0,91997,0,0,0,1,1,1,1,0,0,0
149917,Captain Garrick,,,,0,7,0,0,109008,0,0,0,1,1,1,1,0,0,0
149923,Pa'ku,,Lord of Winds,,1,10,0,0,80026,0,0,0,1,1,1,1,0,0,0
149943,Lady Jaina Proudmoore,,,,1,7,0,0,27824,0,0,0,1,1,1,1,0,0,0
149957,Zandalari Sailor,,,,0,7,0,0,81126,81128,0,0,1,1,1,1,0,0,0
149958,Pa'kura Priestess,,,,0,7,0,0,77127,0,0,0,1,1,1,1,0,0,0
149977,Ice Wall Sound Bunny,,,,0,10,0,3,20570,27823,0,0,0,1,1,1,0,0,0
149978,Crimson Cultist,,,,0,7,0,0,78761,78762,0,0,1,1,1,1,0,0,0
149979,Guardian of the Dead,,,,0,4,0,0,47962,0,0,0,1,1,1,1,0,0,0
149980,Ceremonial Warbeast,,,,0,1,0,0,83525,0,0,0,1,1,1,1,0,0,0
150087,Genn Greymane,,King of Gilneas,,1,7,0,0,62093,0,0,0,1,1,1,1,0,0,0
150098,Mr. Crabs,,,,0,12,0,0,82003,0,0,0,1,1,1,1,0,0,0
150102,Spell Bunny,,,,0,10,0,0,1126,11686,0,0,0,1,1,1,0,0,0
150119,Beakbert,,,,0,12,0,0,81097,0,0,0,1,1,1,1,0,0,0
150120,Froglet,,,,0,12,0,0,78849,0,0,0,1,1,1,1,0,0,0
150126,Scaley,,,,0,12,0,0,81213,0,0,0,1,1,1,1,0,0,0
150130,Blasted Lands Teleport Credit,,,,0,10,0,0,11686,0,0,0,1,1,1,1,0,0,0
150144,Brann Bronzebeard,,,,1,7,0,0,26353,0,0,0,1,1,1,1,0,0,0
150158,Mining Handler,,,,0,10,0,0,1126,11686,0,0,0,1,1,1,0,0,0
150179,Fiery Brinestone Shard,,,,0,10,0,0,90675,0,0,0,1,1,1,1,0,0,0
150183,Image of Chief Telemancer Oculeth,,,,0,7,0,0,90666,0,0,0,1,1,1,1,0,0,0
150185,Image of Queen Azshara,,,,1,7,0,0,90669,0,0,0,1,1,1,1,163037,0,0
150186,Lord Darius Crowley,,,,0,7,0,0,34161,29694,0,0,1,0,1,1,54877,54878,0
150187,Nathanos Blightcaller,,Champion of the Banshee Queen,,1,7,0,0,90858,0,0,0,1,1,1,1,65795,65795,5258
150206,Chief Telemancer Oculeth,,,,0,7,0,0,73853,0,0,0,1,1,1,1,0,0,0
150211,Brinestone Deposit,,,,0,10,0,0,86910,0,0,0,1,1,1,1,0,0,0
150227,Hyper Mega-Mecha Seagull x9000,,Mechanical Monstrosity,,1,1,0,0,51410,0,0,0,1,1,1,1,0,0,0
150228,Murloc Spearhunter,,,,0,7,0,0,3619,983,0,0,1,1,1,1,60765,0,0
150233,Amber Brinestone Shard,,,,0,10,0,0,90676,0,0,0,1,1,1,1,0,0,0
150234,Jade Brinestone Shard,,,,0,10,0,0,90677,0,0,0,1,1,1,1,0,0,0
150236,Azure Brinestone Shard,,,,0,10,0,0,90678,0,0,0,1,1,1,1,0,0,0
150239,Violet Brinestone Shard,,,,0,10,0,0,90679,0,0,0,1,1,1,1,0,0,0
150243,Spymaster,,,,1,7,0,0,84068,0,0,0,1,1,1,1,161808,161808,0
150245,Lindie Springstock,,,,0,7,0,0,91998,0,0,0,1,1,1,1,0,0,0
150248,Brinestone Deposit,,,,0,10,0,0,86910,0,0,0,1,1,1,1,0,0,0
150256,Ouroboros,,,,1,1,0,0,20595,0,0,0,1,1,1,1,0,0,0
150259,Ouroboros,,,,1,1,0,0,90681,0,0,0,1,1,1,1,0,0,0
150310,Crop Stalker,,,,6,10,0,0,11686,0,0,0,1,1,1,1,0,0,0
150323,Shandris Feathermoon,,General of the Sentinel Army,,0,7,0,0,86964,0,0,0,0,1,1,1,0,0,0
150326,Lady Liadrin,,Blood Knight Matriarch,,1,7,0,0,85924,0,0,0,1,1,1,1,163831,163832,0
150334,Outrigger Hunter,,,,0,7,0,0,80052,80053,80054,80055,1,1,1,1,155691,0,0
150335,Dorian Atwater,,Shipwright,,0,7,0,0,90148,0,0,0,1,1,1,1,0,0,0
150346,Spell Bunny,,,,0,10,0,0,1126,11686,0,0,0,1,1,1,0,0,0
150349,Blood Pool,,,,0,10,0,0,1126,11686,0,0,0,1,1,1,0,0,0
150354,Stoneclaw,,,,0,12,0,0,40155,0,0,0,1,1,1,1,0,0,0
150356,Wayward Spirit,,,,0,12,0,2,90715,0,0,0,1,1,1,1,0,0,0
150357,Comet,,,,0,12,0,0,90830,0,0,0,1,1,1,1,0,0,0
150360,Baoh-Xi,,,,0,12,0,0,47859,0,0,0,1,1,1,1,0,0,0
150365,Azure Windseeker,,,,0,12,0,2,44445,0,0,0,1,1,1,1,0,0,0
150370,N'Zoth,,,,1,10,0,3,23980,84240,0,0,0,1,1,1,0,0,0
150372,Spirit of the Spring,,,,0,12,0,0,39739,0,0,0,1,1,1,1,0,0,0
150374,Kor'thik Swarmling,,,,0,12,0,3,45274,0,0,0,1,1,1,1,0,0,0
150375,Amberglow Stinger,,,,0,12,0,3,90867,0,0,0,1,1,1,1,0,0,0
150377,Spawn of Garalon,,,,0,12,0,0,90745,0,0,0,1,1,1,1,0,0,0
150378,Torcalin Guardian,,,,1,7,0,0,76214,0,0,0,1,1,1,1,94106,94196,0
150380,Living Amber,,,,0,12,0,0,42520,0,0,0,1,1,1,1,0,0,0
150381,Ravenous Prideling,,,,0,12,0,0,50919,0,0,0,1,1,1,1,0,0,0
150385,Happiness,,,,0,12,0,0,90866,0,0,0,1,1,1,1,0,0,0
150396,Aerial Unit R-21/X,,,,1,9,0,0,90547,0,0,0,1,1,1,1,0,0,0
150397,King Mechagon,,,,1,9,0,0,91120,0,0,0,1,1,1,1,0,0,0
150432,Node,,,,0,9,0,0,40933,0,0,0,1,1,1,1,0,0,0
150434,Bwonsamdi,,,,1,7,0,3,75961,0,0,0,1,1,1,1,0,0,0
150441,Missile Bunny,,,,6,7,0,3,64062,11686,0,0,0,1,1,1,0,0,0
150447,Junker Trike,,,,0,9,0,0,35250,0,0,0,1,1,1,1,0,0,0
150453,Citizen of Zandalar,,,,0,7,0,0,82706,82707,81524,82777,1,1,1,1,0,0,0
150461,Spell Bunny,,,,0,10,0,0,1126,11686,0,0,0,1,1,1,0,0,0
150465,Ashvane Worker,,Ashvane Trading Co.,,0,7,0,0,84380,84384,84385,84386,1,1,1,1,851,0,0
150466,Zocalo Shopper,,,,0,7,0,0,82030,82031,82032,82033,1,1,1,1,0,0,0
150469,Game Board,,,,0,9,0,0,46710,0,0,0,1,1,1,1,0,0,0
150484,Indicator,,,,0,9,0,0,46710,0,0,0,1,1,1,1,0,0,0
150494,Lashk,,Zanchuli Council,,0,7,0,0,85218,0,0,0,1,1,1,1,0,0,0
150499,Packleader Ivar Bloodfang,,,,1,7,0,0,34162,0,0,0,1,1,1,1,0,0,0
150503,"Jo'nok, Bulwark of Torcali",,Zanchuli Council,,1,7,0,0,79566,0,0,0,1,1,1,1,0,0,0
150506,Loa Speaker Zako,,Devout of Pa'ku,,1,7,0,0,87835,0,0,0,1,1,1,1,0,0,0
150509,Loa Speaker Jen'ka,,Devout of Gonk,,1,7,0,0,87837,0,0,0,1,1,1,1,0,0,0
150510,Loa Speaker Shan'kan,,Devout of Bwonsamdi,,1,7,0,0,87840,0,0,0,1,1,1,1,0,0,0
150511,Loa Speaker Bola,,Devout of Krag'wa,,1,7,0,0,87841,0,0,0,1,1,1,1,0,0,0
150515,Cyrus Crestfall,,Harbormaster,,0,7,0,0,76907,0,0,0,1,1,1,1,0,0,0
150523,Toki,,,,0,7,0,0,87379,0,0,0,1,1,1,1,160435,0,0
150524,Scrollsage Nola,,,,0,7,0,0,87378,0,0,0,1,1,1,1,0,0,0
150525,Collector Kojo,,,,0,7,0,0,87364,0,0,0,1,1,1,1,0,0,0
150527,Kisha,,,,0,7,0,0,85217,0,0,0,1,1,1,1,131733,0,0
150532,Chronicler Jabari,,,,0,7,0,0,80418,0,0,0,1,1,1,1,0,0,0
150533,Chronicler To'kini,,Inscription Supplies,,0,7,0,0,25502,0,0,0,1,1,1,1,12742,0,0
150534,Chronicler Ash'tari,,,,0,7,0,0,85371,0,0,0,1,1,1,1,2055,0,0
150535,Jol the Ancient,,,,0,7,0,0,77754,0,0,0,1,1,1,1,0,0,0
150536,Guard Satao,,,,0,7,0,0,80419,0,0,0,1,1,1,1,96047,0,0
150537,Derek Proudmoore,,,,0,7,0,0,89429,0,0,0,1,1,1,1,0,0,0
150542,Foundry Worker,,,,0,7,0,0,83315,83316,0,0,1,1,1,1,45123,0,0
150571,Arthur Tradewind,,,,0,7,0,0,86525,0,0,0,1,1,1,1,0,0,0
150572,Mylune,,,,0,7,0,0,72119,0,0,0,1,1,1,1,0,0,0
150574,Lady Jaina Proudmoore,,,,1,7,0,0,87892,0,0,0,1,1,1,1,153575,0,0
150620,Master Mathias Shaw,,Leader of SI:7,,1,7,0,0,72253,0,0,0,1,1,1,1,47104,47104,0
150621,Derek Proudmoore,,,,0,7,0,0,89429,0,0,0,1,1,1,1,0,0,0
150633,Lady Jaina Proudmoore,,,,1,7,0,0,87892,0,0,0,1,1,1,1,153575,0,0
150640,Master Mathias Shaw,,Leader of SI:7,,1,7,0,0,72253,0,0,0,1,1,1,1,47104,47104,0
150649,Wolf,,,,0,1,1,0,81061,0,0,0,1,1,1,1,0,0,0
150650,Black Harvest Acolytes,,,,0,7,0,0,72537,72537,0,0,1,1,1,1,25233,0,0
150656,Warrior,,,,0,7,0,0,90832,0,0,0,1,1,1,1,0,0,0
150657,Warrior,,,,0,7,0,0,90833,0,0,0,1,1,1,1,0,0,0
150658,Rogue,,,,0,7,0,0,90835,0,0,0,1,1,1,1,0,0,0
150659,Priest,,,,0,7,0,0,90836,0,0,0,1,1,1,1,157633,0,0
150660,Paladin,,,,0,7,0,0,90837,0,0,0,1,1,1,1,140555,163167,0
150661,Monk,,,,0,7,0,0,90838,0,0,0,1,1,1,1,0,0,0
150662,Mage,,,,0,7,0,0,90839,0,0,0,1,1,1,1,0,0,0
150663,Hunter,,,,0,7,0,0,90840,0,0,0,1,1,1,1,0,0,161701
150671,Garona Halforcen,,,,1,7,0,0,89342,0,0,0,1,1,1,1,61297,61297,0
150673,Princess Talanji,,,,1,7,0,0,75898,0,0,0,1,1,1,1,126524,0,0
150677,Thomas Zelling,,,,1,7,0,0,86536,0,0,0,1,1,1,1,0,0,0
150684,Lilian Voss,,,,1,7,0,0,85799,0,0,0,1,1,1,1,0,0,0
150710,Hidden Treasure,,,,0,10,0,0,1126,11686,0,0,0,1,1,1,0,0,0
150752,Null,,,,0,1,46,0,61928,0,0,0,1,1,1,1,0,0,0
150753,Void,,,,0,1,46,0,28870,0,0,0,1,1,1,1,0,0,0
150756,Scruffy,,,,0,1,1,0,4124,0,0,0,1,1,1,1,0,0,0
150757,Lumpy,,,,0,1,4,0,77271,0,0,0,1,1,1,1,0,0,0
150758,Follow Shaw Credit,,,,0,10,0,0,20570,27823,0,0,0,1,1,1,0,0,0
150794,Horde Survivor,,,,0,7,0,0,86644,86646,81785,86734,1,1,1,1,0,0,0
150798,Brother Pike,,,,0,7,0,0,81302,0,0,0,1,1,1,1,155763,0,0
150803,Deathstalker Rotbreath,,,,1,7,0,0,22632,0,0,0,1,1,1,1,0,0,0
150804,Horde Scout,,,,1,7,0,0,86153,0,0,0,1,1,1,1,0,0,0
150806,Loa Speaker Joo'li,,Devout of Akunda,,1,7,0,0,87838,0,0,0,1,1,1,1,0,0,0
150808,Loa Speaker Kur'taji,,Devout of Kimbul,,1,7,0,0,78286,0,0,0,1,1,1,1,0,0,0
150809,Jamil Abul'housin,,The Royal Physician,,0,7,0,0,75972,0,0,0,1,1,1,1,0,0,0
150810,Speaker Malaka'raz,,Drakkari Tribe,,0,7,0,0,80938,0,0,0,1,1,1,1,0,0,0
150811,Speaker Ik'nal,,Shadowtooth Clan,,0,7,0,0,81010,0,0,0,1,1,1,1,0,0,0
150819,Shipwrecked Soldier,,,,0,7,0,0,86644,86646,81785,86734,1,1,1,1,0,0,0
150847,MOTHER,,,,1,4,0,0,91066,0,0,0,1,1,1,1,160437,0,0
150857,Stanley,,,,0,1,288,0,90769,0,0,0,1,1,1,1,0,0,0
150858,Blackmane,,,,0,14,0,0,35632,0,0,0,1,1,1,1,0,0,0
150865,Brann Bronzebeard,,,,1,7,0,0,26353,0,0,0,1,1,1,1,0,0,0
150868,Captain Leadfist,,,,1,7,0,0,84410,0,0,0,1,1,1,1,0,0,0
150869,Irontide Brigand,,,,1,7,0,0,79068,79069,79070,79071,1,1,1,1,0,0,0
150906,Plague Roach,,,,0,8,0,0,89266,0,0,0,1,1,1,1,0,0,0
150907,Plague Rat,,,,0,8,0,0,36357,0,0,0,1,1,1,1,0,0,0
150908,Diseased Rat,,,,0,8,0,0,88785,0,0,0,1,1,1,1,0,0,0
150910,Lost Soul,,,,0,14,0,0,4870,0,0,0,1,1,1,1,0,0,0
150911,Crypt Fiend,,,,0,14,0,0,6838,0,0,0,1,1,1,1,0,0,0
150912,Rotting Scavenger,,,,0,14,0,0,69781,0,0,0,1,1,1,1,0,0,0
150913,Wailing Haunt,,,,0,14,0,0,44005,0,0,0,1,1,1,1,0,0,0
150914,Wandering Phantasm,,,,0,14,0,0,45951,0,0,0,1,1,1,1,0,0,0
150915,Gargy,,,,0,14,0,2,26800,0,0,0,1,1,1,1,0,0,0
150917,Huncher,,,,0,14,0,0,24275,0,0,0,1,1,1,1,0,0,0
150918,Tommy the Cruel,,,,0,14,0,0,828,73707,52035,0,1,1,1,1,0,0,0
150919,Risen Villager,,,,0,14,0,0,1196,10970,83705,22124,1,1,1,1,0,0,0
150920,Plague Whelp,,,,0,14,0,0,10007,0,0,0,1,1,1,1,0,0,0
150921,Zasz the Tiny,,,,0,14,0,0,30507,0,0,0,1,1,1,1,0,0,0
150922,Sludge Belcher,,,,0,14,0,0,1061,0,0,0,1,1,1,1,0,0,0
150923,Belchling,,,,0,14,0,0,33008,0,0,0,1,1,1,1,0,0,0
150924,Tormented Spirit,,,,0,14,0,0,66620,0,0,0,1,1,1,1,0,0,0
150925,Liz the Tormentor,,,,0,14,0,0,91068,0,0,0,1,1,1,1,0,0,0
150929,Nefarious Terry,,,,0,14,0,0,91070,0,0,0,1,1,1,1,13937,0,0
150930,Dark Ranger Velonara,,,,1,7,0,0,90077,0,0,0,1,1,1,1,45085,45085,166783
150939,Arcane Boat FX [DNT],,,,0,10,0,0,90960,0,0,0,1,1,1,1,0,0,0
150983,Beleaguered Survivor,,,,0,7,0,0,86644,86646,81785,86734,1,1,1,1,0,0,0
150984,Wounded Survivor,,,,0,7,0,0,86644,86646,81785,86734,1,1,1,1,0,0,0
150990,Hati,,,,0,1,0,0,68716,0,0,0,100,1,1,1,0,0,0
150991,Hati,,,,0,1,0,0,68899,0,0,0,100,1,1,1,0,0,0
150992,Choose Melee,,,,0,10,0,0,69844,0,0,0,1,1,1,1,0,0,0
150993,Ancient Wisp,,,,0,6,0,3,1825,0,0,0,1,1,1,1,0,0,0
150994,Hati,,,,0,1,0,0,68901,0,0,0,100,1,1,1,0,0,0
150995,Mimiron,,,,1,9,0,0,28578,0,0,0,1,1,1,1,0,0,0
151020,Correspondence Collected Credit,,,,0,10,0,0,20570,27823,0,0,0,1,1,1,0,0,0
151032,Captain Rupert,,,,0,7,0,0,91999,0,0,0,1,1,1,1,0,0,0
151035,Spy Table Mission Completed Credit,,,,0,10,0,0,20570,27823,0,0,0,1,1,1,0,0,0
151084,Boralus Tidesage,,,,0,7,0,0,89932,0,0,0,1,1,1,1,0,0,0
151085,Kul Tiran Executioner,,,,0,7,0,0,86639,0,0,0,1,1,1,1,0,0,0
151092,Alliance Soldier,,,,0,7,0,0,91897,91898,0,0,1,1,1,1,158073,0,0
151096,Hati,,,,0,1,46,0,70574,0,0,0,1,1,1,1,0,0,0
151105,Tidesage Doomspeaker,,,,0,7,0,0,83301,83302,0,0,1,1,1,1,0,0,0
151109,Gaunt Vagabond,,,,0,7,0,0,83883,83889,84084,0,1,1,1,1,0,0,0
151111,Scrimshaw Thug,,,,0,7,0,0,83862,83890,0,0,1,1,1,1,0,0,155818
151112,Celadine the Fatekeeper,,,,0,7,0,0,23395,0,0,0,1,1,1,1,0,0,0
151113,Skylord Omnuron,,,,1,7,0,0,32245,0,0,0,1,1,1,1,13339,0,0
151114,Zen'tabra,,,,0,7,0,0,68419,0,0,0,1,1,1,1,57020,0,0
151115,Lyessa Bloomwatcher,,Guardian of G'Hanir,,1,7,0,0,68636,0,0,0,1,1,1,1,0,0,0
151116,Zen'kiki,,,,0,7,0,0,33878,0,0,0,1,1,1,1,43219,0,0
151117,Celestine of the Harvest,,,,1,7,0,0,65532,0,0,0,1,1,1,1,50695,0,0
151118,Black Powder Keg,,,,0,10,0,0,52841,0,0,0,1,1,1,1,0,0,0
151133,Hati,,,,0,1,46,0,68716,0,0,0,1,1,1,1,0,0,0
151144,Hati,,,,0,1,46,0,68899,0,0,0,1,1,1,1,0,0,0
151145,Hati,,,,0,1,46,0,68898,0,0,0,1,1,1,1,0,0,0
151147,Hati,,,,0,1,46,0,68901,0,0,0,1,1,1,1,0,0,0
151148,Hati,,,,0,1,46,0,68900,0,0,0,1,1,1,1,0,0,0
151149,Hati,,,,0,1,46,0,90439,0,0,0,1,1,1,1,0,0,0
151161,Brightwing,,,,1,2,303,0,65526,0,0,0,1,1,1,1,0,0,0
151191,Cleansed Sludge Belcher,,,,0,6,0,0,1061,0,0,0,1,1,1,1,0,0,0
151192,Shadowy Figure,,,,0,7,0,0,92248,0,0,0,1,1,1,1,0,0,0
151193,Shadowy Figure,,,,0,7,0,0,92249,0,0,0,1,1,1,1,0,0,0
151200,Reprogramming Step Credit,,,,0,10,0,0,20570,27823,0,0,0,1,1,1,0,0,0
151202,Foul Manifestation,,,,2,15,0,0,90423,0,0,0,1,1,1,1,0,0,0
151210,Tradewinds Dockworker,,,,0,7,0,0,88262,88264,88265,88271,1,1,1,1,0,0,0
151212,Image of Queen Azshara,,,,1,7,0,0,90669,0,0,0,1,1,1,1,0,0,0
151213,Boralus Worker,,,,0,7,0,0,80857,0,0,0,1,1,1,1,0,0,0
151223,Ashvane Prisoner,,,,0,7,0,0,84385,84386,84384,84380,1,1,1,1,77960,77960,0
151224,Concerned Citizen,,,,0,7,0,0,78478,78479,78471,80857,1,1,1,1,0,0,0
151227,Foul Manifestation,,,,0,4,0,0,35936,0,0,0,1,1,1,1,0,0,0
151235,Boralus Tidesage,,,,0,7,0,0,88682,88680,83302,83304,1,1,1,1,0,0,0
151236,Tobiana,,,,0,1,2,0,11709,0,0,0,1,1,1,1,0,0,0
151257,Torcali,,Loa of Wanderers,,1,1,0,0,91378,0,0,0,1,1,1,1,0,0,0
151259,Concerned Citizen,,,,0,7,0,0,78478,78479,78471,80177,1,1,1,1,0,0,0
151260,Concerned Citizen,,,,0,7,0,0,78962,78480,81366,81363,1,1,1,1,0,0,0
151261,Concerned Citizen,,,,0,7,0,0,82693,87026,84284,83883,1,1,1,1,0,0,0
151262,Concerned Citizen,,,,0,7,0,0,80857,85898,85369,83862,1,1,1,1,0,0,0
151263,Concerned Citizen,,,,0,7,0,0,84415,85400,85203,86748,1,1,1,1,0,0,0
151264,Seasoned Hunter,,,,0,7,0,0,84218,84219,84220,84221,1,1,1,1,119206,0,35590
151265,Hardened Grunt,,,,0,7,0,0,84222,84223,84224,84225,1,1,1,1,119206,119203,0
151266,Wizened Shaman,,,,0,7,0,0,23183,23185,0,0,1,1,1,1,51893,47448,0
151267,Veteran Berserker,,,,0,7,0,0,75967,75968,75969,75970,1,1,1,1,125362,125362,0
151268,Deathguard Shocktrooper,,,,0,7,0,0,84396,84404,84405,84406,1,1,1,1,50672,50729,0
151269,Sin'dorei Battlemage,,,,0,7,0,0,85901,85902,85903,85904,1,1,1,1,107292,0,0
151276,Spell Bunny,,,,0,10,0,0,1126,11686,0,0,0,1,1,1,0,0,0
151284,Shiprender Lance,,,,0,9,0,0,68679,0,0,0,1,1,1,1,0,0,0
151288,Max Megablast,,G.G. Engineering,,1,7,0,0,91222,0,0,0,1,1,1,1,49617,0,28581
151289,Bo Bobble,,G.G. Engineering,,1,7,0,0,91221,0,0,0,1,1,1,1,0,11200,0
151303,Patch,,Gob Squad,,0,7,0,0,30315,0,0,0,1,1,1,1,0,49617,45937
151316,King Mechagon,,,,1,9,0,0,91120,0,0,0,1,1,1,1,0,0,0
151317,Ravnyr,,,,1,2,0,0,67132,0,0,0,1,1,1,1,0,0,0
151353,Mawrat,,,,6,1,127,0,95749,0,0,0,3,1,1,1,0,0,0
151421,Zaxx Dreadslice,,MECHAMORPHOSIS!,,1,1,0,0,91140,0,0,0,1,1,1,1,0,0,0
151469,Saltfin Swimmer,,,,0,1,0,0,61206,61205,0,0,1,1,1,1,0,0,0
151581,Horrific Vision,,,,1,15,0,0,92608,0,0,0,1,1,1,1,0,0,0
151617,Fertile Soil,,,,0,10,0,0,79153,0,0,0,1,1,1,1,0,0,0
151631,Slimy Sea Slug,,,,0,12,42,0,91219,0,0,0,1,1,1,1,0,0,0
151632,Slimy Hermit Crab,,,,0,12,0,0,91220,0,0,0,1,1,1,1,0,0,0
151642,Lieutenant Tarenfold,,Master Gunner,,0,7,0,0,81561,0,0,0,1,1,1,1,0,0,155816
151648,Tussle Tonks Fanatic,,,,0,7,0,3,91167,91169,91176,91178,1,1,1,1,0,0,0
151651,Slimy Darkhunter,,,,0,12,0,0,91224,0,0,0,1,1,1,1,0,0,0
151673,Slimy Octopode,,,,0,12,0,0,91232,0,0,0,1,1,1,1,0,0,0
151696,Slimy Fangtooth,,,,0,12,0,3,91248,0,0,0,1,1,1,1,0,0,0
151697,Slimy Eel,,,,0,12,0,0,91249,0,0,0,1,1,1,1,0,0,0
151700,Slimy Otter,,,,0,12,0,0,91250,0,0,0,1,1,1,1,0,0,0
151719,Voice in the Deeps,,,,2,15,0,0,90988,0,0,0,1,1,1,1,0,0,0
151759,Tir Bellas,,High Ascendant,,0,7,0,0,93191,0,0,0,1,1,1,1,0,0,0
151767,Fertile Soil,,,,0,10,0,0,79153,0,0,0,1,1,1,1,0,0,0
151779,Lil' Nefarian,,,,0,12,0,3,91267,0,0,0,1,1,1,1,0,0,0
151780,Jingles,,,,0,12,0,0,96596,91268,0,0,1,3,1,1,0,0,0
151783,Genn Greymane,,King of Gilneas,,1,7,0,0,62093,0,0,0,1,1,1,1,0,0,0
151784,Mia Greymane,,Queen of Gilneas,,1,7,0,0,87714,0,0,0,1,1,1,1,0,0,0
151788,Dottie,,,,0,12,0,0,91271,0,0,0,1,1,1,1,0,0,0
151810,Imperial Cultivator,,,,0,7,0,0,91281,0,0,0,1,1,1,1,0,0,0
151851,Chief Telemancer Oculeth,,,,0,7,0,0,73853,0,0,0,1,1,1,1,0,0,0
151866,Lady Jaina Proudmoore,,,,1,7,0,0,87892,0,0,0,1,1,1,1,153575,0,0
151867,Tandred Proudmoore,,,,1,7,0,0,88653,0,0,0,1,1,1,1,0,0,0
151877,Spell Bunny,,,,0,10,0,0,1126,11686,0,0,0,1,1,1,0,0,0
151890,Spell Bunny,,,,0,10,0,0,1126,11686,0,0,0,1,1,1,0,0,0
151907,Spell Bunny,,,,0,10,0,3,1126,11686,0,0,0,1,1,1,0,0,0
151913,Alliance Horse,,,,0,1,0,0,82952,0,0,0,1,1,1,1,0,0,0
152036,Darkmoon Carnie,,,,0,7,0,0,21670,0,0,0,25,1,1,1,0,0,0
152037,Mister Knuckles,,,,0,7,0,0,58025,0,0,0,1,1,1,1,0,0,0
152154,Varok Saurfang,,,,1,7,0,0,90011,0,0,0,1,1,1,1,118400,0,0
152155,Thrall,,,,1,7,0,0,91636,0,0,0,1,1,1,1,168268,0,0
152156,Lady Jaina Proudmoore,,,,1,7,0,0,87892,0,0,0,1,1,1,1,153575,0,0
152157,Master Mathias Shaw,,Leader of SI:7,,1,7,0,0,72253,0,0,0,1,1,1,1,47104,47104,0
152168,Castaway Peacekeeper,,,,1,7,0,0,86905,79065,86906,79067,1,1,1,1,161445,0,76980
152176,Brinestone Deposit,,,,0,10,0,0,86910,0,0,0,1,1,1,1,0,0,0
152178,Brinestone,,,,0,10,0,0,86910,0,0,0,1,1,1,1,0,0,0
152179,Azure Brinestone Shard,,,,0,10,0,0,90678,0,0,0,1,1,1,1,0,0,0
152184,Orgrimmar Grunt,,,,1,7,0,0,4259,4260,4602,4601,1,1,1,1,5289,0,2507
152201,Darkspear Headhunter,,,,1,7,0,0,31737,31738,31841,31840,1,1,1,1,13631,0,5870
152210,Fiery Brinestone Shard,,,,0,10,0,0,90675,0,0,0,1,1,1,1,0,0,0
152211,Violet Brinestone Shard,,,,0,10,0,0,90679,0,0,0,1,1,1,1,0,0,0
152212,Jade Brinestone Shard,,,,0,10,0,0,90677,0,0,0,1,1,1,1,0,0,0
152213,Amber Brinestone Shard,,,,0,10,0,0,90676,0,0,0,1,1,1,1,0,0,0
152220,Brinestone Deposit,,,,0,10,0,0,86910,0,0,0,1,1,1,1,0,0,0
152221,Brinestone Deposit,,,,0,10,0,0,86910,0,0,0,1,1,1,1,0,0,0
152222,Brinestone Deposit,,,,0,10,0,0,86910,0,0,0,1,1,1,1,0,0,0
152223,Brinestone Deposit,,,,0,10,0,0,86910,0,0,0,1,1,1,1,0,0,0
152226,Spell Bunny,,,,0,10,0,0,1126,11686,0,0,0,1,1,1,0,0,0
152229,Spell Bunny,,,,0,10,0,0,1126,11686,0,0,0,1,1,1,0,0,0
152248,Invisible Stalker,,,,0,10,0,0,46003,41199,0,0,0,1,1,1,0,0,0
152253,The Tarragrue,,,,1,5,0,0,99060,0,0,0,1,1,1,1,0,0,0
152284,Kelya's Hippogryph,,,,0,1,0,3,92377,0,0,0,1,1,1,1,0,0,0
152289,Motospider Egg,,,,0,10,0,0,42349,82382,0,0,10,1,1,1,0,0,0
152316,Image of Thalyssra,,,,0,7,0,0,91408,0,0,0,1,1,1,1,0,0,0
152333,Dark Ranger Lenara,,,,1,7,0,0,70830,0,0,0,1,1,1,1,45085,45085,166783
152406,Blood Pool,,,,0,10,0,0,1126,11686,0,0,0,1,1,1,0,0,0
152414,Elder Unu,,,,2,7,0,0,91242,0,0,0,1,1,1,1,0,0,0
152415,Alga the Eyeless,,,,4,7,0,0,91242,0,0,0,1,1,1,1,0,0,0
152416,Allseer Oma'kil,,,,4,7,0,0,91242,0,0,0,1,1,1,1,0,0,0
152456,Kyrian Prisoner,,Aspirant,,0,7,0,0,67161,0,0,0,1,1,1,1,15801,0,0
152472,Eel Infested Waters,,,,0,10,0,0,1126,11686,0,0,0,1,1,1,0,0,0
152530,Baine Bloodhoof,,High Chieftain,,1,7,0,0,81646,0,0,0,1,1,1,1,0,0,0
152538,Dark Ranger Zanra,,,,1,7,0,0,90077,0,0,0,1,1,1,1,45085,45085,166783
152539,Dark Ranger Thandel,,,,1,7,0,0,90211,0,0,0,1,1,1,1,45085,45085,166783
152555,Elderspawn Nalaada,,The Writhing,,2,1,35,0,78243,0,0,0,1,1,1,1,0,0,0
152556,Chasm-Haunter,,,,4,1,35,0,78240,0,0,0,1,1,1,1,0,0,0
152571,Harpy Snatcher,,,,0,7,0,2,63597,0,0,0,1,1,1,1,0,0,0
152594,Broker Ve'ken,,,,0,7,0,0,93583,0,0,0,1,1,1,1,185341,0,0
152595,Archaeo-Tinkologist,,,,0,7,0,0,90716,0,0,0,1,1,1,1,4994,0,0
152596,Archaeo-Tinkologist,,,,0,7,0,0,90554,0,0,0,1,1,1,1,4994,0,0
152598,Archaeo-Tinkologist,,,,0,7,0,0,91558,0,0,0,1,1,1,1,4994,0,0
152619,King Mechagon,,,,1,9,0,0,91120,0,0,0,1,1,1,1,0,0,0
152623,Underhold Grunt,,,,0,7,0,0,88370,88371,88367,88368,1,1,1,1,119206,0,0
152640,Murloco's Marvelous Hat,,,,0,10,0,0,91561,0,0,0,1,1,1,1,0,0,0
152645,Judicar Helena,,,,0,7,0,0,67161,0,0,0,1,1,1,1,0,0,0
152646,Imperator Razil,,,,0,7,0,0,67161,0,0,0,1,1,1,1,140345,0,0
152647,"Benefi, Scout 3rd Class",,,,0,7,0,0,67161,0,0,0,1,1,1,1,0,0,0
152648,High Ascendant Malanor,,,,0,7,0,0,67161,0,0,0,1,1,1,1,0,0,0
152682,Prince Vortran,,,,4,4,0,3,65631,0,0,0,1,1,1,1,0,0,0
152705,Naga Slaver,,,,0,7,0,0,91621,91626,91645,91623,1,1,0.5,1,169041,0,0
152712,Blindlight,,Necrofin Chieftain,,4,7,0,0,75839,0,0,0,1,1,1,1,0,0,0
152729,Moon Priestess Liara,,,,1,7,0,0,91569,0,0,0,1,1,1,1,73362,0,0
152736,Guardian Tannin,,,,2,7,0,0,91573,0,0,0,1,1,1,1,127826,127826,0
152742,Hand of Azshara,,,,1,7,0,0,91303,0,0,0,1,1,1,1,0,0,0
152750,Motospider Egg,,,,0,10,0,0,42349,82382,0,0,10,1,1,1,0,0,0
152753,Microcogs,,,,0,10,0,0,91580,0,0,0,10,1,1,1,0,0,0
152778,Ball and chain bunny,,,,0,10,0,0,81212,27823,0,0,0,1,1,1,0,0,0
152781,Azsharin Depthmaiden,,,,0,7,0,0,88870,0,0,0,1,1,1,1,0,0,0
152782,Ball and chain bunny,,,,0,10,0,0,81212,27823,0,0,0,1,1,1,0,0,0
152843,Harpy Boltcaller,,,,0,7,0,2,63605,0,0,0,1,1,1,1,0,0,0
152908,Grunt Grimful,,,,1,7,0,0,9133,0,0,0,1,1,1,1,5289,0,2507
152909,Grunt Wabang,,,,1,7,0,0,8000,0,0,0,1,1,1,1,5289,0,2507
152911,Tinkmaster Overspark,,Chief Architect of Gnomish Engineering,,0,7,0,0,90661,0,0,0,1,1,1,1,0,0,0
152951,Greasemonkey Engineer,,,,0,7,0,0,91535,91536,91537,91538,1,1,1,1,0,0,0
152975,Speak with Ussoh Credit,,,,0,10,0,0,20570,27823,0,0,0,1,1,1,0,0,0
152977,Thrall,,,,1,7,0,0,91636,0,0,0,1,1,1,1,168268,0,0
152978,Speak with Nathanos Credit,,,,0,10,0,0,20570,27823,0,0,0,1,1,1,0,0,0
152980,Baine Bloodhoof Saved Credit,,,,0,10,0,0,20570,27823,0,0,0,1,1,1,0,0,0
152982,Speak with Lor'Themar Credit,,,,0,10,0,0,20570,27823,0,0,0,1,1,1,0,0,0
152986,Speak with Anduin in Stormwind Credit,,,,0,10,0,0,20570,27823,0,0,0,1,1,1,0,0,0
152991,Ball and chain bunny,,,,0,10,0,0,81212,27823,0,0,0,1,1,1,0,0,0
152998,Hunting Worg,,,,6,1,1,0,70178,70179,0,0,1,1,1,1,0,0,0
153035,Orc Berserker,,The Horde,,0,7,0,0,91670,91671,91672,91673,1,1,1,1,165264,165264,0
153036,Troll Shaman,,The Horde,,0,7,0,0,91674,91675,91676,91677,1,1,1,1,94681,0,0
153037,Blood Elf Mage,,The Horde,,0,7,0,0,91678,91679,91680,91681,1,1,1,1,29441,0,0
153038,Alliance Warrior,,,,0,7,0,0,89554,89555,89543,89556,1,1,1,1,163534,0,0
153039,Worgen Hunter,,,,0,7,0,0,91682,91683,91684,91685,1,1,1,1,167225,0,167225
153053,Night Elf Druid,,,,0,7,0,0,91691,91692,91693,91694,1,1,1,1,164316,0,0
153120,Spell Bunny,,,,0,10,0,0,1126,11686,0,0,0,1,1,1,0,0,0
153131,Nazjatar Myrmidon,,,,1,7,0,0,91759,91760,91761,0,1,1,1,1,17074,0,0
153132,Nazjatar Sorceress,,,,1,7,0,0,91762,91763,91764,0,1,1,1,1,0,0,0
153134,Nazjatar Cavalier,,,,1,7,0,0,91766,91072,91765,0,1,1,1,1,0,0,0
153135,Nazjatar Juggernaut,,,,1,7,0,0,91767,0,0,0,1,1,1,1,0,0,0
153140,Nazjatar Honor Guard,,,,1,7,0,3,91768,91317,91769,0,1,1,1,1,146276,0,0
153150,Tinkmaster Overspark,,Chief Architect of Gnomish Engineering,,0,9,0,0,90661,0,0,0,1,1,1,1,0,0,0
153151,Gila Crosswires,,Tinkmaster's Assistant,,0,7,0,0,90788,0,0,0,1,1,1,1,0,0,0
153152,Archaeo-Tinkologist,,,,0,7,0,0,91558,0,0,0,1,1,1,1,0,0,0
153153,Archaeo-Tinkologist,,,,0,7,0,0,90555,90709,91560,0,1,1,1,1,0,0,0
153154,Gazlowe,,,,0,7,0,0,90805,0,0,0,1,1,1,1,0,0,0
153155,Jack the Hammer,,,,0,7,0,0,30262,0,0,0,1,1,1,1,168239,0,0
153156,Skaggit,,Gazlowe's Assistant,,0,7,0,0,90800,0,0,0,1,1,1,1,0,0,0
153157,Greasemonkey Engineer,,,,6,7,0,0,91535,91536,91537,91538,1,1,1,1,0,0,0
153158,Fire Spitter,,,,0,10,0,0,67382,0,0,0,1,1,1,1,0,0,0
153164,Trap,,,,0,10,0,0,78970,11686,0,0,0,1,1,1,0,0,0
153176,Horde Skirmisher,,,,0,7,0,0,86644,86646,81785,86734,1,1,1,1,161486,0,0
153177,Alliance Skirmisher,,,,0,7,0,0,90801,90802,90803,90804,1,1,1,1,163887,0,0
153189,Genn Greymane,,King of Gilneas,,1,7,0,0,62093,0,0,0,1,1,1,1,0,0,0
153207,Genn Greymane,,King of Gilneas,,1,7,0,0,31177,0,0,0,1,1,1,1,0,0,0
153209,Alliance Soldier,,,,0,7,0,0,91897,0,0,0,1,1,1,1,0,0,0
153210,Injured Soldier,,,,0,7,0,0,89554,89543,91682,91684,1,1,1,1,0,0,0
153212,Worgen Hunter,,,,0,7,0,0,91682,91683,91684,91685,1,1,1,1,0,0,0
153213,Night Elf Druid,,,,0,7,0,0,91691,91692,91693,91694,1,1,1,1,0,0,0
153214,Recovered Soldier,,,,0,7,0,0,89554,89543,91682,91684,1,1,1,1,0,0,0
153223,Archmage Khadgar,,,,1,7,0,0,64045,0,0,0,1,1,1,1,23998,0,0
153236,Captain Rupert,,,,0,7,0,0,91999,0,0,0,1,1,1,1,0,0,0
153239,Ogre Brute,,,,0,7,0,0,91775,91776,91777,91778,1,1,1,1,107407,0,0
153242,Ogre Shadowcaster,,,,0,7,0,0,91779,91780,91781,91782,1,1,1,1,0,0,0
153243,Flame Wall Bunny,,,,0,10,0,0,81212,27823,0,0,0,1,1,1,0,0,0
153254,Genn Greymane,,King of Gilneas,,1,7,0,0,62093,0,0,0,1,1,1,1,0,0,0
153272,Ankoan Commoner,,,,0,7,0,0,90898,0,0,0,1,1,1,1,0,0,0
153279,Alliance Scout,,The Alliance,,0,7,0,0,89554,89555,89543,89556,1,1,1,1,0,0,0
153280,Baine Bloodhoof,,High Chieftain,,1,7,0,0,81646,0,0,0,1,1,1,1,0,0,0
153281,Scout Blackstone,,,,0,7,0,0,86319,0,0,0,1,1,1,1,0,0,0
153282,Scout Greenfen,,,,0,7,0,0,89877,0,0,0,1,1,1,1,0,0,0
153316,Bjorn Stouthands,,,,0,7,0,0,97415,0,0,0,1,1,1,1,0,0,0
153317,Alaria,,,,0,7,0,0,30372,0,0,0,1,1,1,1,0,0,0
153318,Kee-La,,,,0,7,0,0,51319,0,0,0,1,1,1,1,0,0,0
153328,Trap Trigger,,,,0,10,0,0,78970,11686,0,0,0,1,1,1,0,0,0
153339,Mysterious Mage,,The Horde?,,0,7,0,0,91834,0,0,0,1,1,1,1,0,0,0
153366,Spell Bunny,,,,0,10,0,0,1126,11686,0,0,0,1,1,1,0,0,0
153372,Injured Soldier,,,,0,7,0,0,89554,89543,91682,91684,1,1,1,1,0,0,0
153374,Dread-Admiral Tattersail,,,,0,7,0,0,64374,0,0,0,1,1,1,1,0,0,0
153375,Grand Admiral Jes-Tereth,,,,0,7,0,0,5565,0,0,0,1,1,1,1,2179,2711,0
153376,Lor'themar Theron,,Regent Lord of Quel'Thalas,,1,7,0,0,17122,0,0,0,1,1,1,1,168606,0,86538
153379,Ankoan Tidehunters,,,,0,7,0,0,90923,90933,90943,90900,1,1,1,1,73362,0,0
153380,Unshackled Mercenaries,,,,0,7,0,0,90579,91377,66509,0,1,1,1,1,0,0,0
153388,Warleader Brok,,,,0,7,0,0,91669,0,0,0,1,1,1,1,165616,0,0
153394,The Brewmaiden,,,,0,7,0,0,24368,0,0,0,0,1,1,1,33161,33162,0
153395,Barrel of Brew,,,,0,9,0,0,39255,0,0,0,1,1,1,1,0,0,0
153396,Snowball,,,,0,10,0,0,41820,0,0,0,1,1,1,1,0,0,0
153397,Lil' Snowfighter,,,,0,7,0,0,64980,64981,64982,64983,1,1,1,1,0,0,0
153398,Winter Reindeer,,,,0,12,0,0,15901,0,0,0,1,1,1,1,0,0,0
153400,Crone,,,,0,7,0,0,38521,0,0,0,1,1,1,1,0,0,0
153402,Crone's Broom,,,,0,10,0,3,37960,0,0,0,1,1,1,1,0,0,0
153403,Delicious Turkey,,,,0,8,0,0,21774,0,0,0,1,1,1,1,0,0,0
153404,Bountiful Table,,,,0,10,0,0,28293,0,0,0,0,1,1,1,0,0,0
153405,Kyrian Vendor,,,,1,7,0,0,67161,0,0,0,1,1,1,1,0,0,0
153406,Kyrian Vendor,,,,1,7,0,0,67161,0,0,0,1,1,1,1,0,0,0
153407,Noblegarden Bunny,,,,0,12,0,0,28726,0,0,0,1,1,1,1,0,0,0
153408,Peddlefeet,,,,0,12,0,3,15992,0,0,0,1,1,1,1,0,0,0
153409,Festival Flamekeeper,,,,1,7,0,0,16334,16340,16338,16339,1,1,1,1,0,0,0
153410,Searing Scorchling,,,,0,12,0,0,8409,0,0,0,0,1,1,1,0,0,0
153411,Murozond,,,,1,2,0,3,38931,0,0,0,1,1,1,1,0,0,0
153412,Ozumat,,,,1,15,0,0,34135,0,0,0,1,1,1,1,0,0,0
153413,Sha of Doubt,,,,1,4,0,0,45980,0,0,0,1,1,1,1,0,0,0
153414,Taran Zhu,,,,1,4,0,0,45518,0,0,0,1,1,1,1,0,0,0
153415,Sha of Violence,,,,0,4,0,0,44914,0,0,0,1,1,1,1,0,0,0
153416,Yor,,,,1,3,0,0,14173,0,0,0,0,1,1,1,0,0,0
153417,Warchief Kargath Bladefist,,,,1,9,0,0,19799,0,0,0,1,1,1,1,0,0,0
153418,Skulloc,,,,1,7,0,0,57836,0,0,0,1,1,1,1,0,0,0
153419,King Ymiron,,,,1,7,0,0,28019,0,0,0,0,1,1,1,33773,0,0
153420,Loken,,,,1,6,0,0,27485,0,0,0,0,1,1,1,0,0,0
153422,Chief Telemancer Oculeth,,,,0,7,0,0,73853,0,0,0,1,1,1,1,0,0,0
153435,Fenn,,,,0,7,0,0,92327,0,0,0,1,1,1,1,0,0,0
153436,Vesiphone,,Paragon of Purity,,0,7,0,3,95007,0,0,0,1,1,1,1,171130,174429,0
153461,Lady Jaina Proudmoore,,,,1,7,0,0,87892,0,0,0,1,1,1,1,153575,0,0
153466,Master Mathias Shaw,,Leader of SI:7,,1,7,0,0,72253,0,0,0,1,1,1,1,47104,47104,0
153492,Fenn,,,,0,7,0,0,92327,0,0,0,1,1,1,1,0,0,0
153505,Cork Fizzlepop,,,,0,7,0,0,86158,0,0,0,1,1,1,1,0,0,0
153506,Mava Skycaller,,,,0,7,0,0,72790,0,0,0,1,1,1,1,0,0,0
153507,Hoshin,,,,0,7,0,0,51314,0,0,0,1,1,1,1,0,0,0
153508,Lana Jordan,,,,0,7,0,0,30391,0,0,0,1,1,1,1,0,0,0
153515,Conversation Bunny,,,,0,10,0,0,81209,27823,0,0,0,1,1,1,0,0,0
153546,Tideskorn Huntress,,,,0,7,0,0,25811,0,0,0,1,1,1,1,107134,0,108479
153548,Tideskorn Longaxe,,,,0,7,0,0,62319,62320,63102,63103,1,1,1,1,111373,0,0
153551,Tideskorn Worker,,,,0,7,0,0,70599,70600,70601,70602,1,1,1,1,0,0,0
153562,Chest Trap Trigger,,,,0,10,0,0,78970,11686,0,0,0,1,1,1,0,0,0
153565,Henry Garrick,,,,0,7,0,0,92751,0,0,0,1,1,1,1,0,0,0
153566,Captain Garrick,,,,0,7,0,0,92690,0,0,0,1,1,1,1,163887,163891,0
153575,Hillstalker Worg,,,,0,1,1,0,70266,0,0,0,1,1,1,1,0,0,0
153616,Lady Jaina Proudmoore,,,,1,7,0,0,87892,0,0,0,1,1,1,1,153575,0,0
153638,Prince Erazmin,,,,1,7,0,0,90798,0,0,0,1,1,1,1,0,0,0
153640,REUSE ME,,,,0,10,0,0,20570,27823,0,0,0,1,1,1,0,0,0
153652,Demonic Gateway,,,,0,10,0,0,40657,0,0,0,0,1,1,1,0,0,0
153658,Shiz'narasz the Consumer,,,,2,1,42,0,91870,0,0,0,1,1,1,1,0,0,0
153677,Merithra of the Dream,,Daughter of Ysera,,1,2,0,0,91239,0,0,0,1,1,1,1,0,0,0
153678,Gilnean Elite,,,,1,7,0,0,72903,0,0,0,1,1,1,1,0,0,0
153679,Alexstrasza the Life-Binder,,Queen of the Dragons,,1,2,0,0,28227,0,0,0,1,1,1,1,0,0,0
153680,Farstrider Elite,,,,1,7,0,0,92675,0,0,0,1,1,1,1,0,0,0
153681,Chromie,,Emissary of the Bronze Dragonflight,,1,2,0,0,24877,0,0,0,1,1,1,1,0,0,0
153693,Nazjatar Wolf Eel,,,,1,7,0,3,91881,0,0,0,1,1,1,1,0,0,0
153698,Mad Mardivas,,,,0,7,0,0,91886,0,0,0,1,1,1,1,0,0,0
153721,Azerite Residue,,,,0,10,0,0,1126,11686,0,0,0,1,1,1,0,0,0
153767,Fenn,,,,0,7,0,0,92327,0,0,0,1,1,1,1,0,0,0
153775,Tideskorn Shieldmaiden,,,,0,7,0,0,68913,68916,70977,70976,1,1,1,1,127346,77408,0
153776,Valkyra Aspirant,,,,0,7,0,0,68954,0,0,0,1,1,1,1,124548,89116,140345
153787,Priestess of Eyir,,,,0,7,0,0,68940,0,0,0,1,1,1,1,0,0,0
153792,Helhound,,,,0,6,52,0,64467,0,0,0,1,1,1,1,0,0,0
153798,Enraged Skrog,,,,1,5,0,0,66810,0,0,0,1,1,1,1,0,0,0
153822,Lady Jaina Proudmoore,,,,1,7,0,0,87892,0,0,0,1,1,1,1,153575,0,0
153839,Fathom Ray,,,,0,1,34,3,90729,0,0,0,1,1,1,1,0,0,0
153851,Prince Erazmin,,,,1,7,0,0,90798,0,0,0,1,1,1,1,0,0,0
153852,Gazlowe,,,,0,7,0,0,90805,0,0,0,1,1,1,1,0,0,0
153853,Gila Crosswires,,,,0,7,0,0,90788,0,0,0,1,1,1,1,0,0,0
153854,Tinkmaster Overspark,,Chief Architect of Gnomish Engineering,,0,7,0,0,90661,0,0,0,1,1,1,1,0,0,0
153857,Fire Elemental,,,,0,4,0,0,1070,0,0,0,1,1,1,1,0,0,0
153858,Drowned Spirit,,,,0,6,0,0,63417,64729,63122,63112,1,1,1,1,0,0,0
153870,Drowned Spirit,,,,0,6,0,0,63417,64729,63122,63112,1,1,1,1,0,0,0
153871,Drowned Spirit,,,,0,6,0,0,63417,64729,63122,63112,1,1,1,1,0,0,0
153892,Tamed Bear,,Bjorn's Pet,,0,1,4,0,2378,0,0,0,1,1,1,1,0,0,0
153914,Austin Huxworth,,,,0,7,0,0,92804,0,0,0,1,1,1,1,0,0,0
153932,Genn Greymane,,King of Gilneas,,1,7,0,0,62093,0,0,0,1,1,1,1,0,0,0
153946,Zanj'ir Myrmidon,,,,0,7,0,0,91621,0,0,0,1,1,1,1,128196,0,0
153947,Fallen Priestess,,,,0,6,0,3,10702,0,0,0,1,1,1,1,0,0,0
153950,Zanj'ir Scaleguard,,,,0,7,0,0,91624,0,0,0,1,1,1,1,2179,108622,0
153954,Austin Huxworth,,,,0,7,0,0,92804,0,0,0,1,1,1,1,0,0,0
153955,Captain Rupert,,,,0,7,0,0,91999,0,0,0,1,1,1,1,0,0,0
153960,Zanj'ir Myrmidon,,,,0,7,0,0,91621,0,0,0,1,1,1,1,169095,0,0
153968,Vel'ra,,,,0,7,0,0,87450,0,0,0,1,1,1,1,0,0,0
154000,Genn Greymane,,King of Gilneas,,1,7,0,0,31177,0,0,0,1,1,1,1,0,0,0
154001,Captain Rupert,,,,0,7,0,0,91999,0,0,0,1,1,1,1,0,0,0
154005,Heimir of the Black Fist,,King of the Tideskorn,,4,6,0,0,63347,0,0,0,0,1,1,1,81396,0,0
154006,Rythas the Oracle,,High Runeseer,,4,6,0,0,63369,0,0,0,0,1,1,1,0,0,0
154007,Oktel Dragonblood,,Thane of the Drekirjar,,4,6,0,0,63370,0,0,0,0,1,1,1,107703,107703,0
154021,Lady Zantessa,,,,0,7,0,0,86752,92002,0,0,0,1,1,1,0,0,0
154030,Oddly Large Mawrat,,,,0,1,127,0,95749,0,0,0,1,1,1,1,0,0,0
154047,Sapphronetta Flivvers,,,,0,7,0,0,90543,0,0,0,1,1,1,1,0,0,0
154048,Grizzek Fizzwrench,,,,0,7,0,0,90544,0,0,0,1,1,1,1,0,0,0
154049,Iggy Tailspin,,,,0,7,0,0,91291,0,0,0,1,1,1,1,0,0,0
154050,Archaeo-Tinkologist,,,,0,7,0,0,91558,90716,0,0,1,1,1,1,0,0,0
154055,Archmage Khadgar,,,,1,7,0,0,64045,0,0,0,1,1,1,1,23998,0,0
154073,Roasted Murloc,,,,0,7,0,0,3619,983,0,0,1,1,1,1,0,0,0
154076,Vengeful Earth,,,,2,4,0,0,35202,0,0,0,0,1,1,1,0,0,0
154084,Chain Attach Bunny,,,,0,10,0,0,81212,27823,0,0,0,1,1,1,0,0,0
154099,Fleshless Dead,,,,0,6,154,0,81663,0,0,0,1,1,1,1,0,0,0
154120,Floor 5 Boss Credit,,,,0,10,0,0,11686,0,0,0,1,1,1,1,0,0,0
154121,Floor 10 Boss Credit,,,,0,10,0,0,11686,0,0,0,1,1,1,1,0,0,0
154149,Karolek,,Leatherworking Trainer,,1,7,0,0,1387,0,0,0,1,1,1,1,5289,0,2507
154157,Thund,,,,1,7,0,0,4386,0,0,0,1,1,1,1,31824,0,0
154163,Crystal Stalker,,,,0,10,0,0,81212,27823,0,0,0,1,1,1,0,0,0
154165,Ghostly Whelpling,,,,0,12,0,3,94165,0,0,0,1,1,1,1,0,0,0
154169,Captain Garrick,,,,0,7,0,0,96136,0,0,0,1,1,1,1,163887,163891,0
154170,Austin Huxworth,,,,0,7,0,0,92804,0,0,0,1,1,1,1,0,0,0
154171,Spectral Gryphon Hatchling,,,,0,12,0,0,30412,0,0,0,1,1,1,1,0,0,0
154173,Tamed Bear,,Bjorn's Pet,,0,1,4,0,2378,0,0,0,1,1,1,1,0,0,0
154231,Avatar of Xuen,,,,1,1,0,0,45024,0,0,0,1,1,1,1,0,0,0
154234,Spell Bunny,,,,0,10,0,0,1126,11686,0,0,0,1,1,1,0,0,0
154255,Alliance Warrior,,,,0,7,0,0,89554,89555,89543,89556,1,1,1,1,0,0,0
154259,Horde Mage,,,,0,7,0,0,91678,91679,91680,91681,1,1,1,1,29441,0,0
154260,Horde Shaman,,,,0,7,0,0,91674,91675,91676,91677,1,1,1,1,94681,0,0
154261,Chi-Ji,,The Red Crane,,1,1,0,0,40924,0,0,0,1,1,1,1,0,0,0
154262,Horde Warrior,,,,0,7,0,0,91670,91671,91672,91673,1,1,1,1,0,0,0
154264,Alliance Warrior,,,,0,7,0,0,89554,89555,89543,89556,1,1,1,1,0,0,0
154265,Night Elf Druid,,,,0,7,0,0,91691,91692,91693,91694,1,1,1,1,164316,0,0
154266,Worgen Hunter,,,,0,7,0,0,91682,91683,91684,91685,1,1,1,1,167225,0,167225
154281,Magister Hathorel,,The Sunreavers,,1,7,0,0,91884,0,0,0,0,1,1,1,86987,0,0
154289,Harpy Snatcher,,,,0,7,0,3,63597,0,0,0,1,1,1,1,0,0,0
154290,Harpy Snatcher,,,,0,7,0,3,63597,0,0,0,1,1,1,1,0,0,0
154293,Gazlowe,,,,0,7,0,0,90805,0,0,0,1,1,1,1,0,0,0
154300,Bjorn Stouthands,,,,0,7,0,0,91995,0,0,0,1,1,1,1,0,0,167225
154301,Lindie Springstock,,,,0,7,0,0,91998,0,0,0,1,1,1,1,0,0,0
154302,Alaria,,,,0,7,0,0,91996,0,0,0,1,1,1,1,168117,0,0
154305,Harpy Snatcher,,,,0,7,0,0,63597,0,0,0,1,1,1,1,0,0,0
154306,Harpy Boltcaller,,,,0,7,0,0,63605,0,0,0,1,1,1,1,0,0,0
154327,Austin Huxworth,,,,0,7,0,0,92804,0,0,0,1,1,1,1,0,0,0
154336,Zanj'ir Punisher,,,,1,7,0,0,67527,0,0,0,1,1,1,1,124360,0,0
154341,Orgrimmar Grunt,,,,0,7,0,0,4259,4260,4602,4601,1,1,1,1,0,0,0
154343,Abyssal Carp,,,,0,12,0,3,91925,0,0,0,1,1,1,1,0,0,0
154358,Kua'fon,,,,0,1,0,0,89375,0,0,0,1,1,1,1,0,0,0
154359,Pa'ku,,Lord of Winds,,1,10,0,3,80026,0,0,0,1,1,1,1,0,0,0
154379,Orgrimmar Brave,,,,0,7,0,0,2141,8572,9391,9392,25,25,25,25,0,0,0
154397,Golden Cricket,,,,0,12,0,0,88784,0,0,0,1,1,1,1,0,0,0
154399,Hidden Treasure,,,,0,10,0,0,1126,11686,0,0,0,1,1,1,0,0,0
154409,Voidbound,,,,1,7,0,0,91736,91739,91702,91698,1,1,1,1,0,0,0
154410,Hidden Treasure,,,,0,10,0,0,1126,11686,0,0,0,1,1,1,0,0,0
154411,Hidden Treasure,,,,0,10,0,0,1126,11686,0,0,0,1,1,1,0,0,0
154427,Aggramar,,,,1,7,0,0,78488,0,0,0,1,1,1,1,0,0,0
154428,Aman'Thul,,,,1,7,0,0,78493,0,0,0,1,1,1,1,0,0,0
154429,Eonar,,,,1,7,0,0,78492,0,0,0,1,1,1,1,0,0,0
154430,Golganneth,,,,1,7,0,0,78491,0,0,0,1,1,1,1,0,0,0
154431,Khaz'goroth,,,,1,7,0,0,78490,0,0,0,1,1,1,1,0,0,0
154432,Norgannon,,,,1,7,0,0,78489,0,0,0,1,1,1,1,0,0,0
154435,Ysera,,The Dreamer,,1,2,0,0,62849,0,0,0,1,1,1,1,0,0,0
154437,Alexstrasza,,The Life-Binder,,1,2,0,3,27569,0,0,0,0,1,1,1,0,0,0
154439,Nozdormu,,The Lord of Time,,1,2,0,3,38794,0,0,0,1,1,1,1,0,0,0
154440,Malygos,,,,1,2,0,3,26752,0,0,0,0,1,1,1,0,0,0
154441,Neltharion,,,,1,2,0,0,35361,0,0,0,0,1,1,1,0,0,0
154445,Minimancer,,,,0,12,0,0,92265,0,0,0,1,1,1,1,13698,0,0
154446,Sluggsworth,,,,0,12,0,0,91113,0,0,0,1,1,1,1,0,0,0
154449,Terror of the Deep,,,,0,12,0,2,92094,0,0,0,1,1,1,1,0,0,0
154454,Azeroth,,,,0,10,0,0,29133,0,0,0,0,1,1,1,0,0,0
154459,Horde Vanguard,,,,1,7,0,0,82335,82334,81853,0,1,1,0.5,1,107257,107257,162009
154466,Jaina Proudmoore,,,,1,7,0,0,87892,0,0,0,1,1,1,1,153575,0,0
154507,Invisible Bunny,,,,0,10,0,0,46003,41199,0,0,0,1,1,1,0,0,0
154512,Eye of Fire,,,,0,10,0,0,92101,0,0,0,1,1,1,1,0,0,0
154515,Yu'lon,,The Jade Serpent,,1,1,303,3,40799,0,0,0,1,1,1,1,0,0,0
154517,Xuen,,The White Tiger,,1,1,0,0,41271,0,0,0,1,1,1,1,0,0,0
154549,Eye of Fire,,,,0,10,0,0,92104,0,0,0,1,1,1,1,0,0,0
154581,Nightborne Arcanist,,,,1,7,0,0,67345,0,0,0,1,1,1,1,132171,0,0
154584,Mechagon - Critters,,,,0,12,0,0,78845,78839,78844,68290,1,1,1,1,0,0,0
154591,Tussle Tonks Fanatic,,,,0,7,0,3,91167,91169,91176,91178,1,1,1,1,0,0,0
154594,Lindie Springstock,,,,0,7,0,0,91998,0,0,0,1,1,1,1,168116,168182,0
154595,Spell Bunny,,,,0,10,0,0,1126,11686,0,0,0,1,1,1,0,0,0
154598,Alaria,,,,0,7,0,0,91996,0,0,0,1,1,1,1,168117,0,0
154606,Azure Skywing,,,,1,2,0,3,39337,0,0,0,0,1,1,1,0,0,0
154607,Image of Torcali,,,,1,1,0,0,84542,0,0,0,1,1,1,1,0,0,0
154612,Unleashed Nightmare,,,,1,15,0,0,80423,0,0,0,1,1,1,1,0,0,0
154613,Bjorn Stouthands,,,,0,7,0,0,91995,0,0,0,1,1,1,1,0,0,167225
154616,Tamed Bear,,Bjorn's Pet,,0,1,4,0,2378,0,0,0,1,1,1,1,0,0,0
154625,Chyrus,,Paragon of Humility,,0,7,0,0,95013,0,0,0,1,1,1,1,174424,0,0
154627,Xandria,,Paragon of Courage,,1,7,0,0,95012,0,0,0,1,1,1,1,174438,0,0
154629,Thenios,,Paragon of Wisdom,,1,7,0,0,95016,0,0,0,1,1,1,1,176074,174433,0
154638,Grand Empress Shek'zara,,,,1,7,0,0,92227,0,0,0,1,1,1,1,0,0,0
154662,Harpy Snatcher,,,,0,7,0,3,63597,0,0,0,1,1,1,1,0,0,0
154693,Adventurous Hopling,,,,0,12,0,0,92073,0,0,0,1,1,1,1,0,0,0
154697,Sandclaw Pincher,,,,0,14,0,0,75366,75372,0,0,1,1,1,1,0,0,0
154702,Sandclaw Sunshell,,,,0,14,0,0,75379,0,0,0,1,1,1,1,0,0,0
154704,Glimmershell Scuttler,,,,0,14,0,0,92154,0,0,0,1,1,1,1,0,0,0
154706,Chitterspine Skitterling,,,,0,14,0,0,91023,91022,0,0,1,1,1,1,0,0,0
154708,Hissing Chitterspine,,,,0,14,0,0,91026,0,0,0,1,1,1,1,0,0,0
154710,Great Sea Albatross,,,,0,14,0,3,78151,77903,77902,0,1,1,1,1,0,0,0
154711,Great Sea Albatross,,,,0,8,0,3,77902,77903,78151,0,1,1,1,1,0,0,0
154712,Deeptide Fingerling,,,,0,14,0,3,90512,90514,90945,0,1,1,1,1,0,0,0
154714,Bloodseeker,,,,0,14,0,3,90946,0,0,0,1,1,1,1,0,0,0
154716,Spireshell Snail,,,,0,14,0,0,90517,90523,90516,90522,1,1,1,1,0,0,0
154717,Spireshell Snail,,,,0,8,0,0,90524,90518,90522,90516,1,1,1,1,0,0,0
154718,Blackchasm Crawler,,,,0,14,0,0,90520,90526,0,0,1,1,1,1,0,0,0
154719,Blackchasm Crawler,,,,0,8,0,0,90520,90526,0,0,1,1,1,1,0,0,0
154720,Chitterspine Deepstalker,,,,0,14,0,0,91025,0,0,0,1,1,1,1,0,0,0
154722,Trench Slug,,,,0,14,0,0,91113,0,0,0,1,1,1,1,0,0,0
154723,Trench Slug,,,,0,8,0,0,91113,0,0,0,1,1,1,1,0,0,0
154724,Muck Slug,,,,0,14,0,0,91087,91110,91112,0,1,1,1,1,0,0,0
154725,Muck Slug,,,,0,8,0,0,91112,91110,91087,0,1,1,1,1,0,0,0
154728,Aeonus,,,,1,3,0,0,20510,0,0,0,0,1,1,1,0,0,0
154732,Ner'zhul,,,,1,7,0,0,58912,0,0,0,1,1,1,1,110990,0,0
154733,Yalnu,,,,1,7,0,0,57231,0,0,0,1,1,1,1,118057,0,0
154735,Scourgelord Tyrannus,,,,1,6,0,0,30277,0,0,0,0,1,1,1,0,0,0
154767,Rustyroot Snooter,,,,0,14,0,0,88762,88765,0,0,1,1,1,1,0,0,0
154769,Duskytooth Snooter,,,,0,14,0,0,88763,0,0,0,1,1,1,1,0,0,0
154771,Junkheap Roach,,,,0,14,0,0,88786,88788,0,0,1,1,1,1,0,0,0
154772,Junkheap Roach,,,,0,8,0,0,88788,88786,0,0,1,1,1,1,0,0,0
154773,Experimental Roach,,,,0,14,0,0,88789,0,0,0,1,1,1,1,0,0,0
154774,Experimental Roach,,,,0,8,0,0,88789,0,0,0,1,1,1,1,0,0,0
154775,Fleeting Frog,,,,0,14,0,0,78832,0,0,0,0,1,1,1,0,0,0
154777,Yellow Junkhopper,,,,0,14,0,0,78851,0,0,0,0,1,1,1,0,0,0
154779,Motorized Croaker,,,,0,14,0,0,78843,78842,78841,0,1,1,1,1,0,0,0
154781,Copper Hopper,,,,0,14,0,0,78839,0,0,0,0,1,1,1,0,0,0
154783,Rustbolt Clucker,,,,0,14,0,0,75327,0,0,0,1,1,1,1,0,0,0
154784,Rustbolt Clucker,,,,0,8,0,0,75327,0,0,0,1,1,1,1,0,0,0
154785,Mechagon Marmot,,,,0,14,0,0,75347,75345,0,0,1,1,1,1,0,0,0
154787,Specimen 97,,,,0,14,0,0,75358,0,0,0,1,1,1,1,0,0,0
154789,Alloyed Alleyrat,,,,0,14,0,0,75350,0,0,0,1,1,1,1,0,0,0
154791,Scrapyard Tunneler,,,,0,14,0,0,75354,75352,75355,0,1,1,1,1,0,0,0
154793,Spell Bunny,,,,0,10,0,0,1126,11686,0,0,0,1,1,1,0,0,0
154794,H4ND-EE,,,,0,14,0,0,74802,0,0,0,1,1,1,1,0,0,0
154796,Clanking Scrapsorter,,,,0,14,0,0,74803,0,0,0,1,1,1,1,0,0,0
154798,Malfunctioning Microbot,,,,0,14,0,0,90875,91631,91293,0,1,1,1,1,0,0,0
154803,Twilight Whelpling,,,,0,14,0,3,10095,0,0,0,1,1,1,1,0,0,0
154809,7th Legion Guardsman,,,,1,7,0,0,34294,34295,34296,34297,1,1,1,1,2178,143,155816
154814,Abyssal Slitherling,,,,0,14,0,0,78241,78242,0,0,4,1,1,1,0,0,0
154817,King Mechagon,,,,1,9,0,0,101862,0,0,0,1,1,1,1,0,0,0
154819,Zanj'ir Poker,,,,0,12,0,0,88873,0,0,0,1,1,1,1,164729,0,0
154820,Murgle,,,,0,12,0,0,91235,0,0,0,1,1,1,1,0,0,0
154821,Necrofin Tadpole,,,,0,12,0,0,86465,0,0,0,1,1,1,1,0,0,0
154822,Kelpfin,,,,0,12,0,0,88874,0,0,0,1,1,1,1,164730,0,0
154823,Glittering Diamondshell,,,,0,14,0,0,75367,75368,75369,75370,5,4,3,2,0,0,0
154824,Sandclaw Nestseeker,,,,0,14,0,0,75374,0,0,0,1,1,1,1,0,0,0
154825,Pearlescent Glimmershell,,,,0,14,0,0,92157,0,0,0,1,1,1,1,0,0,0
154826,Lustrous Glimmershell,,,,0,14,0,0,90868,0,0,0,1,1,1,1,0,0,0
154827,Brilliant Glimmershell,,,,0,14,0,0,92156,0,0,0,1,1,1,1,0,0,0
154828,Chitterspine Needler,,,,0,14,0,0,91027,0,0,0,1,1,1,1,0,0,0
154829,Caverndark Nightmare,,,,0,14,0,0,91024,0,0,0,1,1,1,1,0,0,0
154830,Chitterspine Devourer,,,,0,14,0,0,91021,0,0,0,1,1,1,1,0,0,0
154831,Lightless Ambusher,,,,0,14,0,0,91028,0,0,0,1,1,1,1,0,0,0
154832,Spawn of Nalaada,,,,0,12,26,0,78240,0,0,0,1,1,1,1,0,0,0
154833,Mindlost Bloodfrenzy,,,,0,12,0,3,90513,0,0,0,1,1,1,1,0,0,0
154834,Daggertooth Frenzy,,,,0,12,0,3,90944,0,0,0,1,1,1,1,0,0,0
154835,Nameless Octopode,,,,0,12,0,0,88019,88033,0,0,99,1,1,1,0,0,0
154836,Amethyst Softshell,,,,0,12,0,0,90519,90525,0,0,1,1,1,1,0,0,0
154837,Prismatic Softshell,,,,0,12,0,0,90515,90521,0,0,1,1,1,1,0,0,0
154838,Damplight Slug,,,,0,12,0,0,91111,0,0,0,1,1,1,1,0,0,0
154839,Wriggler,,,,0,12,0,0,91114,0,0,0,1,1,1,1,0,0,0
154840,Seafury,,,,0,12,0,0,88619,0,0,0,1,1,1,1,0,0,0
154841,Stormwrath,,,,0,12,0,0,50613,0,0,0,1,1,1,1,0,0,0
154842,Sandkeep,,,,0,12,0,0,47252,0,0,0,1,1,1,1,0,0,0
154843,Scalebrood Hydra,,,,0,12,0,0,92159,92160,92161,0,0.74,0.01,0.24,1,0,0,0
154845,Brinestone Algan,,,,0,12,0,0,90991,0,0,0,1,1,1,1,0,0,0
154846,Budding Algan,,,,0,12,0,0,90993,0,0,0,1,1,1,1,0,0,0
154847,Coral Lashling,,,,0,14,0,0,80466,0,0,0,1,1,1,1,0,0,0
154848,Skittering Eel,,,,0,14,0,0,92158,0,0,0,1,1,1,1,0,0,0
154849,Drowned Hatchling,,,,0,12,0,3,92162,0,0,0,1,1,1,1,0,0,0
154850,Golden Snorf,,,,0,12,0,0,88764,0,0,0,1,1,1,1,0,0,0
154851,Snowsoft Nibbler,,,,0,12,0,0,88761,0,0,0,1,1,1,1,0,0,0
154852,Mustyfur Snooter,,,,0,12,0,0,88766,0,0,0,1,1,1,1,0,0,0
154853,OOX-35/MG,,,,0,12,35,0,75332,75333,75334,75337,1,1,1,1,0,0,0
154854,Lost Robogrip,,,,0,12,0,0,74801,0,0,0,1,1,1,1,0,0,0
154855,Utility Mechanoclaw,,,,0,12,0,0,74800,0,0,0,1,1,1,1,0,0,0
154856,Microbot XD,,,,0,12,0,0,90878,90876,0,0,9,1,1,1,0,0,0
154857,Microbot 8D,,,,0,12,0,0,90874,0,0,0,1,1,1,1,0,0,0
154866,Falstad Wildhammer,,High Thane,,1,7,0,3,32681,0,0,0,1,1,1,1,30445,0,0
154868,Riding Gryphon,,,,0,1,160,0,85523,0,0,0,1,1,1,1,0,0,0
154872,Swiftwing,,,,1,1,160,0,87495,0,0,0,1,1,1,1,0,0,0
154880,Droozun,,,,0,3,15,0,77398,0,0,0,1,1,1,1,0,0,0
154881,Flaadym,,,,0,3,15,0,77398,0,0,0,1,1,1,1,0,0,0
154882,Greenom,,,,0,3,15,0,77398,0,0,0,1,1,1,1,0,0,0
154883,Ghaanam,,,,0,3,15,0,77398,0,0,0,1,1,1,1,0,0,0
154884,Khaalum,,,,0,3,15,0,77398,0,0,0,1,1,1,1,0,0,0
154885,Pryyshin,,,,0,3,15,0,77398,0,0,0,1,1,1,1,0,0,0
154886,Thoodhon,,,,0,3,15,0,77398,0,0,0,1,1,1,1,0,0,0
154887,Maagrym,,,,0,3,15,0,77398,0,0,0,1,1,1,1,0,0,0
154893,Bonebiter,,,,0,14,0,0,81215,81214,0,0,1,1,1,1,0,0,0
154894,Arachnoid Skitterbot,,,,0,12,0,0,90413,0,0,0,1,1,1,1,0,0,0
154895,Captain Dawnsail,,,,0,7,0,0,90143,0,0,0,1,1,1,1,155675,64539,0
154904,Echoing Oozeling,,,,0,12,0,0,91656,0,0,0,1,1,1,1,0,0,0
154905,Riding Gryphon,,,,0,1,160,0,85523,0,0,0,1,1,1,1,0,0,0
154910,Prince Wiggletail,,,,0,14,0,0,88872,0,0,0,1,1,1,1,164728,0,0
154911,Chomp,,,,0,14,0,0,90768,0,0,0,1,1,1,1,0,0,0
154912,Silence,,,,0,14,0,0,90733,0,0,0,1,1,1,1,0,0,0
154913,Shadowspike Lurker,,,,0,14,0,0,91021,0,0,0,1,1,1,1,0,0,0
154914,Pearlhusk Crawler,,,,0,14,0,0,92187,0,0,0,1,1,1,1,0,0,0
154915,Elderspawn of Nalaada,,,,0,14,0,0,78244,0,0,0,1,1,1,1,0,0,0
154916,Ravenous Scalespawn,,,,0,14,0,0,92159,92160,92161,0,1,1,1,1,0,0,0
154917,Mindshackle,,,,0,14,0,0,31985,0,0,0,1,1,1,1,0,0,0
154918,Kelpstone,,,,0,14,0,0,90990,0,0,0,1,1,1,1,0,0,0
154919,Voltgorger,,,,0,14,0,0,91862,0,0,0,1,1,1,1,0,0,0
154920,Frenzied Knifefang,,,,0,14,0,0,90944,0,0,0,1,1,1,1,0,0,0
154921,Giant Opaline Conch,,,,0,14,0,0,90521,0,0,0,1,1,1,1,0,0,0
154922,Gnomefeaster,,,,0,14,0,0,91656,0,0,0,1,1,1,1,0,0,0
154923,Sputtertube,,,,0,14,0,0,91631,0,0,0,1,1,1,1,0,0,0
154924,Goldenbot XD,,,,0,14,0,0,90877,0,0,0,1,1,1,1,0,0,0
154925,Creakclank,,,,0,14,0,0,90711,0,0,0,1,1,1,1,0,0,0
154926,CK-9 Micro-Oppression Unit,,,,0,14,0,0,92239,0,0,0,1,1,1,1,0,0,0
154927,Unit 35,,,,0,14,0,0,75331,0,0,0,1,1,1,1,0,0,0
154928,Unit 6,,,,0,14,0,0,78836,0,0,0,1,1,1,1,0,0,0
154929,Unit 17,,,,0,14,0,0,75348,0,0,0,1,1,1,1,0,0,0
154940,Blob Bunny,,,,0,10,0,0,1126,11686,0,0,0,1,1,1,0,0,0
154945,Mecha-Mon,,,,1,9,0,0,90855,0,0,0,1,1,1,1,0,0,0
154946,Anodized Coilbearers,,,,1,9,0,0,91123,0,0,0,1,1,1,1,0,0,0
154949,Zanj'ir Brutalizer,,,,4,7,0,0,67397,0,0,0,1,1,1,1,0,0,0
154957,Freya,,,,1,5,0,0,28777,0,0,0,0,1,1,1,0,0,0
154988,Blademaster Okani,,,,0,7,0,0,90940,0,0,0,1,1,1,1,168992,0,0
154993,Auctioneer Sowata,,,,0,7,0,0,34110,0,0,0,1,1,1,1,0,0,0
154994,Kaja,,Bow & Rifle Vendor,,0,7,0,0,1322,0,0,0,100,1,1,1,0,0,0
154995,Rento,,Skinning Trainer,,0,7,0,0,34113,0,0,0,1,1,1,1,0,0,0
154996,Lonto,,Stable Master,,0,7,0,0,34111,0,0,0,1,1,1,1,0,0,0
154997,Tatepi,,Banker,,0,7,0,0,34066,0,0,0,100,1,1,1,0,0,0
154998,Isashi,,Trade Supplies,,0,7,0,0,34108,0,0,0,1,1,1,1,0,0,0
154999,Owato,,General Goods,,0,7,0,0,34107,0,0,0,1,1,1,1,0,0,0
155000,Seer Liwatha,,Priest Trainer,,0,7,0,0,145201,0,0,0,0,1,1,1,116372,0,0
155001,Nahu Ragehoof,,Warrior Trainer,,0,7,0,0,34045,0,0,0,1,1,1,1,0,0,0
155002,Nohi Plainswalker,,Hunter Trainer,,0,7,0,0,34059,0,0,0,1,1,1,1,0,0,0
155003,Highmountain Pathfinder,,,,0,7,0,0,82820,82821,83227,83228,1,1,1,1,0,0,0
155004,Kithas,,Enchanting Supplies,,0,7,0,0,99823,0,0,0,100,1,1,1,0,0,0
155005,Godan,,Enchanting Trainer,,0,7,0,0,1366,0,0,0,100,1,1,1,0,0,0
155006,Enchanter Farendin,,,,0,7,0,0,34932,0,0,0,1,1,1,1,0,0,0
155013,Zanj'ir Myrmidons,,,,0,7,0,0,91621,0,0,0,1,1,1,1,169095,0,0
155016,Azsh'ari Siegemistress,,,,0,7,0,0,91572,0,0,0,1,1,1,1,169100,0,0
155017,Sandscale Hydras,,,,0,1,68,0,90033,0,0,0,1,1,1,1,0,0,0
155018,Naga Royal Guard,,,,1,7,0,0,29219,0,0,0,1,1,1,1,0,0,0
155020,Imperial Defender,,,,1,7,0,0,91303,0,0,0,1,1,1,1,0,0,0
155029,Kil'karrok Seers,,,,0,7,0,0,91240,0,0,0,1,1,1,1,0,0,0
155033,Zanj'ir Tidelord,,,,1,7,0,0,29219,84029,0,0,1,1,1,1,0,0,0
155035,Malfunctioning Scrapbots,,,,0,9,0,0,91017,0,0,0,1,1,1,1,0,0,0
155036,Mechanized Crawlers,,,,0,9,0,0,90712,0,0,0,1,1,1,1,0,0,0
155037,Statue to Ravnyr,,,,1,2,0,0,67132,0,0,0,1,1,1,1,0,0,0
155040,Image of Queen Azshara,,,,1,7,0,0,90669,0,0,0,1,1,1,1,0,0,0
155068,Blackmane,,,,0,14,0,0,70474,0,0,0,1,1,1,1,0,0,0
155076,Spell Bunny,,,,0,10,0,0,1126,11686,0,0,0,1,1,1,0,0,0
155077,Spell Bunny,,,,0,10,0,0,1126,11686,0,0,0,1,1,1,0,0,0
155080,Spell Bunny,,,,0,10,0,0,1126,11686,0,0,0,1,1,1,0,0,0
155081,Sparkweaver Ohm,,,,0,9,0,0,73601,0,0,0,1,1,1,1,0,0,0
155082,Motoegg Tender,,,,0,9,0,0,73603,0,0,0,1,1,1,1,0,0,0
155087,Captain Garrick,,,,0,7,0,0,92690,0,0,0,1,1,1,1,163887,163891,0
155091,Malicious Toxic Lurker,,,,0,15,0,0,40976,0,0,0,1,1,1,1,0,0,0
155092,Congealed Oils,,,,0,15,0,0,33008,33007,0,0,1,1,1,1,0,0,0
155093,Houndstooth,,,,0,9,154,0,68852,68853,68854,68855,1,1,1,1,0,0,0
155117,Cutthroat Crew,,,,0,7,0,0,81785,81786,81787,81788,1,1,1,1,0,0,0
155118,Zandalari Canoneers,,,,0,7,0,0,81126,81128,0,0,1,1,1,1,0,0,0
155119,7th Legion Rifleman,,,,0,7,0,0,53107,53108,55344,55345,1,1,1,1,1906,0,120060
155121,7th Legion Cannoneer,,,,0,7,0,0,21798,0,0,0,1,1,1,1,1906,0,120060
155123,7th Legion Marine,,,,0,7,0,0,26997,26998,27331,0,1,1,1,1,1493,143,2552
155126,Queen Azshara,,,,1,7,0,0,92225,0,0,0,1,1,1,1,0,0,0
155128,N'Zoth,,,,1,10,0,3,20324,84240,0,0,0,1,1,1,0,0,0
155136,Lady Zharessa,,Champion of Azshara,,1,7,0,0,91766,0,0,0,1,1,1,1,0,0,0
155141,Sky Ray,,,,1,1,34,3,90734,0,0,0,1,1,1,1,0,0,0
155142,Alliance Warrior,,,,0,7,0,0,89554,89555,89543,89556,1,1,1,1,163534,0,0
155145,Plagued Critters,,,,0,14,0,0,88785,0,0,0,1,1,1,1,0,0,0
155146,Kor'kron Headhunters,,,,1,7,0,0,48525,48526,48527,48528,1,1,1,1,13631,0,88712
155147,Captain Razorclaw,,,,1,7,0,0,68561,0,0,0,1,1,1,1,134846,0,0
155148,Captain Zizo,,,,0,7,0,0,67661,0,0,0,1,1,1,1,0,0,0
155149,Captain Angelica,,,,0,7,0,0,70770,0,0,0,1,1,1,1,0,0,0
155150,Captain Rez'okun,,,,0,7,0,0,81389,0,0,0,1,1,1,1,0,0,0
155151,Night Elf Druid,,,,0,7,0,0,91691,91692,91693,91694,1,1,1,1,164316,0,0
155152,Captain Holgresh,,,,0,7,0,0,89216,0,0,0,1,1,1,1,117577,117577,0
155153,Worgen Hunter,,,,0,7,0,0,91682,91683,91684,91685,1,1,1,1,167225,0,167225
155154,AMZ-82 Primary Delivery Unit,,,,1,9,0,3,92099,0,0,0,1,1,1,1,0,0,0
155155,Clamps,,,,1,9,0,0,91017,0,0,0,1,1,1,1,0,0,0
155156,Jaina Proudmoore,,,,1,7,0,0,87892,0,0,0,1,1,1,1,153575,0,0
155157,HK-8 Aerial Oppression Unit,,,,1,9,0,3,92099,0,0,0,1,1,1,1,0,0,0
155158,First Arcanist Thalyssra,,,,1,7,0,0,67345,0,0,0,1,1,1,1,132171,0,0
155159,Supercharged Coilbearer,,,,1,9,0,0,91123,0,0,0,1,1,1,1,0,0,0
155161,Shandris Feathermoon,,,,1,7,0,0,86964,0,0,0,1,1,1,1,45078,0,55048
155162,Lor'themar Theron,,,,1,7,0,0,17122,0,0,0,1,1,1,1,168606,0,86538
155163,Orc Wolf Rider,,The Horde,,0,7,0,0,91670,91671,91672,91673,1,1,1,1,165264,165264,0
155170,Risen Villager,,,,0,6,0,0,1196,10970,83705,22124,1,1,1,1,0,0,0
155174,Unholy Skeleton,,,,0,6,0,0,158,7869,79406,0,1,1,1,1,0,0,0
155175,Gargoyle,,,,0,6,0,3,7854,7534,0,0,1,1,1,1,0,0,0
155177,Zanj'ir Punisher,,,,1,7,0,0,67527,0,0,0,1,1,1,1,124360,0,0
155186,Alliance Soldier,,,,0,7,0,0,91897,0,0,0,1,1,1,1,0,0,0
155192,Harpy Ambusher,,,,0,7,0,2,63605,0,0,0,1,1,1,1,0,0,0
155196,Austin Huxworth,,,,0,7,0,0,92804,0,0,0,1,1,1,1,0,0,0
155197,Henry Garrick,,,,0,7,0,0,92751,0,0,0,1,1,1,1,0,0,0
155199,Kee-La,,,,0,7,0,0,91997,0,0,0,1,1,1,1,0,0,0
155210,Spell Bunny,,,,0,10,0,0,1126,11686,0,0,0,1,1,1,0,0,0
155212,Engorged Bloodfin Murloc,,,,0,7,0,0,91234,0,0,0,1,1,1,1,60765,0,0
155213,Scaleguard Commander,,,,0,7,0,0,91624,0,0,0,1,1,1,1,2179,108622,0
155214,Shirakess Enthraller,,,,1,7,0,0,65201,0,0,0,1,1,1,1,0,0,0
155217,Spell Bunny,,,,0,10,0,0,1126,11686,0,0,0,1,1,1,0,0,0
155240,Gruesome Belcher,,,,0,12,0,0,92266,0,0,0,1,1,1,1,0,0,0
155241,Chief Telemancer Oculeth,,,,0,7,0,0,73853,0,0,0,1,1,1,1,0,0,0
155244,Ziggy,,,,0,12,0,3,23057,0,0,0,1,1,1,1,0,0,0
155246,Crypt Fiend,,,,0,12,0,0,9758,0,0,0,1,1,1,1,0,0,0
155248,Shrieker,,,,0,12,0,0,10723,0,0,0,1,1,1,1,0,0,0
155267,Risen Guard,,,,0,14,0,0,1196,10970,83705,22124,1,1,1,1,0,0,0
155268,Risen Noble,,,,0,14,0,0,1196,10970,83705,22124,1,1,1,1,0,0,0
155309,Lookout Torgondo,,,,0,6,0,0,80169,0,0,0,1,1,1,1,155277,0,155275
155310,Abandoned Sea Dog,,,,0,6,0,0,80163,0,0,0,1,1,1,1,155277,0,0
155311,Stranded Gunner,,,,0,6,0,0,80207,0,0,0,1,1,1,1,116573,116573,0
155317,Grit,,Gob Squad,,0,7,0,0,30312,0,0,0,1,1,1,1,0,0,46383
155318,Ticker,,Gob Squad,,0,7,0,0,30314,0,0,0,1,1,1,1,0,0,47523
155319,Newt,,Gob Squad,,0,7,0,0,30316,0,0,0,1,1,1,1,0,0,45937
155322,Volt,,Gob Squad,,0,7,0,0,30313,0,0,0,1,1,1,1,0,49617,28581
155323,Patch,,Gob Squad,,0,7,0,0,30315,0,0,0,1,1,1,1,0,49617,45937
155326,Fellyia Wildsong,,Outpost Commander,,0,7,0,0,87626,0,0,0,1,1,1,1,160482,143,0
155327,7th Legion Scout,,,,0,7,0,0,84614,84616,84617,84618,1,1,1,1,0,0,37249
155328,Spud,,,,0,1,296,0,87913,0,0,0,1,1,1,1,0,0,0
155331,Azerite Behemoth,,,,4,4,0,0,82155,0,0,0,1,1,1,1,0,0,0
155332,Incandescent Azergem Crystalback,,,,4,4,0,0,89818,0,0,0,1,1,1,1,0,0,0
155333,Pulsing Azerite Geode,,,,2,4,0,0,37518,0,0,0,1,1,1,1,0,0,0
155335,Agitated Azerite,,,,0,4,0,0,83052,0,0,0,1,1,1,1,0,0,0
155341,Reinforced Sparkweave Egg,,,,0,10,0,0,82382,0,0,0,1,1,1,1,0,0,0
155343,Motospider Egg,,,,0,10,0,0,82382,0,0,0,1,1,1,1,0,0,0
155348,Blackmane,,,,0,6,0,0,70474,0,0,0,1,1,1,1,0,0,0
155413,Postmaster Malown,,,,1,6,0,0,10669,0,0,0,100,1,1,1,12751,0,0
155414,Ezra Grimm,,,,1,6,0,0,10475,0,0,0,1,1,1,1,0,0,0
155452,Spell Bunny,,,,0,10,0,0,1126,11686,0,0,0,1,1,1,0,0,0
155463,Elite Battlemage,,,,1,7,0,0,91665,91666,91668,91667,1,1,1,1,0,0,0
155464,Raging Fire Elemental,,,,0,4,0,0,1070,0,0,0,1,1,1,1,0,0,0
155478,FX STalker,,,,0,10,0,3,64062,11686,0,0,0,1,1,1,0,0,0
155486,Gotri,,,,1,7,0,0,99814,0,0,0,1,1,1,1,0,0,0
155498,General Purpose Stalker,,,,0,10,0,0,47399,11686,0,0,0,1,1,1,0,0,0
155500,kramer stalker,,,,0,3,0,3,11686,0,0,0,1,1,1,1,0,0,0
155504,Darkhaven Dweller,,,,0,7,0,0,92381,92380,94743,94744,1,1,1,1,0,0,0
155532,Summoned Zephyr,,,,0,4,0,3,92726,0,0,0,1,1,1,1,0,0,0
155533,Lord Chamberlain,,,,1,7,0,0,92394,0,0,0,1,1,1,1,0,0,0
155540,General Draven,,,,1,7,0,0,92399,0,0,0,1,1,1,1,0,0,0
155541,General Kaal,,Commander of the Stone Legion,,1,7,0,0,92400,0,0,0,1,1,1,1,0,0,0
155564,[UNUSED]Rockfall,,,,0,10,0,0,81209,27823,0,0,0,1,1,1,0,0,0
155579,Irradiated Elementaling,,,,0,12,0,0,80254,0,0,0,1,1,1,1,0,0,0
155590,Spell Bunny,,,,0,10,0,0,1126,11686,0,0,0,1,1,1,0,0,0
155594,Spell Bunny,,,,0,10,0,0,1126,11686,0,0,0,1,1,1,0,0,0
155596,Brewfest Chowdown Kill Credit,,,,0,10,0,0,11686,0,0,0,1,1,1,1,0,0,0
155600,Spraybot 0D,,,,0,12,0,0,91631,0,0,0,1,1,1,1,0,0,0
155603,Void-Twisted Wyrmkiller,,,,0,2,0,3,34652,0,0,0,1,1,1,1,0,0,0
155609,Captain Garrick,,,,0,7,0,0,92690,0,0,0,1,1,1,1,163887,163891,0
155614,First Arcanist Thalyssra,,,,1,7,0,0,67345,0,0,0,1,1,1,1,132171,0,0
155615,Neri Sharpfin,,,,0,7,0,0,91373,0,0,0,1,1,1,1,168165,168165,0
155643,Overzealous Hulk,,,,1,7,0,3,80968,0,0,0,1,1,1,1,0,0,0
155648,Twinklehoof Bovine,,,,1,1,0,0,1060,0,0,0,1,1,1,1,0,0,0
155654,Spell Bunny,,,,0,10,0,0,1126,11686,0,0,0,1,1,1,0,0,0
155659,Alexstrasza Dragon form,,The Life-Binder,,1,2,0,0,27569,0,0,0,0,1,1,1,0,0,0
155666,Ravnyr,,,,1,2,0,3,67132,0,0,0,1,1,1,1,0,0,0
155668,Rendle,,,,0,7,0,0,92398,0,0,0,1,1,1,1,0,0,0
155676,Cudgelface,,,,0,7,0,0,92397,0,0,0,1,1,1,1,0,0,0
155681,Shade,,,,0,6,0,3,90426,0,0,0,1,1,1,1,0,0,0
155687,Mechanocat,,,,0,9,154,0,74804,0,0,0,1,1,1,1,0,0,0
155695,Spell Bunny,,,,0,10,0,0,1126,11686,0,0,0,1,1,1,0,0,0
155696,Rustbolt Spraybot,,,,6,9,0,0,91631,0,0,0,1,1,1,1,0,0,0
155709,Mechanocat,,,,0,9,154,0,74809,0,0,0,1,1,1,1,0,0,0
155710,Mechanocat,,,,0,9,154,0,74808,0,0,0,1,1,1,1,0,0,0
155711,Mechanocat,,,,0,9,154,0,74807,0,0,0,1,1,1,1,0,0,0
155712,Mechanocat,,,,0,9,154,0,74810,0,0,0,1,1,1,1,0,0,0
155713,Mechanocat,,,,0,9,154,0,74805,0,0,0,1,1,1,1,0,0,0
155714,Mechanocat,,,,0,9,154,0,74812,0,0,0,1,1,1,1,0,0,0
155715,Mechanocat,,,,0,9,154,0,74811,0,0,0,1,1,1,1,0,0,0
155716,Mechanocat,,,,0,9,154,0,74806,0,0,0,1,1,1,1,0,0,0
155718,Void Dragon,,,,1,2,0,2,92168,0,0,0,0,1,1,1,0,0,0
155722,Shade,,,,0,6,0,3,90426,0,0,0,1,1,1,1,0,0,0
155735,Zanj'ir Trapper,,,,0,7,0,0,91626,0,0,0,1,1,1,1,54539,0,0
155736,Shirakess Overseer,,,,0,7,0,0,91570,0,0,0,1,1,1,1,0,169034,0
155771,Gazlowe,,,,0,7,0,0,90805,0,0,0,1,1,1,1,0,0,0
155772,Gila Crosswires,,,,0,7,0,0,90788,0,0,0,1,1,1,1,0,0,0
155773,Prince Erazmin,,,,1,7,0,0,90798,0,0,0,1,1,1,1,0,0,0
155775,Tinkmaster Overspark,,Chief Architect of Gnomish Engineering,,0,7,0,0,90661,0,0,0,1,1,1,1,0,0,0
155781,Jaina Proudmoore,,,,1,7,0,0,80015,0,0,0,1,1,1,1,0,0,0
155783,Zanj'ir Centurion,,,,1,7,0,0,91623,0,0,0,1,1,1,1,169085,0,0
155786,Varok Saurfang,,,,1,7,0,0,93248,0,0,0,1,1,1,1,118400,0,0
155787,Thrall,,,,1,7,0,0,91636,0,0,0,1,1,1,1,168268,0,0
155788,Master Mathias Shaw,,Leader of SI:7,,1,7,0,0,72253,0,0,0,1,1,1,1,47104,47104,0
155822,Gormson,,,,1,5,0,0,66812,0,0,0,1,1,1,1,0,0,0
155829,Armored Vaultbot,,,,0,12,0,0,92502,0,0,0,1,1,1,1,0,0,0
155851,Grand Empress Shek'zara,,,,1,7,0,0,92227,0,0,0,1,1,1,1,0,0,0
155865,Burnout,,,,0,12,0,0,92580,92581,92582,0,1,1,1,1,0,0,0
155868,Wall Stalker,,,,0,10,0,0,81212,27823,0,0,1,1,1,1,0,0,0
155892,Xiwyllag ATV,,,,0,9,154,0,80512,0,0,0,1,1,1,1,0,0,0
155893,Xiwyllag ATV,,,,0,9,154,0,80510,0,0,0,1,1,1,1,0,0,0
155894,Xiwyllag ATV,,,,0,9,154,0,80511,0,0,0,1,1,1,1,0,0,0
155895,Xiwyllag ATV,,,,0,9,154,0,80513,0,0,0,1,1,1,1,0,0,0
155915,Cosmetic Arcane Wall,,,,0,10,0,0,11686,0,0,0,1,1,1,1,0,0,0
155929,Vereesa Windrunner,,Ranger-General of the Silver Covenant,,1,7,0,0,28222,0,0,0,1,1,1,1,0,0,42140
155931,7th Legion Magus,,,,0,7,0,0,90286,0,0,0,1,1,1,1,0,0,0
155937,Spell Bunny,,,,0,10,0,0,1126,11686,0,0,0,1,1,1,0,0,0
155966,Smokey,,,,0,12,0,0,60441,0,0,0,1,1,1,1,0,0,0
155967,Pyro,,,,0,12,0,3,30356,0,0,0,1,1,1,1,0,0,0
155968,Infectus,,,,0,12,0,0,22124,0,0,0,1,1,1,1,0,0,0
155971,Plagued Mailemental,,,,0,12,0,0,92578,0,0,0,1,1,1,1,0,0,0
155972,Soul Collector,,,,0,12,0,0,73697,0,0,0,1,1,1,1,0,0,0
155974,Lefty,,,,0,12,0,0,34262,0,0,0,1,1,1,1,0,0,0
155998,Archaeo-Tinkologist,,,,0,7,0,0,90554,90716,0,0,1,1,1,1,4994,0,0
156010,Archaeo-Tinkologist,,,,0,7,0,0,90708,0,0,0,1,1,1,1,0,0,0
156019,Tinkmaster Overspark,,Chief Architect of Gnomish Engineering,,0,7,0,0,90661,0,0,0,1,1,1,1,0,0,0
156025,Archaeo-Tinkologist,,,,0,7,0,0,90555,0,0,0,1,1,1,1,0,0,0
156026,Lei Shen,,The Thunder King,,1,7,0,0,46770,0,0,0,1,1,1,1,0,0,0
156027,Warrior,,,,0,7,0,0,92590,0,0,0,1,1,1,1,95505,0,0
156028,Mage,,,,0,7,0,0,92591,0,0,0,1,1,1,1,94974,0,0
156032,Rogue,,,,0,7,0,0,92593,0,0,0,1,1,1,1,94971,94971,0
156033,Hunter,,,,0,7,0,0,92594,0,0,0,1,1,1,1,0,0,94963
156034,Quilen,,,,0,1,0,0,86367,0,0,0,1,1,1,1,0,0,0
156035,Paladin,,,,0,7,0,0,92595,0,0,0,1,1,1,1,94937,94945,0
156036,Priest,,,,0,7,0,0,92596,0,0,0,1,1,1,1,94805,0,0
156037,Druid,,,,0,7,0,0,46755,0,0,0,1,1,1,1,0,0,0
156042,7th Legion Siege Tank,,,,0,9,0,0,84872,0,0,0,1,1,1,1,0,0,0
156070,Varok Saurfang,,,,1,7,0,0,90010,0,0,0,1,1,1,1,118400,0,0
156081,Sinrunner,,,,0,1,299,0,97067,97068,0,0,1,0,1,1,0,0,0
156084,Stoneborn Rebel,,,,0,7,0,0,92604,0,0,0,1,1,1,1,173890,0,0
156116,OOX-35/MG,,,,0,12,35,0,75333,0,0,0,1,1,1,1,0,0,0
156121,Genn Greymane,,King of Gilneas,,1,7,0,0,31177,0,0,0,1,1,1,1,0,0,0
156123,Overlord Geya'rah,,,,1,7,0,0,85555,0,0,0,1,1,1,1,118400,0,0
156138,Archaeo-Tinkologist,,,,0,7,0,0,90554,0,0,0,1,1,1,1,4994,0,0
156139,7th Legion Gyrocopter,,,,1,1,26,0,25587,0,0,0,1,1,1,1,0,0,0
156149,Jack the Hammer,,,,0,7,0,0,30262,0,0,0,1,1,1,1,168239,0,0
156154,Greasemonkey Engineer,,,,0,7,0,0,91535,0,0,0,1,1,1,1,0,0,0
156180,Varok Saurfang,,,,1,7,0,0,93468,0,0,0,1,1,1,1,0,0,0
156190,Highmountain Skyrider,,,,1,1,26,3,70260,0,0,0,1,1,1,1,0,0,0
156191,War Eagle,,,,1,1,26,0,70260,0,0,0,1,1,1,1,0,0,0
156192,Darkhaven Carriage,,,,0,10,0,0,93505,0,0,0,1,1,1,1,0,0,0
156193,Dwarven Rifleman,,,,0,7,0,0,92894,92895,92896,92897,1,1,1,1,0,0,150586
156194,Darnassian Archer,,,,0,7,0,0,92852,92855,92853,92854,1,1,1,1,0,0,164002
156267,Giant Boar,,,,1,1,5,0,97227,0,0,0,1,1,1,1,0,0,0
156277,Defiant Soul,,,,0,6,0,0,90426,0,0,0,1,1,1,1,0,0,0
156280,Lady Jaina Proudmoore,,,,0,7,0,0,88316,0,0,0,1,1,1,1,153575,0,0
156283,Wild Etherling,,,,0,10,0,3,90127,0,0,0,1,1,1,1,0,0,0
156287,Mindless Zombie,,,,0,6,0,0,1201,92691,84195,24707,1,1,1,1,0,0,0
156304,Klaxxi'va Kek,,,,1,7,0,0,43459,0,0,0,1,1,1,1,0,0,0
156305,Klaxxi'va Krik,,,,1,7,0,3,43459,0,0,0,1,1,1,1,0,0,0
156307,Klaxxi'va Set,,,,1,7,0,3,43459,0,0,0,1,1,1,1,0,0,0
156308,Klaxxi'va Vor,,,,1,7,0,0,43459,0,0,0,1,1,1,1,0,0,0
156309,Klaxxi'va Zan,,,,1,7,0,0,43459,0,0,0,1,1,1,1,0,0,0
156310,Klaxxi'va Sra,,,,1,7,0,0,43459,0,0,0,1,1,1,1,0,0,0
156313,Waterlogged Cannon,,,,0,10,0,0,84891,0,0,0,1,1,1,1,0,0,0
156332,Ashenvale Assailant,,,,0,7,0,0,12914,12913,0,0,1,1,1,1,0,0,5258
156334,Gorka,,,,0,7,0,0,28616,0,0,0,1,1,1,1,0,0,5262
156337,Highmountain Warrior,,,,1,1,26,0,65478,0,0,0,1,1,1,1,162007,0,0
156338,Huojin Monk,,,,1,1,26,0,45866,45867,45864,45865,1,1,1,1,0,0,0
156341,Tushui Monk,,,,1,1,26,0,45870,45872,39663,45876,1,1,1,1,0,0,0
156342,Captain Taylor,,,,1,7,0,0,32020,0,0,0,1,1,1,1,45951,0,0
156343,Legionnaire Nazgrim,,,,1,7,0,0,32576,0,0,0,1,1,1,1,30848,0,0
156346,Lady Naz'jar,,,,1,7,0,0,34343,0,0,0,0,1,1,1,32841,0,0
156347,Neptulon,,The Tidehunter,,1,4,0,0,32743,0,0,0,0,1,1,1,0,0,0
156348,Erunak Stonespeaker,,The Earthen Ring,,0,7,0,0,30408,0,0,0,1,1,1,1,51898,0,0
156349,Azsh'ir Warrior,,,,0,7,0,0,31547,37370,0,0,0,1,1,1,5745,0,0
156350,Dophin,,,,0,1,0,3,92639,92637,0,0,1,1,1,1,0,0,0
156352,Kua'fon,,,,0,1,0,2,89375,0,0,0,1,1,1,1,0,0,0
156353,Brutusk,,,,0,1,0,0,28595,0,0,0,1,1,1,1,0,0,0
156394,Spell Bunny,,,,0,10,0,0,1126,11686,0,0,0,1,1,1,0,0,0
156408,Mad Mardivas,,,,0,7,0,0,91886,0,0,0,1,1,1,1,0,0,0
156412,Faceless Mauler,,,,1,7,0,0,32654,0,0,0,0,1,1,1,0,0,0
156425,Dark Ranger Lenara,,,,1,7,0,0,70830,0,0,0,1,1,1,1,45085,45085,166783
156426,Spell Bunny,,,,0,10,0,0,1126,11686,0,0,0,1,1,1,0,0,0
156439,Defeat Eitrigg Credit,,,,0,10,0,0,20570,27823,0,0,0,1,1,1,0,0,0
156444,Kill Credit,,,,0,10,0,0,11686,0,0,0,1,1,1,1,0,0,0
156446,Kill Credit,,,,0,10,0,0,11686,0,0,0,1,1,1,1,0,0,0
156461,Kill Credit,,,,0,10,0,0,11686,0,0,0,1,1,1,1,0,0,0
156464,Wild Etherling,,,,0,10,0,3,90127,0,0,0,1,1,1,1,0,0,0
156465,Kill Credit,,,,0,10,0,0,11686,0,0,0,1,1,1,1,0,0,0
156468,Kill Credit,,,,0,10,0,0,11686,0,0,0,1,1,1,1,0,0,0
156469,Kill Credit,,,,0,10,0,0,11686,0,0,0,1,1,1,1,0,0,0
156470,Kill Credit,,,,0,10,0,0,11686,0,0,0,1,1,1,1,0,0,0
156471,Kill Credit,,,,0,10,0,0,11686,0,0,0,1,1,1,1,0,0,0
156492,Spell Bunny,,,,0,10,0,0,1126,11686,0,0,0,1,1,1,0,0,0
156506,Speak with Lenara Credit,,,,0,10,0,0,20570,27823,0,0,0,1,1,1,0,0,0
156510,Kill Credit,,,,0,10,0,0,11686,0,0,0,1,1,1,1,0,0,0
156513,Calia Menethil,,,,0,7,0,0,92900,0,0,0,1,1,1,1,0,0,0
156515,Derek Proudmoore,,,,0,7,0,0,89429,0,0,0,1,1,1,1,0,0,0
156532,Zombie Servant,,,,0,6,0,0,92693,92691,1197,1198,1,1,1,1,0,0,0
156534,Gor'groth,,,,1,7,0,0,96778,0,0,0,1,1,1,1,0,0,0
156536,Henry Garrick,,,,0,7,0,0,92751,0,0,0,1,1,1,1,0,0,0
156537,Vengeful Swiftclaw,,,,1,1,26,0,90383,90384,0,0,1,1,1,1,122396,122396,0
156553,Kill Credit,,,,0,10,0,0,11686,0,0,0,1,1,1,1,0,0,0
156578,Ozumat Tentacle,,,,0,15,0,0,35100,0,0,0,1,1,1,1,0,0,0
156583,Kill Credit,,,,0,10,0,0,11686,0,0,0,1,1,1,1,0,0,0
156586,Invisible Stalker,,,,0,10,0,3,64062,11686,0,0,0,1,1,1,0,0,0
156587,Lady Jaina Proudmoore,,,,1,7,0,0,87892,0,0,0,1,1,1,1,0,0,0
156594,Ashenvale Commander,,,,0,7,0,0,28485,0,0,0,1,1,1,1,13165,0,5258
156595,Giant Boar,,,,1,1,5,0,52696,0,0,0,1,1,1,1,0,0,0
156607,Alaria,,,,0,7,0,0,99207,0,0,0,1,1,1,1,0,0,0
156609,Bjorn Stouthands,,,,0,7,0,0,91995,0,0,0,1,1,1,1,0,0,0
156610,Austin Huxworth,,,,0,7,0,0,92804,0,0,0,1,1,1,1,0,0,0
156611,Injured Soldier,,,,0,7,0,0,89554,89543,91682,91684,1,1,1,1,0,0,0
156612,Kee-La,,,,0,7,0,0,95210,0,0,0,1,1,1,1,0,0,0
156622,Quartermaster Richter,,,,0,7,0,0,89870,0,0,0,1,1,1,1,0,0,0
156626,Lady Jaina Proudmoore,,,,0,7,0,0,88316,0,0,0,1,1,1,1,153575,0,0
156634,Winter Queen,,,,1,7,0,0,95678,0,0,0,1,1,1,1,0,0,0
156644,Sire Denathrius,,,,1,7,0,0,92797,0,0,0,1,1,1,1,0,0,0
156649,Captain Garrick,,,,0,7,0,0,92690,0,0,0,1,1,1,1,163887,163891,0
156651,Captain Garrick,,,,0,7,0,0,92690,0,0,0,1,1,1,1,163887,163891,0
156659,Reanimated Corpse,,,,0,6,0,0,137,987,24994,24995,1,1,1,1,0,0,0
156662,Captain Garrick,,,,0,7,0,0,92690,0,0,0,1,1,1,1,163887,163891,0
156697,Orgrimmar Brave,,,,1,7,0,0,2141,8572,9391,9392,1,1,1,1,12754,0,0
156714,Kill Credit,,,,0,10,0,0,11686,0,0,0,1,1,1,1,0,0,0
156722,Invisible Stalker,,,,0,10,0,0,64062,11686,0,0,0,1,1,1,0,0,0
156749,Lindie Springstock,,,,0,7,0,0,92830,0,0,0,1,1,1,1,0,0,0
156784,Lindie Springstock,,,,0,7,0,0,91998,0,0,0,1,1,1,1,0,0,0
156796,Wild Etherling,,,,0,10,0,3,90127,0,0,0,1,1,1,1,0,0,0
156799,Wrathion,,,,0,7,0,0,107146,0,0,0,1,1,1,1,0,0,0
156800,Quartermaster Richter,,Supplies and Repairs,,0,7,0,0,89870,0,0,0,1,1,1,1,0,0,0
156801,Private Cole,,,,0,7,0,0,94939,0,0,0,1,1,1,1,0,0,0
156803,Alaria,,,,0,7,0,0,91996,0,0,0,1,1,1,1,0,0,0
156804,Kee-La,,,,0,7,0,0,91997,0,0,0,1,1,1,1,0,0,0
156807,Lady Jaina Proudmoore,,,,0,7,0,0,88316,0,0,0,1,1,1,1,153575,0,0
156808,Small Boar,,,,0,1,5,0,138759,0,0,0,1,1,1,1,0,0,0
156813,Spell Bunny,,,,0,10,0,0,1126,11686,0,0,0,1,1,1,0,0,0
156822,Mistress Mihaela,,Court of Harvesters Quartermaster,,0,7,0,0,92783,0,0,0,1,1,1,1,0,0,0
156833,Henry Garrick,,,,0,7,0,0,92751,0,0,0,1,1,1,1,0,0,0
156859,Henry Garrick,,,,0,7,0,0,92751,0,0,0,1,1,1,1,0,0,0
156860,Kee-La,,,,0,7,0,0,91997,0,0,0,1,1,1,1,0,0,0
156885,Kee-La,,,,0,7,0,0,91997,0,0,0,1,1,1,1,0,0,0
156887,Henry Garrick,,,,0,7,0,0,92751,0,0,0,1,1,1,1,0,0,0
156891,Bjorn Stouthands,,,,0,7,0,0,91995,0,0,0,1,1,1,1,0,0,167225
156897,Invisible Stalker,,,,0,10,0,0,64062,11686,0,0,0,1,1,1,0,0,0
156906,Kill Credit,,,,0,10,0,0,11686,0,0,0,1,1,1,1,0,0,0
156929,Ralia Dreamchaser,,,,0,7,0,0,73350,0,0,0,1,1,1,1,0,0,0
156932,Ralia Dreamchaser,,,,0,7,0,0,91010,0,0,0,1,1,1,1,0,0,0
156935,7th Legion Sergeant,,,,0,7,0,0,89752,0,0,0,1,1,1,1,0,0,0
156939,Kill Credit,,,,0,10,0,0,11686,0,0,0,1,1,1,1,0,0,0
156941,Captain Garrick,,,,0,7,0,0,99445,0,0,0,1,1,1,1,163887,163891,0
156942,Henry Garrick,,,,0,7,0,0,92751,0,0,0,1,1,1,1,0,0,0
156944,Ralia Dreamchaser,,,,0,7,0,0,91010,0,0,0,1,1,1,1,0,0,0
156947,Ralia Dreamchaser,,,,0,7,0,0,91010,0,0,0,1,1,1,1,0,0,0
156948,Meredy Huntswell,,,,0,7,0,0,92795,0,0,0,1,1,1,1,0,0,0
156952,Defiant Soul,,,,0,6,0,3,90426,0,0,0,1,1,1,1,0,0,0
156954,Captain Kelra,,,,0,7,0,0,92825,0,0,0,1,1,1,1,0,0,0
156957,Royal Nightcloak,,,,1,7,0,0,92826,0,0,0,1,1,1,1,173724,0,0
156960,Wrathion,,,,0,7,0,0,107146,0,0,0,1,1,1,1,0,0,0
156961,Lady Jaina Proudmoore,,,,0,7,0,0,88316,0,0,0,1,1,1,1,153575,0,0
156962,Henry Garrick,,,,0,7,0,0,92751,0,0,0,1,1,1,1,0,0,0
156965,Captain Kelra,,,,0,7,0,0,92825,0,0,0,1,1,1,1,0,0,0
156983,Kill Credit,,,,0,10,0,0,11686,0,0,0,1,1,1,1,0,0,0
156984,General Kaal,,Commander of the Stone Legion,,1,7,0,0,92400,0,0,0,1,1,1,1,0,0,0
156985,General Draven,,,,1,7,0,0,92399,0,0,0,1,1,1,1,0,0,0
157019,Onlooker,,,,0,7,0,0,5706,42385,78921,48528,1,1,1,1,0,0,0
157020,Orgrimmar Grunt,,,,0,7,0,0,4259,4260,4602,4601,1.5,1,1,1,5289,0,2507
157021,Stormwind Footman IGC,,,,0,7,0,0,87328,77928,0,0,1,1,1,1,164000,0,0
157022,Stormwind Knight,,,,0,7,0,0,92858,92859,92860,92861,1,1,1,1,109637,143,0
157023,High Overlord's Raider,,,,0,7,0,0,92841,92844,92842,92843,1,1,1,1,134633,134633,0
157024,Eitrigg,,,,0,7,0,0,82115,0,0,0,1,1,1,1,10612,107339,0
157025,Tauren Earthshaker,,,,0,7,0,0,92845,92846,0,0,1,1,1,1,110251,110251,0
157035,Draenei Vindicator,,,,0,7,0,0,92848,92849,92851,0,1,1,1,1,153260,0,0
157040,Valeera Sanguinar,,,,1,7,0,0,67214,0,0,0,0,1,1,1,171193,171193,0
157042,Quartermaster Richter,,,,0,7,0,0,89870,0,0,0,1,1,1,1,0,0,0
157043,Kee-La,,,,0,7,0,0,91997,0,0,0,1,1,1,1,0,0,0
157044,Bjorn Stouthands,,,,0,7,0,0,91995,0,0,0,1,1,1,1,0,0,0
157046,Austin Huxworth,,,,0,7,0,0,92804,0,0,0,1,1,1,1,0,0,0
157049,Helmsman Lenard,,,,0,7,0,0,22661,0,0,0,1,1,1,1,0,0,0
157050,Invisible Stalker,,,,0,10,0,0,64062,11686,0,0,0,1,1,1,0,0,0
157057,Invisible Stalker,,,,0,10,0,0,64062,11686,0,0,0,1,1,1,0,0,0
157059,Zekhan,,,,0,7,0,0,89704,0,0,0,1,1,1,1,0,0,0
157061,Ji Firepaw,,Master of Huojin,,0,7,0,0,39637,0,0,0,1,1,1,1,0,0,0
157063,7th Legion Commander,,,,0,7,0,0,89754,89755,0,0,1,1,1,1,0,0,0
157070,Invisible Stalker,,,,0,10,0,0,64062,11686,0,0,0,1,1,1,0,0,0
157091,Monstrous Cadaver,,,,1,6,0,0,23681,0,0,0,1,1,1,1,0,0,0
157098,The Tarragrue,,,,1,5,0,0,101417,0,0,0,1,1,1,1,0,0,0
157104,Invisible Stalker,,,,0,10,0,0,64062,11686,0,0,0,1,1,1,0,0,0
157112,Invisible Stalker,,,,0,10,0,0,64062,11686,0,0,0,1,1,1,0,0,0
157114,Lightspawn,,,,0,4,0,0,70162,0,0,0,1,1,1,1,0,0,0
157128,Liadrin,,,,0,7,0,0,85924,0,0,0,1,1,1,1,163831,163832,0
157129,Sky-Reaver Korm Blackscar,,,,1,7,0,0,27336,0,0,0,1,1,1,1,43175,43175,21554
157133,Invisible Stalker,,,,0,10,0,0,64062,11686,0,0,0,1,1,1,0,0,0
157230,Lilian Voss,,,,1,7,0,0,85799,0,0,0,1,1,1,1,0,0,0
157260,Soul Emanations,,,,0,10,0,0,11686,0,0,0,1,1,1,1,0,0,0
157297,Invisible Stalker,,,,0,10,0,0,46003,41199,0,0,0,1,1,1,0,0,0
157305,Prince Renathal,,,,1,7,0,0,94910,0,0,0,1,1,1,1,178716,0,0
157314,Soul Scythe,,,,0,10,0,0,11686,0,0,0,1,1,1,1,0,0,0
157326,Maldraxxus - Arena Brawl - Test (MDE),,,,0,6,0,0,92892,0,0,0,1,1,1,1,108433,0,0
157339,Skeleton Cauldron,,,,0,10,0,0,11686,0,0,0,1,1,1,1,0,0,0
157355,Honorbound Siege Tank,,,,0,9,0,0,85115,0,0,0,1,1,1,1,0,0,0
157392,Invisible Stalker,,,,0,7,0,3,21955,11686,0,0,0,1,1,1,0,0,0
157393,Invisible Stalker,,,,0,7,0,3,21955,11686,0,0,0,1,1,1,0,0,0
157394,Invisible Stalker,,,,0,7,0,3,21955,11686,0,0,0,1,1,1,0,0,0
157395,Invisible Stalker,,,,0,7,0,3,21955,11686,0,0,0,1,1,1,0,0,0
157396,Invisible Stalker,,,,0,7,0,3,21955,11686,0,0,0,1,1,1,0,0,0
157397,Invisible Stalker,,,,0,7,0,3,21955,11686,0,0,0,1,1,1,0,0,0
157400,Invisible Stalker,,,,0,7,0,3,21955,11686,0,0,0,1,1,1,0,0,0
157401,Invisible Stalker,,,,0,7,0,3,21955,11686,0,0,0,1,1,1,0,0,0
157402,Invisible Stalker,,,,0,7,0,3,21955,11686,0,0,0,1,1,1,0,0,0
157403,Invisible Stalker,,,,0,7,0,3,21955,11686,0,0,0,1,1,1,0,0,0
157411,Kill Credit,,,,0,10,0,0,11686,0,0,0,1,1,1,1,0,0,0
157445,Spinning Blade,,,,0,10,0,3,11686,0,0,0,1,1,1,1,0,0,0
157487,Flame Vent,,,,0,10,0,0,38191,11686,0,0,0,1,1,1,0,0,0
157490,General Kaal,,Commander of the Stone Legion,,1,7,0,0,92400,0,0,0,1,1,1,1,0,0,0
157505,Onlookers,,,,0,7,0,0,2141,9392,81848,88931,0.5,0.5,1,1,0,0,0
157524,Rikki,,,,0,12,0,0,93204,0,0,0,1,1,1,1,0,0,0
157537,Thrall,,,,1,7,0,0,91636,0,0,0,1,1,1,1,0,0,0
157539,Mushroom Network,,,,0,10,0,3,100001,0,0,0,1,1,1,1,0,0,0
157544,Snang,,Apprentice Tailor,,1,7,0,0,4384,0,0,0,1,1,1,1,110038,110038,0
157549,Giant Beast Mount,,,,0,1,0,0,88870,88870,0,0,1,1,1,1,107412,107409,0
157560,Congealed Doubt,,,,6,15,0,0,94278,0,0,0,1,1,1,1,0,0,0
157564,Necrolord - Warlords,,,,0,7,0,0,74023,0,0,0,1,1,1,1,0,0,0
157566,Margrave Gharmal,,,,1,6,0,0,94473,0,0,0,1,1,1,1,0,0,0
157568,Margrave Sin'dane,,,,1,6,0,0,96075,0,0,0,1,1,1,1,0,0,0
157570,Baroness Draka,,,,1,7,0,0,96443,0,0,0,1,1,1,1,105037,105037,0
157575,Draka,,,,1,7,0,0,49286,0,0,0,1,1,1,1,0,0,0
157635,Lost Sybille,,,,0,7,0,0,93215,0,0,0,1,1,1,1,0,0,0
157636,Stonehead,,,,1,5,0,0,93218,0,0,0,1,1,1,1,0,0,0
157637,The Accuser,,,,1,7,0,0,92764,0,0,0,1,1,1,1,175939,0,0
157640,Theotar,,The Mad Duke,,1,7,0,0,93223,0,0,0,1,1,1,1,0,0,0
157647,Heroic Onlookers,,,,0,7,0,0,93211,93212,93208,93219,1,1,1,1,0,0,0
157666,Revendreth Rubble,,,,0,10,0,0,39810,0,0,0,1,1,1,1,0,0,0
157687,Vesiphone,,Paragon of Purity,,1,7,0,3,95009,0,0,0,1,1,1,1,0,0,0
157697,Lentios,,,,0,1,160,0,93463,0,0,0,1,1,1,1,0,0,0
157715,Gillvanas,,,,0,12,0,0,93312,0,0,0,1,1,1,1,171950,0,171950
157716,Finduin,,,,0,12,0,0,93311,0,0,0,1,1,1,1,0,0,0
157723,Varok Saurfang,,,,1,7,0,0,93248,0,0,0,1,1,1,1,0,0,0
157741,Tormented Ranger,,,,0,6,0,0,11423,10733,0,0,1,1,1,1,0,0,0
157769,Orgrimmar Wind Rider,,,,0,7,0,3,37328,37329,37330,37331,1,1,0,0,5289,0,2507
157854,Kill Credit,,,,0,10,0,0,11686,0,0,0,1,1,1,1,0,0,0
157865,Invisible Stalker,,,,0,10,0,3,64062,11686,0,0,0,1,1,1,0,0,0
157866,Invisible Stalker,,,,0,10,0,3,64062,11686,0,0,0,1,1,1,0,0,0
157867,Invisible Stalker,,,,0,10,0,3,64062,11686,0,0,0,1,1,1,0,0,0
157868,Invisible Stalker,,,,0,10,0,3,64062,11686,0,0,0,1,1,1,0,0,0
157886,Kill Credit,,,,0,10,0,0,11686,0,0,0,1,1,1,1,0,0,0
157895,Baron Vyraz,,,,1,7,0,0,95383,0,0,0,1,1,1,1,174309,0,0
157901,Kill Credit,,,,0,10,0,0,11686,0,0,0,1,1,1,1,0,0,0
157946,Kill Credit,,,,0,10,0,0,11686,0,0,0,1,1,1,1,0,0,0
157952,Invisible Stalker: Skeleton,,,,0,10,0,0,46003,41199,0,0,0,1,1,1,0,0,0
157969,Anima Wyrmling,,,,0,12,0,3,93349,0,0,0,1,1,1,1,0,0,0
157998,Tir Bellas,,High Ascendant,,0,7,0,0,93191,0,0,0,1,1,1,1,0,0,0
158000,Baroness Draka,,,,1,7,0,0,96443,0,0,0,1,1,1,1,0,0,0
158007,Margrave Krexus,,,,1,7,0,0,95062,0,0,0,1,1,1,1,0,0,0
158041,N'Zoth the Corruptor,,,,1,15,0,0,93507,0,0,0,1,1,1,1,0,0,0
158044,Fallen Ranger,,,,0,6,0,0,10728,0,0,0,1,1,1,1,0,0,0
158051,Tiddles,,,,0,8,0,0,72183,0,0,0,1,1,1,1,0,0,0
158057,Rendle,,,,0,7,0,0,92398,0,0,0,1,1,1,1,0,0,0
158058,Cudgelface,,,,0,7,0,0,92397,0,0,0,1,1,1,1,1823,0,0
158079,Spell Bunny,,,,0,10,0,0,1126,11686,0,0,0,1,1,1,0,0,0
158087,Echelon,,,,1,7,0,0,95059,0,0,0,1,1,1,1,0,0,0
158134,General Grashaal,,,,1,7,0,0,97069,0,0,0,1,1,1,1,0,0,0
158142,Daisy,,,,0,12,0,0,93437,0,0,0,1,1,1,1,0,0,0
158176,Lady Liadrin,,Blood Knight Matriarch,,0,7,0,0,85924,0,0,0,1,1,1,1,163831,163832,0
158180,Captain Amalia Stone,,,,0,7,0,0,86073,0,0,0,1,1,1,1,0,0,0
158195,Ji Firepaw,,Master of Huojin,,0,7,0,0,39637,0,0,0,1,1,1,1,0,0,0
158197,The Tithelord,,Harvester of Envy,,1,7,0,3,93109,0,0,0,1,1,1,1,178494,0,0
158200,Valeera Sanguinar,,,,1,7,0,0,67214,0,0,0,0,1,1,1,171193,171193,0
158206,Onlooker,,,,0,7,0,0,5706,42385,78921,48528,1,1,1,1,0,0,0
158218,Overlord Geya'rah,,,,1,7,0,0,85555,0,0,0,1,1,1,1,118400,0,0
158223,Orgrimmar Aerial Sentry,,,,0,9,0,3,93456,0,0,0,1,1,1,1,0,0,0
158266,Zekhan,,,,0,7,0,0,93538,0,0,0,1,1,1,1,0,0,0
158293,Margrave Krexus,,,,1,7,0,0,95062,0,0,0,1,1,1,1,0,0,0
158296,Margrave Gharmal,,,,1,6,0,0,94473,0,0,0,1,1,1,1,0,0,0
158302,Baron Halis,,,,1,7,0,0,94071,0,0,0,1,1,1,1,0,0,0
158303,Baroness Ninadar,,,,0,6,0,0,96851,0,0,0,1,1,1,1,0,0,0
158304,Soul Eater,,,,0,1,0,0,93213,0,0,0,1,1,1,1,0,0,0
158312,Zekhan,,,,0,7,0,0,89704,0,0,0,1,1,1,1,0,0,0
158313,Deatholme Acolyte,,,,0,7,0,0,10535,10536,10537,10538,1,1,1,1,19987,0,0
158316,Thrall,,,,1,7,0,0,91636,0,0,0,1,1,1,1,0,0,0
158320,Lady Liadrin,,Blood Knight Matriarch,,1,7,0,0,85924,0,0,0,1,1,1,1,163831,163832,0
158322,Silvermoon Soldier,,,,1,7,0,0,89419,89419,89421,89420,1,1,1,1,165700,165701,0
158338,Enter Grommash Hold Credit,,,,0,10,0,0,20570,27823,0,0,0,1,1,1,0,0,0
158353,Honeyback Harvester,,,,0,10,0,3,81967,0,0,0,1,1,1,1,0,0,0
158354,Bumbles,,,,6,1,0,3,81972,0,0,0,1,1,1,1,0,0,0
158355,Seabreeze Bumblebee,,,,0,14,0,3,81966,0,0,0,1,1,1,1,0,0,0
158362,Overlord Geya'rah,,,,1,7,0,0,85555,0,0,0,1,1,1,1,118400,0,0
158368,Baroness Draka,,,,1,7,0,0,96443,0,0,0,1,1,1,1,0,0,0
158381,Prince Renathal,,,,1,7,0,0,95632,0,0,0,1,1,1,1,0,0,0
158382,Prince Renathal,,| TEMP MODEL |,,1,7,0,0,93112,0,0,0,1,1,1,1,0,0,0
158383,Venthyr Duelist,,,,1,7,0,0,93083,0,0,0,1,1,1,1,3364,0,0
158389,Lord Darius Crowley,,,,0,7,0,0,34161,0,0,0,1,1,1,1,54877,54878,0
158407,Kevinos,,,,0,6,0,0,93514,0,0,0,1,1,1,1,0,0,0
158408,Genji,,,,0,8,0,0,60611,0,0,0,1,1,1,1,0,0,0
158443,Spell Bunny,,,,0,10,0,0,1126,11686,0,0,0,1,1,1,0,0,0
158466,Alliance Guard,,,,0,7,0,0,86166,86167,0,0,1,1,1,1,109637,143,0
158468,Overlord's Guard,,,,0,7,0,0,88927,88928,92138,88929,1,1,1,1,5289,0,2507
158482,Event Controller,,,,0,10,0,0,1126,11686,0,0,0,1,1,1,0,0,0
158502,Centurion Goliath,,,,1,9,0,0,92534,0,0,0,1,1,1,1,0,0,0
158537,Fading Adept,,,,0,7,0,0,72310,0,0,0,1,1,1,1,0,0,0
158544,Lord Herne,,The Wild Hunt,,1,7,0,0,95245,0,0,0,1,1,1,1,0,0,0
158584,Invisible Stalker: Messana,,,,0,10,0,0,46003,41199,0,0,0,1,1,1,0,0,0
158591,Warlord Breka Grimaxe,,,,0,7,0,0,91669,0,0,0,1,1,1,1,165616,0,0
158593,Living Honey,,,,0,4,0,0,93560,0,0,0,1,1,1,1,0,0,0
158602,Angier Hass,,,,0,7,0,0,72310,0,0,0,1,1,1,1,0,0,0
158606,Little Hue,,TEMP,,0,6,0,0,96059,0,0,0,1,1,1,1,0,0,0
158621,Venthyr Duelist,,,,1,7,0,0,93083,0,0,0,1,1,1,1,178716,0,0
158643,Meldranna,,,,0,7,0,0,72310,0,0,0,1,1,1,1,0,0,0
158645,Prince Renathal,,,,1,7,0,0,93575,0,0,0,1,1,1,1,0,0,0
158653,Prince Renathal,,,,1,7,0,0,94910,0,0,0,1,1,1,1,0,0,0
158667,Wicklick,,Trade Supplies,,0,7,0,0,93605,0,0,0,1,1,1,1,13028,0,0
158668,Vulca,,Master Glazier,,0,7,0,0,93606,0,0,0,1,1,1,1,0,0,0
158681,Papi,,,,0,14,0,3,86531,0,0,0,1,1,1,1,0,0,0
158683,Sunsoaked Flitter,,,,0,14,0,3,87763,0,0,0,1,1,1,1,0,0,0
158685,Crimson Skipper,,,,0,14,0,3,86532,0,0,0,1,1,1,1,0,0,0
158694,Theotar,,The Mad Duke,,1,7,0,0,93223,0,0,0,1,1,1,1,0,0,0
158698,Blisterback,,,,0,1,128,0,93162,0,0,0,1,1,1,1,0,0,0
158709,Devahia,,The Dark Enchantress,,1,7,0,0,95534,0,0,0,1,1,1,1,0,0,0
158712,Tenaval,,Soul Warden,,1,7,0,0,95535,0,0,0,1,1,1,1,0,0,0
158713,The Curator,,Harvester of Avarice,,1,7,0,0,93111,0,0,0,1,1,1,1,0,0,0
158796,Stonevigil Collector,,,,0,7,0,0,92451,0,0,0,1,1,1,1,173890,0,0
158816,Captain Garrick,,,,0,7,0,0,92690,0,0,0,1,1,1,1,163887,163891,0
158820,Angier,,,,0,7,0,0,95768,0,0,0,1,1,1,1,0,0,0
158831,The Tithelord's Forces,,,,0,10,0,0,39810,0,0,0,1,1,1,1,0,0,0
158881,BULL-E,,,,0,9,0,0,94789,0,0,0,1,1,1,1,0,0,0
158907,Curious Survivor,,,,0,6,0,0,96209,96208,0,0,1,1,1,1,0,0,0
158911,Curious Survivor,,,,0,6,0,0,96209,96208,0,0,1,1,1,1,0,0,0
158912,Curious Survivor,,,,0,6,0,0,96209,96208,0,0,1,1,1,1,0,0,0
158913,Demoralized Survivor,,,,0,7,0,0,72310,0,0,0,1,1,1,1,0,0,0
158914,Demorlaized Survivor,,,,0,7,0,0,72310,0,0,0,1,1,1,1,0,0,0
158915,Demoralized Survivor,,,,0,7,0,0,72310,0,0,0,1,1,1,1,0,0,0
158916,Wary Survivor,,,,0,7,0,0,95704,0,0,0,1,1,1,1,0,0,0
158982,Tubbins,,,,0,7,0,0,93305,0,0,0,1,1,1,1,0,0,0
158983,Gubbins,,,,0,7,0,0,93306,0,0,0,1,1,1,1,0,0,0
158984,Honeyback Hivemother,,,,1,1,0,3,81965,0,0,0,1,1,1,1,0,0,0
159004,Mor'shan Watchman,,,,0,7,0,0,4261,4262,4263,4264,1,0,0.25,1,12285,0,5260
159051,Gelbin Mekkatorque,,"High Tinker, King of Gnomes",,1,7,0,0,93797,0,0,0,1,1,1,1,0,0,0
159064,Darkmoon Arcade,,,,0,10,0,0,47399,27823,0,0,0,1,1,1,0,0,0
159065,Baroness Draka,,,,1,7,0,0,97017,0,0,0,1,1,1,1,0,0,0
159090,Gigacharged Mayhem Maker,,,,0,12,0,0,93798,0,0,0,1,1,1,1,0,0,0
159115,Soul,,,,0,6,0,3,90426,90428,90425,0,1,1,1,1,0,0,0
159146,Invisible Stalker,,,,0,7,0,3,21955,11686,0,0,0,1,1,1,0,0,0
159279,Sire Denathrius,,,,1,7,0,0,92797,0,0,0,1,1,1,1,0,0,0
159283,Ornag,,Weapon Merchant,,0,7,0,0,33442,0,0,0,1,1,1,1,10611,0,0
159301,General Kaal,,Commander of the Stone Legion,,1,7,0,0,95721,0,0,0,1,1,1,1,0,0,0
159306,Dark Aspirant,,,,0,7,0,0,94303,94304,94305,94307,1,1,1,1,0,0,0
159307,Eridia,,Hand of Purity,,1,7,0,0,97454,0,0,0,1,1,1,1,171129,174429,0
159389,Invisible Stalker,,,,0,10,0,0,46003,41199,0,0,0,1,1,1,0,0,0
159404,Huojin Monk,,,,1,7,0,0,45862,45863,45864,45865,1,1,1,1,0,0,0
159422,Dead Civilian,,,,0,7,0,0,4259,4260,4602,4601,1,1,1,1,0,0,0
159442,Unleashed Hatred,,,,0,15,0,0,94280,0,0,0,1,1,1,1,0,0,0
159531,Vesiphone,,Paragon of Purity,,1,7,0,3,95007,0,0,0,1,1,1,1,0,0,0
159557,Mor'shan Watchman,,,,0,7,0,0,4261,4262,4263,4264,1,0.25,0.25,1,12285,0,5260
159572,Luka Morespark,,,,0,7,0,0,94033,0,0,0,1,1,1,1,0,0,0
159581,Dark Ascended Melee Warrior Shield Tier 3,,,,0,7,0,0,93495,0,0,0,1,1,1,1,171131,51812,0
159582,Dark Ascended Melee Warrior 2H Tier 3,,,,0,7,0,0,93495,0,0,0,1,1,1,1,126747,0,0
159584,Dark Ascended Caster Spirit Healer Tier 3,,,,0,7,0,3,93486,0,0,0,1,1,1,1,28739,0,0
159585,Dark Ascended Caster Collector Tier 3,,,,0,7,0,0,93489,0,0,0,1,1,1,1,38304,0,0
159586,Dark Ascended Melee Warrior 2H Tier 2,,,,0,7,0,0,93484,95130,0,0,1,1,1,1,171131,174426,0
159601,Stoneborn Skystalker,,,,1,7,0,0,98020,98021,0,0,1,1,1,1,176736,176736,0
159662,Kyrian Aspirant,,,,0,7,0,0,94113,94112,94111,94106,1,1,1,1,171944,0,0
159670,Dark Kyrian Aspirant,,,,0,7,0,0,94311,93890,0,0,1,1,1,1,0,0,0
159672,Dark Ascended Commander,,,,0,7,0,0,93495,0,0,0,1,1,1,1,106272,0,0
159750,Marrowbore Nest,,,,0,10,0,0,94076,0,0,0,10,1,1,1,0,0,0
159762,Eridia,,Hand of Purity,,1,7,0,0,97454,0,0,0,1,1,1,1,171130,174429,0
159783,Jenafur,,,,0,12,0,0,81387,0,0,0,1,1,1,1,0,0,0
159817,Kynthia,,,,1,7,0,0,99140,0,0,0,1,1,1,1,171946,0,0
159850,Anima Skulker,,,,6,15,0,0,94056,0,0,0,3,1,1,1,0,0,0
159855,Roaring Flames,,,,0,10,0,0,1126,11686,0,0,0,1,1,1,0,0,0
159863,Gelbin Mekkatorque,,"High Tinker, King of Gnomes",,1,7,0,0,94115,0,0,0,1,1,1,1,0,0,0
159894,Baron Vyraz,,,,1,7,0,0,95383,0,0,0,1,1,1,1,0,0,0
159942,Whisperer Vyn,,,,0,7,0,0,96435,0,0,0,1,1,1,1,0,0,0
159962,Kyrian Aspirant,,,,0,7,0,0,94504,94506,94507,94504,1,1,1,1,0,0,0
160037,Polemarch Adrestes,,,,1,7,0,0,94141,0,0,0,1,1,1,1,182152,0,0
160049,Ra-den,,Keeper of Storms,,1,7,0,0,92090,0,0,0,1,1,1,1,0,0,0
160066,Mancid,,(TEMP),,0,6,0,0,96212,0,0,0,1,1,1,1,0,0,0
160094,Gelbin Mekkatorque,,"High Tinker, King of Gnomes",,1,7,0,0,116003,0,0,0,1,1,1,1,0,0,0
160168,Kill Credit,,,,0,10,0,0,11686,0,0,0,1,1,1,1,0,0,0
160169,Honored Duelist,,,,0,7,0,0,93032,93693,93694,93700,1,1,1,1,173724,0,0
160181,Royal Arcanist,,,,0,7,0,3,93683,93675,93680,0,1,1,1,1,183750,32961,0
160187,Void-Scarred Toad,,,,0,14,0,0,95152,0,0,0,1,1,1,1,0,0,0
160196,Void-Scarred Pup,,,,0,12,0,0,94166,0,0,0,1,1,1,1,0,0,0
160205,Pixy Wizzle,,,,0,7,0,0,94605,0,0,0,1,1,1,1,18048,0,0
160206,Alran Heartshade,,,,0,7,0,0,94606,0,0,0,1,1,1,1,0,0,0
160207,Therin Skysong,,,,0,7,0,0,94607,0,0,0,1,1,1,1,0,0,0
160208,Zuna Skullcrush,,,,0,7,0,0,94608,0,0,0,1,1,1,1,0,0,0
160209,Horu Cloudwatcher,,,,0,7,0,0,94609,0,0,0,1,1,1,1,0,0,0
160210,Tasha Riley,,,,0,7,0,0,94610,0,0,0,1,1,1,1,0,0,0
160217,Draka,,,,1,7,0,0,49286,0,0,0,1,1,1,1,0,0,0
160227,Wrathion,,The Black Prince,,1,2,0,0,93216,0,0,0,1,1,1,1,171194,0,0
160228,Wrathion,,The Black Prince,,1,2,0,0,93870,0,0,0,1,1,1,1,0,0,0
160229,Dark Inquisitor Xanesh,,,,1,7,0,0,93159,0,0,0,1,1,1,1,116837,0,0
160254,Salgin,,,,0,6,0,0,96209,0,0,0,1,1,1,1,0,0,0
160266,Salgin,,,,0,6,0,0,96209,0,0,0,1,1,1,1,0,0,0
160268,Mancid,,,,0,6,0,0,96212,0,0,0,1,1,1,1,0,0,0
160272,Kynthia,,,,1,7,0,0,99140,0,0,0,1,1,1,1,0,0,0
160276,MOTHER,,,,1,4,0,0,91066,0,0,0,1,1,1,1,0,0,0
160280,Mikanikos,,Forgelite Prime,,0,7,0,0,96348,0,0,0,1,1,1,1,0,0,0
160291,Ashwalker Assassin,,Servant of the Black Emperor,,1,7,0,0,44987,0,0,0,1,1,1,1,31302,31302,0
160318,Magni Bronzebeard,,The Speaker,,1,7,0,0,71764,0,0,0,1,1,1,1,158463,161683,0
160347,Spiderling,,,,6,1,3,0,1157,283,1088,0,1,1,1,1,0,0,0
160355,Converted Clawguard,,,,0,9,154,0,92677,0,0,0,1,1,1,1,0,0,0
160356,Praetorian Artificer,,,,0,9,0,0,92193,0,0,0,1,1,1,1,0,0,0
160357,Forsworn Punisher,,,,1,9,0,0,92664,0,0,0,1,1,1,1,0,0,0
160358,Darksworn Forgehand,,,,0,7,0,0,93926,96574,0,0,1,1,1,1,171131,0,0
160359,Forsworn Overseer,,,,0,7,0,0,95134,0,0,0,1,1,1,1,174338,0,0
160394,Barrow Spider,,,,0,1,3,0,1157,283,1088,0,1,1,1,1,0,0,0
160433,Barrow Spiderling,,,,6,1,3,0,1157,283,1088,0,1,1,1,1,0,0,0
160473,Kill Credit,,,,0,10,0,0,11686,0,0,0,1,1,1,1,0,0,0
160492,Ash Ghouls,,,,0,10,0,0,39810,0,0,0,1,1,1,1,0,0,0
160508,Audience Member,,,,0,7,0,0,94470,94466,94457,94458,1,1,1,1,0,0,0
160513,Shadow Watcher,,,,0,7,0,0,95768,0,0,0,1,1,1,1,0,0,0
160578,Quimby Sparklighter,,,,0,7,0,0,94031,0,0,0,1,1,1,1,0,0,0
160635,Ice Stalker,,,,0,10,0,0,47399,11686,0,0,0,1,1,1,0,0,0
160644,The Stonewright,,Harvester of Wrath,,1,7,0,0,94321,0,0,0,1,1,1,1,0,0,0
160648,Sika,,,,0,7,0,0,96161,0,0,0,1,1,1,1,0,0,0
160656,Invisible Stalker,,,,0,10,0,0,64062,11686,0,0,0,1,1,1,0,0,0
160664,Private Cole,,,,0,7,0,0,94939,0,0,0,1,1,1,1,0,0,0
160681,Tanuki,,,,0,8,0,0,40093,0,0,0,0,1,1,1,0,0,0
160683,Leopard Tree Frog,,,,0,14,0,0,6296,43311,0,0,1,1,1,1,0,0,0
160703,Plagueborn Slime,,,,0,12,0,0,99018,0,0,0,1,1,1,1,0,0,0
160718,Goliath Purifier,,,,1,9,0,0,92663,0,0,0,1,1,1,1,0,0,0
160804,Prisoner,,,,0,7,0,0,94395,0,0,0,1,1,1,1,0,0,0
160823,Stoneborn Rebel,,,,0,7,0,0,96129,0,0,0,1,1,1,1,173938,173938,0
160918,Steward Forgehand,,,,0,7,0,0,92915,0,0,0,1,1,1,1,0,0,0
160946,Fledgling Soul,,,,6,6,0,0,94426,0,0,0,1,1,1,1,0,0,0
160949,Spell Bunny,,,,0,10,0,0,1126,11686,0,0,0,1,1,1,0,0,0
160952,Kynthia,,,,1,7,0,0,99140,0,0,0,1,1,1,1,0,0,0
160964,Freed Expedition Member,,,,0,7,0,0,70300,70303,70324,70311,1,1,1,1,0,0,0
160970,Vuk'laz the Earthbreaker,,,,1,1,41,0,85193,0,0,0,0,1,1,1,0,0,0
160975,Test Hati,,,,0,1,46,0,68899,0,0,0,1,1,1,1,0,0,0
160988,Kill Credit,,,,0,10,0,0,11686,0,0,0,1,1,1,1,0,0,0
161006,Ogre Shadowcaster,,,,0,7,0,0,91779,91780,91781,91782,1,1,1,1,0,0,0
161054,Kill Credit,,,,0,10,0,0,11686,0,0,0,1,1,1,1,0,0,0
161057,Prince Erazmin,,,,0,9,0,0,90798,0,0,0,1,1,1,1,0,0,0
161062,Kill Credit,,,,0,10,0,0,11686,0,0,0,1,1,1,1,0,0,0
161115,Kill Credit,,,,0,10,0,0,11686,0,0,0,1,1,1,1,0,0,0
161123,Darkhaven Carriage,,,,0,10,0,0,93505,0,0,0,1,1,1,1,0,0,0
161138,Kill Credit,,,,0,10,0,0,11686,0,0,0,1,1,1,1,0,0,0
161152,Kill Credit,,,,0,10,0,0,11686,0,0,0,1,1,1,1,0,0,0
161176,Kill Credit,,,,0,10,0,0,11686,0,0,0,1,1,1,1,0,0,0
161188,Archivam Intruders,,,,0,10,0,0,39810,0,0,0,1,1,1,1,0,0,0
161212,Flouresce Brightgear,,,,0,7,0,0,94032,0,0,0,1,1,1,1,0,0,0
161213,Twyla Flickspring,,,,0,7,0,0,93957,0,0,0,1,1,1,1,0,0,0
161214,Citizen of Mechagon,,,,0,7,0,0,94033,91275,91276,91277,1,1,1,1,0,0,0
161215,Tourist,,,,0,7,0,0,93932,93940,93942,93943,1,1,1,1,0,0,0
161219,Kill Credit,,,,0,10,0,0,11686,0,0,0,1,1,1,1,0,0,0
161242,Cudgelface,,,,0,7,0,0,92397,0,0,0,1,1,1,1,0,0,0
161269,Crypt Bunny,,,,0,10,0,0,1126,11686,0,0,0,1,1,1,0,0,0
161271,Jovraal,,,,0,7,0,3,95709,0,0,0,1,1,1,1,0,0,0
161283,Shim Crankturner,,,,0,7,0,0,93521,0,0,0,1,1,1,1,0,0,0
161284,Pegi Cogster,,,,0,7,0,0,94013,0,0,0,1,1,1,1,0,0,0
161300,Invisible Stalker,,,,0,10,0,0,64062,11686,0,0,0,1,1,1,0,0,0
161301,Kill Credit,,,,0,10,0,0,11686,0,0,0,1,1,1,1,0,0,0
161303,Kill Credit,,,,0,10,0,0,11686,0,0,0,1,1,1,1,0,0,0
161305,Kill Credit,,,,0,10,0,0,11686,0,0,0,1,1,1,1,0,0,0
161306,Invisible Stalker,,,,0,10,0,0,64062,11686,0,0,0,1,1,1,0,0,0
161307,Corroded Sentry,,,,0,7,0,0,91477,91946,0,0,1,1,1,1,59615,17718,0
161314,Pascal-K1N6,,Junkyard Tinkering,,0,9,0,0,92584,0,0,0,1,1,1,1,0,0,0
161315,Pascal,,Junkyard Tinkering,,0,7,0,0,91404,0,0,0,1,1,1,1,0,0,0
161343,Cudgelface,,,,0,7,0,0,92397,0,0,0,1,1,1,1,0,0,0
161387,Petra Cogwenne,,,,0,7,0,0,93932,0,0,0,1,1,1,1,0,0,0
161391,Milnar Danspark,,,,0,7,0,0,94301,0,0,0,1,1,1,1,0,0,0
161392,Spell Bunny,,,,0,10,0,0,1126,11686,0,0,0,1,1,1,0,0,0
161393,Spell Bunny,,,,0,10,0,0,1126,11686,0,0,0,1,1,1,0,0,0
161400,Alpha,,,,0,12,0,0,29806,0,0,0,1,1,1,1,0,0,0
161401,Beta,,,,0,12,0,0,29809,0,0,0,1,1,1,1,0,0,0
161403,Bomber,,,,0,12,0,0,79635,79636,74423,0,2,1,2,1,0,0,0
161412,Baroness Draka,,,,1,7,0,0,96443,0,0,0,1,1,1,1,105037,105037,0
161419,Tyrant Soul,,,,0,6,0,3,94426,0,0,0,1,1,1,1,0,0,0
161424,Logic,,,,0,12,0,3,95125,0,0,0,1,1,1,1,0,0,0
161425,Math,,,,0,12,0,0,95128,0,0,0,1,1,1,1,0,0,0
161426,Frill,,,,0,12,0,0,16889,0,0,0,1,1,1,1,0,0,0
161429,Ruddy,,,,0,12,0,0,46922,0,0,0,1,1,1,1,0,0,0
161430,Wanderer,,,,0,12,0,0,87018,0,0,0,1,1,1,1,0,0,0
161432,Crushface,,,,0,12,0,0,57492,0,0,0,1,1,1,1,0,0,0
161435,Fozling,,,,0,12,0,0,87945,0,0,0,1,1,1,1,0,0,0
161438,Tremors,,,,0,12,0,0,94584,0,0,0,1,1,1,1,0,0,0
161440,Presto,,,,0,12,0,0,81662,0,0,0,1,1,1,1,0,0,0
161442,Fury,,,,0,12,0,0,95129,0,0,0,1,1,1,1,0,0,0
161443,Glitzy,,,,0,12,303,0,74529,0,0,0,1,1,1,1,0,0,0
161459,Master Mathias Shaw,,Leader of SI:7,,1,7,0,0,72253,0,0,0,1,1,1,1,47104,47104,0
161462,Torra,,,,0,7,0,0,85174,0,0,0,1,1,1,1,0,0,0
161465,Kiro,,,,0,7,0,0,81018,0,0,0,1,1,1,1,0,0,0
161466,Dolly,,,,0,1,298,0,88594,0,0,0,1,1,1,1,0,0,0
161468,Dot,,,,0,1,298,0,88594,0,0,0,1,1,1,1,0,0,0
161473,Meerah's Caravan,,,,0,10,0,0,82881,0,0,0,0,1,1,1,0,0,0
161475,Kelsey Steelspark,,Gnomeregan Covert Ops,,0,7,0,0,93865,0,0,0,1,1,1,1,155762,155762,0
161476,Nala,,,,0,8,0,0,83697,0,0,0,1,1,1,1,0,0,0
161487,Meerah,,,,0,7,0,0,79320,0,0,0,1,1,1,1,0,0,0
161491,Anduin Wrynn,,King of Stormwind,,1,7,0,0,82047,0,0,0,1,1,1,1,152482,0,0
161521,Kill Credit,,,,0,10,0,0,11686,0,0,0,1,1,1,1,0,0,0
161524,Dark Sinrunner,,,,0,1,299,0,93511,76877,0,0,1,0,1,1,0,0,0
161554,Kill Credit,,,,0,10,0,0,11686,0,0,0,1,1,1,1,0,0,0
161556,Goblin Siegeworker,,,,0,7,0,0,32996,0,0,0,1,1,1,1,0,0,0
161563,Tyrande Whisperwind,,The Night Warrior,,1,7,0,0,88865,0,0,0,1,1,1,1,0,0,0
161568,Kill Credit,,,,0,10,0,0,11686,0,0,0,1,1,1,1,0,0,0
161569,Gigacharged Mayhem Maker,,,,0,12,0,0,93798,0,0,0,1,1,1,1,0,0,0
161576,Spell Bunny,,,,0,10,0,0,1126,11686,0,0,0,1,1,1,0,0,0
161595,Mysterious Crate,,,,0,7,0,0,71730,0,0,0,1,1,1,1,0,0,0
161600,Hiwahi Three-Feathers,,Tailoring Trainer,,0,7,0,0,34114,0,0,0,1,1,1,1,0,0,0
161602,Kill Credit,,,,0,10,0,0,11686,0,0,0,1,1,1,1,0,0,0
161649,Rampage,,,,0,14,0,0,95132,0,0,0,1,1,1,1,0,0,0
161650,Liz,,,,0,14,0,0,95135,0,0,0,1,1,1,1,0,0,0
161651,Ralf,,,,0,14,0,0,95136,0,0,0,1,1,1,1,0,0,0
161656,Splint,,,,0,14,0,0,44470,0,0,0,1,1,1,1,0,0,0
161657,Ninn Jah,,,,0,14,0,0,42233,0,0,0,1,1,1,1,0,0,0
161658,Shred,,,,0,14,0,0,68852,0,0,0,1,1,1,1,0,0,0
161661,Wilbur,,,,0,14,0,0,80298,0,0,0,1,1,1,1,0,0,0
161662,Char,,,,0,14,0,0,17180,0,0,0,1,1,1,1,0,0,0
161663,Tempton,,,,0,14,0,0,4960,0,0,0,1,1,1,1,0,0,0
161666,Austin Huxworth,,Stable Master,,0,7,0,0,92804,0,0,0,1,1,1,1,110178,0,110178
161681,Master Sha'lor,,,,0,10,0,0,13069,0,0,0,1,1,1,1,0,0,0
161685,Nilsa,,,,0,7,0,0,85697,0,0,0,1,1,1,1,0,0,0
161686,Piku,,,,0,7,0,0,79912,0,0,0,1,1,1,1,0,0,0
161687,Sheko,,,,0,7,0,0,85956,0,0,0,1,1,1,1,0,0,0
161688,Void Portal,,,,0,11,0,0,94638,0,0,0,0,1,1,1,0,0,0
161703,Dreamshrine,,,,0,10,0,0,13069,0,0,0,1,1,1,1,0,0,0
161706,Nazgrim,,,,1,7,0,0,70436,0,0,0,1,1,1,1,38633,0,0
161707,King Thoras Trollbane,,,,1,7,0,0,70807,0,0,0,1,1,1,1,129456,0,0
161708,High Inquisitor Whitemane,,,,1,7,0,0,71257,0,0,0,1,1,1,1,79321,0,0
161709,Highlord Darion Mograine,,,,1,7,0,0,27153,0,0,0,1,1,1,1,40276,40276,0
161711,Knight of the Ebon Blade,,,,1,7,0,0,63575,63576,63577,63578,1,1,1,1,117049,0,0
161739,Invisible Stalker,,,,0,10,0,0,46003,94282,0,0,0,1,1,1,0,0,0
161740,Invisible Stalker,,,,0,10,0,0,46003,94282,0,0,0,1,1,1,0,0,0
161741,Mograine's Deathcharger,,,,1,6,0,0,70478,0,0,0,1,1,1,1,0,0,0
161742,Nazgrim's Deathcharger,,,,1,6,0,0,70481,0,0,0,1,1,1,1,0,0,0
161743,Trollbane's Deathcharger,,,,1,6,0,0,70480,0,0,0,1,1,1,1,0,0,0
161744,Whitemane's Deathcharger,,,,1,6,0,0,70479,0,0,0,1,1,1,1,0,0,0
161750,Challenge Dreamshrine,,,,0,10,0,0,13069,0,0,0,1,1,1,1,0,0,0
161752,Dreamshrine,,,,0,10,0,0,13069,0,0,0,1,1,1,1,0,0,0
161777,Sorek,,Warrior Trainer,,0,7,0,0,1375,0,0,0,100,1,1,1,1983,0,0
161803,Thex,,,,0,7,0,0,93637,0,0,0,1,1,1,1,0,0,0
161847,Lady Moonberry,,Court of Night,,1,7,0,0,94286,0,0,0,1,1,1,1,0,0,0
161861,Experimental Clawguard,,,,0,9,154,0,92677,0,0,0,1,1,1,1,0,0,0
161869,Kill Credit,,,,0,10,0,0,11686,0,0,0,1,1,1,1,0,0,0
161872,Kill Credit,,,,0,10,0,0,11686,0,0,0,1,1,1,1,0,0,0
161919,Muar,,,,0,14,0,0,95141,0,0,0,1,1,1,1,0,0,0
161921,Void-Scarred Anubisath,,,,0,12,0,0,94706,0,0,0,1,1,1,1,0,0,0
161923,Aqir Hivespawn,,,,0,12,0,0,95174,0,0,0,1,1,1,1,0,0,0
161924,Ra'kim,,,,0,12,0,3,91810,0,0,0,1,1,1,1,0,0,0
161926,Spell Bunny,,,,0,10,0,0,1126,11686,0,0,0,1,1,1,0,0,0
161937,Kill Credit,,,,0,10,0,0,11686,0,0,0,1,1,1,1,0,0,0
161946,Eye of Corruption,,,,0,12,0,3,92438,0,0,0,1,1,1,1,0,0,0
161951,Gloop,,,,0,12,0,0,95176,0,0,0,1,1,1,1,0,0,0
161954,K'uddly,,,,0,12,0,0,92233,0,0,0,1,1,1,1,0,0,0
161959,C'Thuffer,,,,0,12,0,0,94711,0,0,0,1,1,1,1,0,0,0
161961,Void-Scarred Hare,,,,0,12,0,0,94712,0,0,0,1,1,1,1,0,0,0
161962,Void-Scarred Cat,,,,0,12,0,0,94713,0,0,0,1,1,1,1,0,0,0
161963,Void-Scarred Rat,,,,0,12,0,0,94714,0,0,0,1,1,1,1,0,0,0
161964,Anomalus,,,,0,12,0,0,95171,0,0,0,1,1,1,1,0,0,0
161966,Void-Scarred Beetle,,,,0,12,0,0,95172,0,0,0,1,1,1,1,0,0,0
161967,Reek,,,,0,12,0,0,95173,0,0,0,1,1,1,1,0,0,0
161988,Alexandros Mograine,,The Ashbringer,,1,7,0,0,94718,0,0,0,1,1,1,1,181255,0,0
161992,Corrupted Tentacle,,,,0,12,0,0,95144,0,0,0,1,1,1,1,0,0,0
161997,Rotbreath,,,,0,12,0,0,95145,0,0,0,1,1,1,1,0,0,0
162004,Aqir Tunneler,,,,0,12,0,0,92904,0,0,0,1,1,1,1,0,0,0
162006,Pygmy Camel,,,,0,12,0,0,95143,0,0,0,1,1,1,1,0,0,0
162007,Cursed Dune Watcher,,,,0,12,0,0,95146,0,0,0,1,1,1,1,0,0,0
162010,Sinfall Commander,,,,0,7,0,0,94725,94724,99481,0,1,1,2,1,0,0,0
162012,Wicked Lurker,,,,0,12,0,0,95147,0,0,0,1,1,1,1,0,0,0
162013,Jade Defender,,,,0,12,0,0,95148,0,0,0,1,1,1,1,0,0,0
162014,Windfeather Chick,,,,0,12,0,0,95149,0,0,0,1,1,1,1,0,0,0
162016,Cork Stuttguard,,Mechanocat Aficionado,,0,7,0,0,92052,0,0,0,1,1,1,1,152837,0,0
162020,Priestess of Elune,,,,0,7,0,0,66527,66528,66529,66530,1,1,1,1,0,0,0
162064,Kill Credit,,,,0,10,0,0,11686,0,0,0,1,1,1,1,0,0,0
162069,Baroness Draka,,,,1,7,0,0,96443,0,0,0,1,1,1,1,105037,105037,0
162074,Sinfall Fiend,,,,6,7,0,3,94765,94766,0,0,1,0,1,1,0,0,0
162079,Aranea,,,,0,7,0,0,95762,0,0,0,1,1,1,1,0,0,0
162085,King Phaoris,,Ruler of Ramkahen,,0,7,0,0,35770,0,0,0,0,1,1,1,64351,0,0
162086,Akhet,,Royal Guardian,,1,1,0,0,37169,0,0,0,1,1,1,1,0,0,0
162087,Vizier Tanotep,,,,0,7,0,0,35119,0,0,0,0,1,1,1,3433,0,0
162089,High Explorer Dellorah,,Explorers' League,,0,7,0,0,28826,0,0,0,1,1,1,1,0,0,0
162090,Arik Scorpidsting,,,,0,7,0,0,92196,0,0,0,1,1,1,1,111585,111585,0
162091,Kazemde,,Innkeeper,,0,7,0,0,35127,0,0,0,1,1,1,1,0,0,5258
162092,High Priest Amet,,,,0,7,0,0,35401,0,0,0,0,1,1,1,58803,0,0
162094,Provisioner Qorra,,Uldum Accord Quartermaster,,0,7,0,0,94373,0,0,0,0,1,1,1,56231,0,0
162095,Wastewander Warrior,,,,0,7,0,0,92195,92199,0,0,1,1,1,1,107823,0,0
162106,Stone Legion Enforcer,,,,0,7,0,0,92451,0,0,0,1,1,1,1,173890,0,0
162165,Forsworn Punisher,,,,0,9,0,0,92664,0,0,0,1,1,1,1,0,0,0
162178,Master Mathias Shaw,,Leader of SI:7,,1,7,0,0,72253,0,0,0,1,1,1,1,47104,47104,0
162197,Anduin Wrynn,,King of Stormwind,,1,7,0,0,82047,0,0,0,1,1,1,1,152482,0,0
162204,Genn Greymane,,King of Gilneas,,1,7,0,0,62093,0,0,0,1,1,1,1,0,0,0
162208,Lady Jaina Proudmoore,,,,1,7,0,0,87892,0,0,0,1,1,1,1,0,0,0
162216,Aysa Cloudsinger,,Master of Tushui,,1,7,0,0,41667,0,0,0,1,1,1,1,0,0,0
162217,Muradin Bronzebeard,,High Thane,,1,7,0,0,62751,0,0,0,1,1,1,1,49775,49774,0
162219,Invisible Stalker: Expelled Inclusion,,,,0,10,0,0,46003,41199,0,0,0,1,1,1,0,0,0
162235,Prophet Velen,,,,1,7,0,0,17822,0,0,0,1,1,1,1,152612,0,0
162256,Invisible Stalker,,,,0,10,0,3,64062,11686,0,0,0,1,1,1,0,0,0
162257,Invisible Stalker,,,,0,10,0,3,64062,11686,0,0,0,1,1,1,0,0,0
162262,Earthen Guardian,,,,0,7,0,0,87781,0,0,0,1,1,1,1,0,0,0
162266,The Accuser,,Harvester of Pride,,1,7,0,0,93103,0,0,0,1,1,1,1,175939,0,0
162269,Nadjia the Mistblade,,,,1,7,0,0,93210,0,0,0,1,1,1,1,175847,0,0
162272,Theotar,,The Mad Duke,,1,7,0,0,93223,0,0,0,1,1,1,1,0,0,0
162275,The Curator,,Harvester of Avarice,,1,7,0,0,93111,0,0,0,1,1,1,1,0,0,0
162277,General Draven,,,,1,7,0,0,92399,0,0,0,1,1,1,1,0,0,0
162302,Mechanostrider,,,,0,7,0,0,92759,0,0,0,1,1,1,1,0,0,0
162304,Homing Copter,,,,0,9,0,3,92705,0,0,0,1,1,1,1,0,0,0
162340,Kill Credit,,,,0,10,0,0,11686,0,0,0,1,1,1,1,0,0,0
162387,Ysera Pod Bunny,,,,0,10,0,0,13069,0,0,0,1,1,1,1,0,0,0
162405,Overlord Geya'rah,,,,1,7,0,0,85555,0,0,0,1,1,1,1,118400,0,0
162406,Lilian Voss,,,,1,7,0,0,85799,0,0,0,1,1,1,1,0,0,0
162409,Thrall,,,,1,7,0,0,91636,0,0,0,1,1,1,1,0,0,0
162415,Kill Credit,,,,0,10,0,0,11686,0,0,0,1,1,1,1,0,0,0
162425,Stormspeaker Qian,,,,1,7,0,0,44482,0,0,0,1,1,1,1,0,0,0
162438,Spirit Tender,,,,0,7,0,3,94466,94457,94475,94472,1,1,1,1,0,0,0
162444,Baroness Draka,,,,1,7,0,0,96443,0,0,0,1,1,1,1,105037,105037,0
162458,Retinus the Seeker,,,,0,14,0,2,92438,0,0,0,1,1,1,1,0,0,0
162461,Whispers,,,,0,14,0,0,92608,0,0,0,1,1,1,1,0,0,0
162465,Aqir Sandcrawler,,,,0,14,0,0,92904,0,0,0,1,1,1,1,0,0,0
162466,Blotto,,,,0,14,0,0,92230,0,0,0,1,1,1,1,0,0,0
162468,K'tiny the Mad,,,,0,14,0,0,92236,0,0,0,1,1,1,1,0,0,0
162469,Tormentius,,,,0,14,0,0,90739,0,0,0,1,1,1,1,0,0,0
162470,Baruk Stone Defender,,,,0,14,0,0,47859,0,0,0,1,1,1,1,0,0,0
162471,Vil'thik Hatchling,,,,0,14,0,3,45274,0,0,0,1,1,1,1,0,0,0
162479,Conversation Bunny,,,,0,10,0,0,81209,27823,0,0,0,1,1,1,0,0,0
162480,N'Zoth the Corruptor,,,,1,15,0,0,93507,0,0,0,1,1,1,1,0,0,0
162490,Ra-den,,Keeper of Storms,,1,7,0,0,92090,0,0,0,1,1,1,1,0,0,0
162494,Eye of Vashj,,Vashj's Devoted,,0,7,0,0,72310,0,0,0,1,1,1,1,32841,0,0
162496,Hand of Vashj,,Vashj's Devoted,,0,7,0,0,96597,0,0,0,1,1,1,1,169043,169043,0
162499,Oasis Void-Duster,,,,0,14,0,3,94884,0,0,0,1,1,1,1,0,0,0
162500,Oasis Void-Duster,,,,0,8,0,3,94884,0,0,0,1,1,1,1,0,0,0
162501,Void-Scarred Locust,,,,0,8,0,0,94886,0,0,0,1,1,1,1,0,0,0
162502,Void-Scarred Locust,,,,0,14,0,0,94886,0,0,0,1,1,1,1,0,0,0
162506,Voidglower,,,,0,14,0,3,94895,0,0,0,1,1,1,1,0,0,0
162507,Voidglower,,,,0,8,0,3,94895,0,0,0,1,1,1,1,0,0,0
162518,Voidskimmer,,,,0,14,0,0,94896,0,0,0,1,1,1,1,0,0,0
162519,Voidskimmer,,,,0,8,0,0,94896,0,0,0,1,1,1,1,0,0,0
162525,Golden Chirper,,,,0,14,0,0,88784,0,0,0,1,1,1,1,0,0,0
162526,Golden Chirper,,,,0,14,0,0,88784,0,0,0,1,1,1,1,0,0,0
162549,Baroness Vashj,,Matron of Spies,,1,7,0,0,96138,0,0,0,1,1,1,1,169042,169042,156712
162550,Alexandros Mograine,,The Ashbringer,,1,7,0,0,94718,0,0,0,1,1,1,1,181255,0,0
162598,Baroness Draka,,,,1,7,0,0,96443,0,0,0,1,1,1,1,105037,105037,0
162663,Experiment 13,,,,0,12,0,0,95150,0,0,0,1,1,1,1,0,0,0
162666,Pathscribe Roh-Avonavi,,Flight Master,,1,7,0,0,96624,0,0,0,1,1,1,1,0,0,0
162670,Tinyclaw,,,,0,12,0,0,94943,0,0,0,1,1,1,1,0,0,0
162677,Wailing Lasher,,,,0,12,0,0,95151,0,0,0,1,1,1,1,0,0,0
162686,K'thir Assassin,,,,0,15,0,0,94688,0,0,0,1,1,1,1,152427,152428,0
162688,Prince Renathal,,,,1,7,0,0,93575,0,0,0,1,1,1,1,178716,0,0
162712,Amathet Zealot,,,,0,7,0,0,91321,0,0,0,1,1,1,1,0,0,0
162714,Amathet Suntouched,,,,1,7,0,0,91304,0,0,0,1,1,1,1,0,0,0
162747,Flayedwing,,,,0,1,38,3,94928,0,0,0,1,1,1,1,0,0,0
162761,Unusual Egg,,,,0,10,0,0,58978,58978,0,0,1,1,1,1,0,0,0
162769,Knight of the Ebon Blade,,,,1,6,0,0,63575,0,0,0,1,1,1,1,117049,0,0
162770,Knight of the Ebon Blade,,,,1,6,0,0,63576,0,0,0,1,1,1,1,117049,0,0
162771,Knight of the Ebon Blade,,,,1,6,0,0,63577,0,0,0,1,1,1,1,117049,0,0
162772,Knight of the Ebon Blade,,,,1,6,0,0,94647,0,0,0,1,1,1,1,117049,0,0
162773,Knight of the Ebon Blade,,,,1,6,0,0,72261,0,0,0,1,1,1,1,117049,0,0
162774,Knight of the Ebon Blade,,,,1,6,0,0,94654,0,0,0,1,1,1,1,117049,0,0
162775,Knight of the Ebon Blade,,,,1,6,0,0,72259,0,0,0,1,1,1,1,117049,0,0
162776,Knight of the Ebon Blade,,,,1,6,0,0,72258,0,0,0,1,1,1,1,117049,0,0
162777,Knight of the Ebon Blade,,,,1,6,0,0,72257,0,0,0,1,1,1,1,117049,0,0
162778,Knight of the Ebon Blade,,,,1,6,0,0,94664,0,0,0,1,1,1,1,117049,0,0
162779,Knight of the Ebon Blade,,,,1,6,0,0,72262,0,0,0,1,1,1,1,117049,0,0
162780,Knight of the Ebon Blade,,,,1,6,0,0,72265,0,0,0,1,1,1,1,117049,0,0
162781,Knight of the Ebon Blade,,,,1,6,0,0,72255,0,0,0,1,1,1,1,117049,0,0
162782,Knight of the Ebon Blade,,,,1,6,0,0,72264,0,0,0,1,1,1,1,117049,0,0
162783,Knight of the Ebon Blade,,,,1,6,0,0,72256,0,0,0,1,1,1,1,117049,0,0
162784,Knight of the Ebon Blade,,,,1,6,0,0,72260,0,0,0,1,1,1,1,117049,0,0
162785,Knight of the Ebon Blade,,,,1,6,0,0,94649,0,0,0,1,1,1,1,117049,0,0
162786,Knight of the Ebon Blade,,,,1,6,0,0,94660,0,0,0,1,1,1,1,117049,0,0
162787,Knight of the Ebon Blade,,,,1,6,0,0,94648,0,0,0,1,1,1,1,117049,0,0
162788,Knight of the Ebon Blade,,,,1,6,0,0,94651,0,0,0,1,1,1,1,117049,0,0
162789,Knight of the Ebon Blade,,,,1,6,0,0,94653,0,0,0,1,1,1,1,117049,0,0
162790,Knight of the Ebon Blade,,,,1,6,0,0,94655,0,0,0,1,1,1,1,117049,0,0
162791,Knight of the Ebon Blade,,,,1,6,0,0,94657,0,0,0,1,1,1,1,117049,0,0
162792,Knight of the Ebon Blade,,,,1,6,0,0,94667,0,0,0,1,1,1,1,117049,0,0
162793,Knight of the Ebon Blade,,,,1,6,0,0,94656,0,0,0,1,1,1,1,117049,0,0
162794,Knight of the Ebon Blade,,,,1,6,0,0,94658,0,0,0,1,1,1,1,117049,0,0
162795,Knight of the Ebon Blade,,,,1,6,0,0,94661,0,0,0,1,1,1,1,117049,0,0
162796,Knight of the Ebon Blade,,,,1,6,0,0,94663,0,0,0,1,1,1,1,117049,0,0
162802,Rustbolt Defender,,,,1,7,0,0,91858,0,0,0,1,1,1,1,0,0,0
162835,Magni Bronzebeard,,The Speaker,,1,7,0,0,71764,0,0,0,1,1,1,1,0,0,0
162841,Battle Pet,,,,0,4,0,0,11686,0,0,0,1,1,1,1,0,0,0
162850,Maiden of Vitality,,,,1,4,0,0,63429,0,0,0,1,1,1,1,0,0,0
162898,Kul Tiran Marines,,,,0,7,0,0,81353,81354,0,0,1,1,1,1,0,0,0
162900,Zandalari Wingriders,,,,0,7,0,0,79554,79553,0,0,1,1,1,1,0,0,0
162901,Trained Pterrordax,,,,0,1,0,3,77076,0,0,0,0,1,1,1,0,0,0
162905,Vulpera Sharpshooters,,,,0,7,0,0,84728,80319,84098,80707,1,1,1,1,0,0,0
162906,Mechagnome Spidercrawlers,,,,0,7,0,0,92493,92174,0,0,1,1,1,1,0,0,0
162916,Weaponized Crawler,,,,1,9,0,0,90711,0,0,0,1,1,1,1,0,0,0
162917,Ramkahen Lancer,,,,0,7,0,0,36416,35948,36171,0,1,1,1,1,0,0,0
162921,Rajani Sparkcallers,,,,0,7,0,0,95026,0,0,0,1,1,1,1,0,0,0
162932,Mephiles the Loyal,,,,0,7,0,0,94992,0,0,0,1,1,1,1,0,0,0
162934,Hand of Vashj,,Vashj's Devoted,,0,7,0,0,95768,0,0,0,1,1,1,1,0,0,0
162943,Hjalmar the Undying,,,,0,7,0,0,95027,0,0,0,1,1,1,1,170712,165276,0
162945,Eye of Vashj,,Vashj's Devoted,,0,7,0,0,72310,0,0,0,1,1,1,1,32841,0,0
162959,Wild Aetherling,,,,0,10,0,3,90127,0,0,0,1,1,1,1,0,0,0
162968,Winter Queen,,,,1,7,0,0,95678,0,0,0,1,1,1,1,0,0,0
162970,Coulston Nereus,,,,0,7,0,0,95033,0,0,0,1,1,1,1,0,0,0
162972,Coulston Nereus,,,,0,7,0,0,95034,0,0,0,1,1,1,1,0,0,0
162973,Droman Aliothe,,Court of Night,,1,7,0,0,93641,0,0,0,1,1,1,1,0,0,0
162976,Dreamweaver,,,,0,7,0,3,94430,0,0,0,1,1,1,1,0,0,0
162978,Niya,,,,0,7,0,0,95232,0,0,0,1,1,1,1,0,0,0
162980,Hunt-Captain Korayn,,The Wild Hunt,,0,7,0,0,95248,0,0,0,1,1,1,1,180024,0,180071
162981,Ysera,,,,0,10,0,0,95035,0,0,0,1,1,1,1,0,0,0
162998,Yorah,,,,0,6,0,0,95040,0,0,0,1,1,1,1,0,0,0
163009,Target Bunny,,,,0,10,0,0,1126,11686,0,0,0,1,1,1,0,0,0
163011,Kill Credit,,,,0,10,0,0,11686,0,0,0,1,1,1,1,0,0,0
163022,Mephiles the Loyal,,,,0,7,0,0,94992,0,0,0,1,1,1,1,0,0,0
163024,Coulston Nereus,,,,0,7,0,0,95034,0,0,0,1,1,1,1,0,0,0
163028,Kill Credit,,,,0,10,0,0,11686,0,0,0,1,1,1,1,0,0,0
163029,Spell Bunny,,,,0,10,0,0,1126,11686,0,0,0,1,1,1,0,0,0
163037,Terroize Soul,,,,0,10,0,0,39810,0,0,0,1,1,1,1,0,0,0
163038,Invisible Stalker,,,,0,10,0,3,64062,11686,0,0,0,1,1,1,0,0,0
163063,Balmedar,,,,1,6,0,0,96335,0,0,0,1,1,1,1,0,0,0
163064,Spell Bunny,,,,0,10,0,0,1126,11686,0,0,0,1,1,1,0,0,0
163069,Yorah,,,,0,7,0,0,95075,0,0,0,1,1,1,1,0,0,0
163075,Mephiles the Loyal,,,,0,7,0,0,94992,0,0,0,1,1,1,1,0,0,0
163087,Client Scene Zombie,,,,1,6,0,0,97910,97912,0,0,1,1,1,1,0,0,0
163092,Kill Credit,,,,0,10,0,0,11686,0,0,0,1,1,1,1,0,0,0
163095,Lindie Springstock,,,,0,7,0,0,98730,0,0,0,1,1,1,1,0,0,0
163097,Lindie Springstock,,,,0,7,0,0,98730,0,0,0,1,1,1,1,0,0,0
163099,Kill Credit,,,,0,10,0,0,11686,0,0,0,1,1,1,1,0,0,0
163100,Kill Credit,,,,0,10,0,0,11686,0,0,0,1,1,1,1,0,0,0
163101,Kill Credit,,,,0,10,0,0,11686,0,0,0,1,1,1,1,0,0,0
163102,Kill Credit,,,,0,10,0,0,11686,0,0,0,1,1,1,1,0,0,0
163108,Branven Hammerheart,,,,0,7,0,0,95084,0,0,0,1,1,1,1,0,0,0
163116,Ysera,,,,1,2,0,0,35253,0,0,0,1,1,1,1,0,0,0
163118,Kill Credit,,,,0,10,0,0,11686,0,0,0,1,1,1,1,0,0,0
163137,First Expedition Recruit,,,,0,7,0,0,99178,99179,99180,99181,1,1,1,1,0,0,0
163152,Mephiles the Loyal,,,,0,7,0,0,94992,0,0,0,1,1,1,1,0,0,0
163156,Feasting Soul Eater Credit,,,,0,10,0,0,11686,0,0,0,1,1,1,1,0,0,0
163167,Expedition Recruit,,,,0,7,0,0,70297,70298,70303,0,1,1,1,1,0,0,0
163173,Baroness Draka,,,,1,7,0,0,96443,0,0,0,1,1,1,1,105037,105037,0
163206,Gigacharged Mayhem Maker,,,,0,12,0,0,93798,0,0,0,1,1,1,1,0,0,0
163209,Hubert Lucas,,,,0,7,0,0,72536,0,0,0,1,1,1,1,0,0,0
163271,Loyal Dreadrider,,TEMP WOW9-2669,,0,7,0,3,95376,0,0,0,1,1,1,1,174305,0,0
163344,Stranded Spirit,,,,0,6,0,0,95088,95089,95090,95091,1,1,1,1,0,0,0
163347,Clora,,,,0,7,0,0,98219,0,0,0,1,1,1,1,174386,174386,0
163349,Forgelite Sophone,,,,0,7,0,0,97457,0,0,0,1,1,1,1,174422,174433,0
163367,Soul Hole Credit,,,,0,10,0,0,11686,0,0,0,1,1,1,1,0,0,0
163379,Zara'thik Depthspeaker,,,,1,7,0,0,93299,93300,0,0,1,1,1,1,169099,0,0
163380,Vil'thik Quickblade,,,,0,7,0,0,93272,93273,93274,93275,1,1,1,1,85399,85399,0
163381,Putrid Shambler,,,,0,6,0,0,94932,0,0,0,1,1,1,1,0,0,0
163391,Invisible Stalker,,,,0,10,0,0,64062,11686,0,0,0,1,1,1,0,0,0
163398,Margrave Gharmal,,,,1,6,0,0,94473,0,0,0,1,1,1,1,0,0,0
163411,Zan-Tien Raider,,,,0,7,0,0,41185,42524,42450,43287,1,1,1,1,94830,0,0
163422,Zan-tien Quilen,,,,0,1,128,0,40155,40153,0,0,1,1,1,1,0,0,0
163424,Mistfall Villager,,,,0,7,0,0,44051,44052,44053,44054,1,1,1,1,0,0,0
163425,Mesmerized Child,,,,0,7,0,0,43256,45320,43669,45170,1,1,1,1,0,0,0
163431,Mor'Bitan,,,,1,6,0,2,96670,0,0,0,1,1,1,1,0,0,0
163436,Kill Credit,,,,0,10,0,0,11686,0,0,0,1,1,1,1,0,0,0
163461,Baroness Vashj,,Matron of Spies,,1,7,0,0,96138,0,0,0,1,1,1,1,0,0,156712
163462,Kill Credit,,,,0,10,0,0,11686,0,0,0,1,1,1,1,0,0,0
163482,Anubisath Sentinel,,,,1,4,0,0,95354,0,0,0,1,1,1,1,170129,0,0
163491,Kill Credit,,,,0,10,0,0,11686,0,0,0,1,1,1,1,0,0,0
163497,The Jailer,,,,0,7,0,0,94375,0,0,0,1,1,1,1,0,0,0
163513,Data Fragment,,,,0,4,0,2,31570,0,0,0,1,1,1,1,0,0,0
163533,Hjalmar the Undying,,,,0,6,0,0,95204,0,0,0,1,1,1,1,170712,165276,0
163534,Pet Training Dummy,,,,2,14,0,0,3019,0,0,0,1,1,1,1,0,0,0
163536,Baroness Draka,,,,1,7,0,0,96443,0,0,0,1,1,1,1,105037,105037,0
163547,Silvermoon Sorceress (Contracted),,,,0,7,0,0,78165,78166,78168,0,1,1,1,1,0,0,0
163559,Royal Servant,,,,0,7,0,0,93672,93673,93674,93671,1,1,1,1,0,0,0
163588,Kill Credit,,,,0,10,0,0,11686,0,0,0,1,1,1,1,0,0,0
163626,Elysian Caretaker,,,,0,7,0,0,92915,91896,94322,93837,1,1,1,1,0,0,0
163646,Shadowbarb Hatchling,,,,0,12,0,3,91811,0,0,0,1,1,1,1,0,0,0
163676,Stygian Soul,,,,6,6,0,0,94426,0,0,0,1,1,1,1,0,0,0
163787,Paranomos,,The Face,,0,7,0,0,97060,0,0,0,1,1,1,1,0,0,0
163790,Racklesnatz,,Distractions & Demolitions Specialist,,0,7,0,0,99167,0,0,0,1,1,1,1,0,0,0
163792,The Goob,,Entries & Acquisitions Specialist,,0,6,0,0,94763,0,0,0,1,1,1,1,0,0,0
163795,Rendle,,The Mistermind,,0,7,0,0,92398,0,0,0,1,1,1,1,118559,0,0
163823,Bladesworn Traitor,,,,0,7,0,0,93242,0,0,0,1,1,1,1,174309,0,0
163842,Chosen Defender,,TEMP WOW9-2669,,0,7,0,0,95376,0,0,0,1,1,1,1,174305,0,0
163847,Scheming Necromancer,,,,0,7,0,0,94992,0,0,0,1,1,1,1,0,0,0
163884,Hellhound,,,,0,1,52,0,70084,70086,0,0,1,1,1,1,0,0,0
163886,Boneguard,,,,1,6,0,0,95006,0,0,0,1,1,1,1,0,0,0
163897,Renny,,,,0,12,0,0,93746,0,0,0,1,1,1,1,0,0,0
163899,Flayedwing,,,,0,1,38,0,94926,0,0,0,1,1,1,1,0,0,0
163969,Tyrant Soul,,,,0,6,0,0,94426,0,0,0,1,1,1,1,0,0,0
163996,Kill Credit,,,,0,10,0,0,11686,0,0,0,1,1,1,1,0,0,0
163999,Banewood Devourer,,,,0,10,0,0,39810,0,0,0,1,1,1,1,0,0,0
164009,9.0 Revendreth - Stalker - Cosmetic Siphon - PAS,,,,0,10,0,0,47647,11686,0,0,0,1,1,1,0,0,0
164011,Alexstrasza the Life-Binder,,Queen of the Dragons,,1,2,0,0,28227,0,0,0,1,1,1,1,0,0,0
164017,Kill Credit,,,,0,10,0,0,11686,0,0,0,1,1,1,1,0,0,0
164020,Kill Credit,,,,0,10,0,0,11686,0,0,0,1,1,1,1,0,0,0
164032,Kill Credit,,,,0,10,0,0,11686,0,0,0,1,1,1,1,0,0,0
164039,Speak with Vesperbloom Credit,,,,0,10,0,0,20570,27823,0,0,0,1,1,1,0,0,0
164051,Emeni,,The Slaughter Daughter,,0,6,0,0,93825,0,0,0,1,1,1,1,0,0,0
164072,High Exarch Turalyon,,,,1,7,0,0,75811,0,0,0,1,1,1,1,150577,0,0
164079,Highlord Bolvar Fordragon,,Knights of the Ebon Blade,,1,7,0,0,95194,0,0,0,1,1,1,1,177838,0,0
164105,Spell Bunny,,,,0,10,0,0,1126,11686,0,0,0,1,1,1,0,0,0
164138,Amathet Zealot,,,,0,7,0,0,95355,0,0,0,1,1,1,1,0,0,0
164140,Vuk'laz the Earthbreaker,,,,1,1,0,0,95356,0,0,0,0,1,1,1,0,0,0
164141,Tormentius,,,,0,14,0,0,95357,0,0,0,1,1,1,1,0,0,0
164142,Ramkahen Lancer,,,,0,7,0,0,95358,95359,95360,0,1,1,1,1,0,0,0
164171,Honored Duelist,,,,1,7,0,0,93032,93693,93694,93700,1,1,1,1,173724,0,0
164176,Panicked Soul,,,,0,10,0,0,1126,11686,0,0,0,1,1,1,0,0,0
164177,Royal Nightcloak,,,,1,7,0,0,92826,0,0,0,1,1,1,1,173724,0,0
164223,Raging Soul,,,,0,6,0,0,94426,0,0,0,1,1,1,1,0,0,0
164236,Kill Credit,,,,0,10,0,0,11686,0,0,0,1,1,1,1,0,0,0
164242,Hateful Soul,,,,0,6,0,0,94426,0,0,0,1,1,1,1,0,0,0
164286,Court Controller,,,,0,10,0,0,1126,11686,0,0,0,1,1,1,0,0,0
164297,Khaliiq,,Vashj's Devoted,,0,7,0,0,95704,0,0,0,1,1,1,1,32841,0,0
164328,Spinning Blade,,,,0,10,0,0,11686,0,0,0,1,1,1,1,0,0,0
164354,Invisible Stalker,,,,0,10,0,0,64062,11686,0,0,0,1,1,1,0,0,0
164356,Spinning Blade,,,,0,10,0,0,21955,11686,0,0,0,1,1,1,0,0,0
164360,Invisible Stalker,,,,0,10,0,0,64062,11686,0,0,0,1,1,1,0,0,0
164382,Spell Bunny,,,,0,10,0,0,1126,11686,0,0,0,1,1,1,0,0,0
164383,Ashen Amalgamation,,,,0,10,0,0,1126,11686,0,0,0,1,1,1,0,0,0
164384,Spinning Blade,,,,0,10,0,0,11686,0,0,0,1,1,1,1,0,0,0
164390,Spell Bunny,,,,0,10,0,0,1126,11686,0,0,0,1,1,1,0,0,0
164392,Audience Member,,,,0,7,0,0,95283,95234,95296,95251,1,1,1,1,0,0,0
164393,Audience Member,,,,0,7,0,0,95267,95269,95447,95448,1,1,1,1,0,0,0
164399,Spinning Blade,,,,0,10,0,0,21955,11686,0,0,0,1,1,1,0,0,0
164400,Spinning Blade,,,,0,10,0,0,21955,11686,0,0,0,1,1,1,0,0,0
164401,Soul Emanations,,,,0,10,0,0,11686,0,0,0,1,1,1,1,0,0,0
164402,Bron,,,,0,9,0,0,92534,0,0,0,1,1,1,1,0,0,0
164404,Tactician Sakaa,,,,0,7,0,0,96891,95536,0,0,0,1,1,1,0,0,0
164409,Metal Spike,,,,0,10,0,0,95463,0,0,0,1,1,1,1,0,0,0
164416,Mistress Mihaela,,Court of Harvesters Quartermaster,,0,7,0,0,92783,0,0,0,1,1,1,1,0,0,0
164426,Tactician Sakaa,,,,0,7,0,0,95344,95536,0,0,0,1,1,1,0,0,0
164446,Invisible Stalker,,,,0,10,0,0,64062,11686,0,0,0,1,1,1,0,0,0
164482,Invisible Stalker,,,,0,10,0,0,64062,11686,0,0,0,1,1,1,0,0,0
164509,Constructing Clawguard,,,,0,9,154,0,92677,0,0,0,1,1,1,1,0,0,0
164529,Kill Credit,,,,0,10,0,0,11686,0,0,0,1,1,1,1,0,0,0
164534,Kill Credit,,,,0,10,0,0,11686,0,0,0,1,1,1,1,0,0,0
164537,Night Elf Soul,,,,0,6,0,0,95486,95488,95489,95490,1,1,1,1,0,0,0
164544,Invisible Stalker,,,,0,10,0,0,64062,11686,0,0,0,1,1,1,0,0,0
164545,Baroness Draka,,,,1,7,0,0,96443,0,0,0,1,1,1,1,105037,105037,0
164551,Alexandros Mograine,,The Ashbringer,,1,7,0,0,94718,0,0,0,1,1,1,1,181255,0,0
164565,Plague Deviser Marileth,,,,0,7,0,0,94122,0,0,0,1,1,1,1,0,0,0
164605,Captain Garrick,,,,0,7,0,0,92690,0,0,0,1,1,1,1,163887,163891,0
164614,Fearstalker's Forces,,,,0,10,0,0,39810,0,0,0,1,1,1,1,0,0,0
164648,[DNT] Chains of Ice,,,,0,10,0,0,46003,41199,0,0,0,1,1,1,0,0,0
164651,Tuul Barrelgosh,,,,0,6,0,0,79404,0,0,0,1,1,1,1,0,0,0
164652,Salgin,,,,0,6,0,0,96209,0,0,0,1,1,1,1,0,0,0
164653,Little Hue,,,,0,6,0,0,96059,0,0,0,1,1,1,1,0,0,0
164660,Salgin,,,,0,6,0,0,96209,0,0,0,1,1,1,1,0,0,0
164661,Mancid,,,,0,6,0,0,96212,0,0,0,1,1,1,1,0,0,0
164667,Prime Shieldguard,,,,1,7,0,0,95511,95948,0,0,1,1,1,1,177264,176720,176576
164728,Heartwood Grove Evacuee,,,,0,7,0,0,95297,95532,95045,95533,1,1,1,1,0,0,0
164741,Tactician Sakaa,,,,1,7,0,0,95536,0,0,0,1,1,1,1,0,0,0
164742,Prince Renathal,,,,1,7,0,0,94910,0,0,0,1,1,1,1,0,0,0
164748,Nadjia the Mistblade,,,,1,7,0,0,93210,0,0,0,1,1,1,1,175847,0,0
164796,Prince Renathal,,,,1,7,0,0,94910,0,0,0,1,1,1,1,0,0,0
164805,Destinos,,,,1,9,0,0,92534,0,0,0,1,1,1,1,0,0,0
164810,Xil'azan,,,,0,7,0,0,93584,0,0,0,1,1,1,1,0,0,0
164835,Kee-La,,,,0,7,0,0,91997,0,0,0,1,1,1,1,0,0,0
164843,Baron Vyraz,,,,1,7,0,0,95383,0,0,0,1,1,1,1,0,0,0
164849,Kee-La,,,,0,7,0,0,91997,0,0,0,1,1,1,1,0,0,0
164894,Baroness Vashj,,Matron of Spies,,1,7,0,0,96138,0,0,0,1,1,1,1,0,0,156712
164896,Alexandros Mograine,,The Ashbringer,,1,7,0,0,94718,0,0,0,1,1,1,1,181255,0,0
164904,Bonesmith Heirmir,,,,0,6,0,0,96102,0,0,0,1,1,1,1,174305,174305,0
164907,Ralia Dreamchaser,,,,0,7,0,0,91010,0,0,0,1,1,1,1,0,0,0
164919,Khaliiq,,Vashj's Devoted,,0,7,0,0,95704,0,0,0,1,1,1,1,32841,0,0
164928,Invisible Stalker,,,,0,10,0,0,64062,11686,0,0,0,1,1,1,0,0,0
164937,Runecarver,,,,0,7,0,0,95624,0,0,0,1,1,1,1,0,0,0
164989,Austin Huxworth,,,,0,7,0,0,92804,0,0,0,1,1,1,1,0,0,110178
165018,Kill Credit,,,,0,10,0,0,11686,0,0,0,1,1,1,1,0,0,0
165028,General Draven,,,,1,7,0,0,94741,0,0,0,1,1,1,1,174639,0,0
165031,Theotar,,The Mad Duke,,1,7,0,0,93223,0,0,0,1,1,1,1,0,0,0
165033,Kill Credit,,,,0,10,0,0,11686,0,0,0,1,1,1,1,0,0,0
165040,Henry Garrick,,,,0,10,0,0,1126,11686,0,0,0,1,1,1,0,0,0
165082,Kill Credit,,,,0,10,0,0,11686,0,0,0,1,1,1,1,0,0,0
165083,Kill Credit,,,,0,10,0,0,11686,0,0,0,1,1,1,1,0,0,0
165091,Spell Bunny,,,,0,10,0,0,1126,11686,0,0,0,1,1,1,0,0,0
165096,Prince Renathal,,,,1,7,0,0,93575,0,0,0,1,1,1,1,0,0,0
165104,Murky Muck Pool,,,,0,10,0,0,1126,11686,0,0,0,1,1,1,0,0,0
165143,Kadrak,,,,0,7,0,0,7889,0,0,0,1,1,1,1,34638,0,0
165144,Baron Halis,,,,1,7,0,0,35857,0,0,0,1,1,1,1,0,0,0
165150,Monstrous Cadaver,,,,1,6,0,0,23681,0,0,0,1,1,1,1,0,0,0
165177,Khaliiq,,Vashj's Devoted,,0,7,0,0,95704,0,0,0,1,1,1,1,32841,0,0
165191,Lady Moonberry,,Court of Night,,1,7,0,3,94286,0,0,0,1,1,1,1,0,0,0
165199,Alexandros Mograine,,The Ashbringer,,1,7,0,0,94718,0,0,0,1,1,1,1,181255,0,0
165201,Droman Krelnor,,Court of Night,,0,7,0,0,95235,0,0,0,1,1,1,1,171944,0,0
165202,Possessed Sylvar,,,,0,7,0,0,95560,95561,0,0,1,1,1,1,0,0,0
165203,Possessed Vorkai,,,,0,7,0,0,95563,95249,0,0,1,1,1,1,153589,0,0
165210,Emeni,,The Slaughter Daughter,,0,6,0,0,93825,0,0,0,1,1,1,1,0,0,0
165211,Kel'Thuzad,,,,1,6,0,0,96238,0,0,0,0,1,1,1,0,0,0
165215,Khaliiq,,Vashj's Devoted,,0,7,0,0,95704,0,0,0,1,1,1,1,32841,0,0
165218,Niya,,,,0,7,0,0,95232,0,0,0,1,1,1,1,178119,0,0
165219,Audience Member,,,,0,7,0,0,97510,97509,98612,97501,1,1,1,1,0,0,0
165220,Audience Member,,,,0,4,0,0,93151,95679,95681,95683,1,1,1,1,0,0,0
165221,Audience Member,,,,0,7,0,0,98627,98626,97506,97505,1,1,1,1,0,0,0
165230,Vignette Bunny,,,,0,10,0,0,1126,11686,0,0,0,1,1,1,0,0,0
165270,Royal Arcanist,,,,0,7,0,3,93675,93679,93683,93680,1,1,1,1,183750,32961,0
165271,Stone Legion Destroyer,,,,1,7,0,0,96702,96706,96707,0,1,1,1,1,175929,0,0
165291,The Accuser,,Harvester of Pride,,1,7,0,0,93103,0,0,0,1,1,1,1,175939,0,0
165297,Theotar,,The Mad Duke,,1,7,0,0,93223,0,0,0,1,1,1,1,0,0,0
165348,Ritual Bone Pile,,,,0,10,0,0,95750,0,0,0,1,1,1,1,0,0,0
165352,Ralia Dreamchaser,,,,0,7,0,0,73350,0,0,0,1,1,1,1,0,0,0
165381,Conversation Bunny,,,,0,10,0,0,81209,27823,0,0,0,1,1,1,0,0,0
165385,Anima,,,,6,10,0,0,95772,0,0,0,1,1,1,1,0,0,0
165394,Genn Greymane,,King of Gilneas,,1,7,0,0,62093,0,0,0,1,1,1,1,0,0,0
165395,Anduin Wrynn,,King of Stormwind,,1,7,0,0,82047,0,0,0,1,1,1,1,152482,0,0
165396,Lady Jaina Proudmoore,,,,1,7,0,0,87892,0,0,0,1,1,1,1,153575,0,0
165417,Alexandros Mograine,,The Ashbringer,,1,7,0,0,94718,0,0,0,1,1,1,1,181255,0,0
165513,Baron Halis,,,,1,7,0,0,35857,0,0,0,1,1,1,1,0,0,0
165537,Eli the Brazen,,,,0,7,0,0,11046,0,0,0,0,1,1,1,0,0,0
165541,Floating Cage,,,,0,10,0,0,95816,0,0,0,1,1,1,1,0,0,0
165548,Lindie Springstock,,,,0,7,0,0,98730,0,0,0,1,1,1,1,0,0,0
165552,Focal Mirror,,,,0,10,0,0,95820,0,0,0,1,1,1,1,0,0,0
165553,Focused Mirror,,,,0,10,0,0,93711,0,0,0,1,1,1,1,0,0,0
165557,Prince Renathal,,,,1,7,0,0,94910,0,0,0,1,1,1,1,0,0,0
165562,Anjali,,,,0,7,0,0,11046,0,0,0,0,1,1,1,0,0,0
165592,Thela Soulsipper,,,,1,7,0,0,92990,0,0,0,1,1,1,1,0,0,0
165593,Dug Gravewell,,Gravedigger,,1,7,0,0,95822,0,0,0,1,1,1,1,0,0,0
165595,Xandria,,,,1,7,0,0,95012,0,0,0,1,1,1,1,0,0,0
165640,Congealed Torment,,,,6,15,0,0,94278,0,0,0,1,1,1,1,0,0,0
165648,Kill Credit,,,,0,10,0,0,11686,0,0,0,1,1,1,1,0,0,0
165661,Prince Renathal,,,,1,7,0,0,94910,0,0,0,1,1,1,1,0,0,0
165668,Salgin,,Temp,,0,6,0,0,96209,0,0,0,1,1,1,1,0,0,0
165669,Little Hue,,TEMP,,0,6,0,0,96059,0,0,0,1,1,1,1,0,0,0
165676,General Draven,,,,1,7,0,0,92399,0,0,0,1,1,1,1,0,0,0
165688,Nerith Darkwing,,,,1,7,0,0,91889,0,0,0,1,1,1,1,0,0,0
165689,Xandria,,Paragon of Courage,,1,7,0,3,95012,0,0,0,1,1,1,1,0,0,0
165734,Xandria,,,,1,7,0,3,95012,0,0,0,1,1,1,1,0,0,0
165750,Stonehuck,,,,1,7,0,0,94517,0,0,0,1,1,1,1,0,0,0
165754,Kaletar,,Mender,,1,7,0,0,94571,0,0,0,1,1,1,1,0,0,0
165755,Invisible Stalker,,,,0,10,0,0,64062,11686,0,0,0,1,1,1,0,0,0
165756,Invisible Stalker,,,,0,10,0,0,64062,11686,0,0,0,1,1,1,0,0,0
165775,Client Scene Skeletal Guard,,,,1,6,0,0,97861,97862,0,0,1,1,1,1,0,0,0
165780,Courier Steed,,,,0,1,299,0,93511,76877,0,0,1,0,1,1,0,0,0
165792,Xandria,,Paragon of Courage,,1,7,0,0,95012,0,0,0,1,1,1,1,0,0,0
165795,Alexandros Mograine,,The Ashbringer,,1,7,0,0,94718,0,0,0,1,1,1,1,181255,0,0
165833,Turbulent Anima,,,,0,10,0,3,95937,0,0,0,1,1,1,1,0,0,0
165852,Kill Credit,,,,0,10,0,0,11686,0,0,0,1,1,1,1,0,0,0
165858,End Location,,,,0,10,0,0,1126,11686,0,0,0,1,1,1,0,0,0
165866,The Stonewright,,Harvester of Wrath,,1,7,0,0,94321,0,0,0,1,1,1,1,173724,0,0
165918,Highlord Darion Mograine,,Horseman of the Ebon Blade,,1,7,0,0,27153,0,0,0,1,1,1,1,40276,40276,0
165925,Ayeleth,,Deprived,,1,7,0,0,93526,0,0,0,1,1,1,1,0,0,0
165928,First Talon Syndaal,,,,1,7,0,0,96026,0,0,0,1,1,1,1,173725,173725,0
165941,First Talon Syndaal,,,,1,7,0,0,96026,0,0,0,1,1,1,1,173725,173725,0
165943,Stoneborn Eviscerator,,,,1,7,0,0,96045,96046,0,0,1,1,1,1,175939,175939,0
165950,Alexandros Mograine,,The Ashbringer,,1,7,0,0,94718,0,0,0,1,1,1,1,181255,0,0
165951,Bwonsamdi,,,,1,7,0,2,75961,0,0,0,100,1,1,1,0,0,0
165966,Khaliiq,,Vashj's Devoted,,0,7,0,0,95704,0,0,0,1,1,1,1,32841,0,0
165967,Bwonsamdi Worshipper,,,,0,7,0,0,80711,80710,80712,80713,1,1,1,1,0,0,0
165968,Hanzabu,,,,0,7,0,0,76641,0,0,0,1,1,1,1,147908,0,0
165977,Tormented Soul,,,,0,6,0,0,94426,0,0,0,1,1,1,1,0,0,0
166015,Invisible Stalker,,,,0,10,0,0,64062,11686,0,0,0,1,1,1,0,0,0
166018,Mueh'zala,,,,1,10,0,3,96358,0,0,0,1,1,1,1,0,0,0
166020,Invisible Stalker,,,,0,10,0,0,64062,11686,0,0,0,1,1,1,0,0,0
166027,Resurfaced Tyrant,,,,1,6,39,0,82976,0,0,0,0,1,1,1,0,0,0
166094,Rescued Worshiper,,,,0,7,0,0,80711,80710,80712,80713,1,1,1,1,0,0,0
166110,Spirit of Vol'jin,,,,1,7,0,0,89267,0,0,0,100,1,1,1,0,0,0
166119,Doomed Soul,,,,0,6,0,0,100270,100287,100288,100289,1,1,1,1,0,0,0
166189,Bwonsamdi,,,,1,7,0,2,75961,0,0,0,100,1,1,1,0,0,0
166196,Manor Guests,,,,0,10,0,0,39810,0,0,0,1,1,1,1,0,0,0
166228,Kill Credit,,,,0,10,0,0,11686,0,0,0,1,1,1,1,0,0,0
166231,Spinning Blade,,,,0,10,0,3,11686,72117,0,0,1,0,1,1,0,0,0
166259,Spirit of Vol'jin,,,,1,7,0,0,89267,0,0,0,100,1,1,1,0,0,0
166260,Spirit of Vol'jin,,,,1,7,0,0,89267,0,0,0,100,1,1,1,0,0,0
166281,Bwonsamdi,,,,1,7,0,2,75961,0,0,0,100,1,1,1,0,0,0
166292,Bog Beast,,,,4,15,0,0,96261,0,0,0,1,1,1,1,0,0,0
166364,Shadra,,God of Spiders,,0,1,0,0,96270,0,0,0,1,1,1,1,0,0,0
166407,Mawsworn Colossus,,,,1,9,0,0,93501,0,0,0,1,1,1,1,0,0,0
166417,Ysera,,,,1,2,0,0,95442,0,0,0,1,1,1,1,0,0,0
166441,Myskia,,,,1,7,0,0,95709,0,0,0,1,1,1,1,0,0,0
166442,The Fearstalker,,Harvester of Dread,,1,7,0,0,97065,0,0,0,1,1,1,1,0,0,0
166443,Vanatora,,The Fearstalker's Mount,,1,1,128,0,94328,0,0,0,1,1,1,1,0,0,0
166444,The Stonewright,,Harvester of Wrath,,1,7,0,0,97062,0,0,0,1,1,1,1,0,0,0
166445,The Countess,,Harvester of Desire,,1,7,0,0,97063,0,0,0,1,1,1,1,0,0,0
166446,Redelav Servant,,,,0,7,0,0,94367,0,0,0,1,1,1,1,0,0,0
166447,Duke Simion,,House Darkvein,,0,7,0,0,94014,0,0,0,1,1,1,1,0,0,0
166448,Duchess Lacrima,,House Briarbane,,0,7,0,0,93992,0,0,0,1,1,1,1,0,0,0
166449,Duke Kronid,,House Duskmire,,0,7,0,0,94008,0,0,0,1,1,1,1,0,0,0
166450,Duchess Catina,,House Sinfang,,0,7,0,0,94004,0,0,0,1,1,1,1,0,0,0
166458,Shadra,,God of Spiders,,0,1,0,0,96270,0,0,0,1,1,1,1,0,0,0
166459,Hir'eek,,Lord of the Midnight Sky,,1,1,0,0,96265,0,0,0,1,1,1,1,0,0,0
166460,Ashamane,,,,0,7,0,0,96231,0,0,0,1,1,1,1,0,0,0
166461,Spirit of Vol'jin,,,,1,7,0,0,89267,0,0,0,100,1,1,1,0,0,0
166462,Rezan,,Loa of Kings,,1,1,0,0,81200,0,0,0,1,1,1,1,0,0,0
166465,Spell Bunny,,,,0,10,0,0,1126,11686,0,0,0,1,1,1,0,0,0
166474,Blob Bunny,,,,0,10,0,0,1126,11686,0,0,0,1,1,1,0,0,0
166535,Baroness Draka,,,,1,7,0,0,96443,0,0,0,1,1,1,1,105037,105037,0
166569,Teliah,,,,1,7,0,0,94094,0,0,0,1,1,1,1,174437,0,0
166571,Cork Fizzlepop,,,,0,7,0,0,96314,0,0,0,1,1,1,1,0,0,0
166572,Kythekios,,,,1,7,0,0,99317,0,0,0,1,1,1,1,0,0,0
166606,Knight of the Ebon Blade,,,,0,7,0,0,96084,96086,96325,96326,1,1,1,1,117049,0,0
166607,Telethakas,,,,1,7,0,0,93927,0,0,0,1,1,1,1,0,0,0
166628,Greeter Mnemis,,,,0,9,0,0,92191,0,0,0,1,1,1,1,0,0,0
166629,Kleia,,,,0,7,0,0,97486,0,0,0,1,1,1,1,171132,0,0
166630,Kalisthene,,,,1,7,0,0,99125,0,0,0,1,1,1,1,176060,0,0
166631,Sika,,,,0,7,0,0,96161,0,0,0,1,1,1,1,171132,0,0
166632,Ascended Champion,,,,1,7,0,0,93241,93241,93563,93566,1,1,1,1,174442,0,0
166634,Alexandros Mograine,,The Ashbringer,,1,7,0,0,94718,0,0,0,1,1,1,1,181255,0,0
166733,Redelav Towerguard,,,,0,7,0,0,93663,93664,0,0,1,1,1,1,0,0,0
166776,Alexandros Mograine,,,,1,7,0,0,94718,0,0,0,1,1,1,1,0,0,0
166801,Vile Summoner,,,,1,6,0,0,96072,96077,96079,96334,1,1,1,1,152427,4984,0
166802,Skeletal Warrior,,,,0,6,0,0,96060,96206,96225,96254,1,1,1,1,0,0,0
166803,Rampaging Glutton,,,,1,6,0,0,93946,94283,94177,94178,1,1,1,1,0,0,0
166808,Bleaksteel Gladiator,,,,1,7,0,0,95966,95387,95388,95947,1,1,1,1,174307,165620,0
166888,M'Arc,,,,1,7,0,0,93927,0,0,0,1,1,1,1,0,0,0
166889,M'Fir,,,,1,7,0,0,93927,0,0,0,1,1,1,1,0,0,0
166890,M'Fros,,,,1,7,0,0,93927,0,0,0,1,1,1,1,0,0,0
166891,M'Hol,,,,1,7,0,0,93927,0,0,0,1,1,1,1,0,0,0
166892,M'Nat,,,,1,7,0,0,93927,0,0,0,1,1,1,1,0,0,0
166893,M'Phy,,,,1,7,0,0,93927,0,0,0,1,1,1,1,0,0,0
166894,M'Sha,,,,1,7,0,0,93927,0,0,0,1,1,1,1,0,0,0
166896,R'Arc,,,,1,7,0,0,93927,0,0,0,1,1,1,1,0,0,0
166897,R'Fir,,,,1,7,0,0,93927,0,0,0,1,1,1,1,0,0,0
166898,R'Fros,,,,1,7,0,0,93927,0,0,0,1,1,1,1,0,0,0
166899,R'Hol,,,,1,7,0,0,93927,0,0,0,1,1,1,1,0,0,0
166900,R'Nat,,,,1,7,0,0,93927,0,0,0,1,1,1,1,0,0,0
166901,R'Phs,,,,1,7,0,0,93927,0,0,0,1,1,1,1,0,0,0
166902,R'Sha,,,,1,7,0,0,93927,0,0,0,1,1,1,1,0,0,0
166904,Invisible Stalker,,,,0,10,0,0,64062,11686,0,0,0,1,1,1,0,0,0
166913,Corrupted Guardian,,,,0,7,0,0,95742,95741,95449,95743,1,1,1,1,153589,0,0
166914,Fallen Keeper,,,,0,7,0,0,99746,99745,99747,97358,1,1,1,1,0,0,0
166915,Possessed Tender,,,,0,7,0,0,96247,96366,96034,99061,1,1,1,1,2558,0,0
166917,Grove Wrecker,,,,0,15,0,0,96087,0,0,0,1,1,1,1,0,0,0
166919,Foul Slayer,,,,1,7,0,0,96880,96878,96879,0,1,1,1,1,180142,180142,0
166920,Blighted Servitor,,,,0,7,0,0,96776,96774,96777,0,1,1,1,1,0,0,0
166957,Xandria,,Paragon of Courage,,1,7,0,3,95012,0,0,0,1,1,1,1,0,0,0
166999,Margrave Gharmal,,,,1,6,0,0,94473,0,0,0,1,1,1,1,0,0,0
167008,Cork Fizzlepop,,,,0,7,0,0,96314,0,0,0,1,1,1,1,0,0,0
167019,Cork Fizzlepop,,,,0,7,0,0,96314,0,0,0,1,1,1,1,0,0,0
167021,Thrall,,,,0,7,0,0,115495,0,0,0,1,1,1,1,204482,0,0
167027,Choppy Booster Mk. 5,,,,0,9,0,3,95765,0,0,0,0,1,1,1,0,0,0
167040,Grandmaster Vole,,,,1,7,0,0,95394,0,0,0,1,1,1,1,0,0,0
167125,Baroness Draka,,,,1,7,0,0,96443,0,0,0,1,1,1,1,105037,105037,0
167126,Wrathion,,,,0,7,0,0,107146,0,0,0,1,1,1,1,0,0,0
167128,Wrathion,,,,0,7,0,0,107146,0,0,0,1,1,1,1,0,0,0
167142,Choppy Booster Mk. 5,,,,0,9,0,3,95765,0,0,0,0,1,1,1,0,0,0
167147,Kynthia,,,,1,7,0,0,99352,0,0,0,1,1,1,1,0,0,0
167156,Invisible Stalker,,,,0,10,0,3,64062,11686,0,0,0,1,1,1,0,0,0
167167,Kyrestia the Firstborne,,Archon,,1,7,0,3,95666,0,0,0,1,1,1,1,177089,0,0
167168,Devos,,Paragon of Loyalty,,1,7,0,0,95018,0,0,0,1,1,1,1,174413,0,0
167169,Devos,,Paragon of Loyalty,,1,7,0,0,95665,0,0,0,1,1,1,1,174413,0,0
167170,Kleia,,,,0,7,0,0,97487,0,0,0,1,1,1,1,171132,0,0
167179,Daelya Twilightsbane,,,,0,7,0,0,96418,0,0,0,1,1,1,1,0,0,0
167184,Drizza Sidestabber,,,,0,7,0,0,96421,0,0,0,1,1,1,1,0,0,0
167188,Sha'zul,,,,0,7,0,0,96424,0,0,0,1,1,1,1,0,0,0
167201,Gatherer Zaya,,,,0,6,0,0,95796,0,0,0,1,1,1,1,176604,176724,0
167203,Void Lasher,,,,0,15,0,0,76612,0,0,0,1,1,1,1,0,0,0
167204,Seething Voidripper,,,,0,15,0,0,60652,0,0,0,1,1,1,1,0,0,0
167213,Provisioner Jin'hake,,Repair and Supplies,,0,7,0,0,96364,0,0,0,1,1,1,1,0,0,0
167214,Agthian Defender,,,,0,7,0,0,93330,96142,0,0,1,1,1,1,171944,0,0
167215,Mithdran Dawntracker,,Stable Master,,0,7,0,0,96320,0,0,0,1,1,1,1,0,0,0
167216,Grunt Throg,,,,0,7,0,0,91670,0,0,0,1,1,1,1,0,0,0
167217,Cork Fizzlepop,,,,0,7,0,0,96314,0,0,0,1,1,1,1,0,0,0
167225,Lana Jordan,,,,0,7,0,0,96363,0,0,0,1,1,1,1,0,0,0
167226,Won'sa,,,,0,7,0,0,96384,0,0,0,1,1,1,1,0,0,0
167233,Argus Void Lord,,,,0,15,0,0,75493,0,0,0,1,1,1,1,0,0,0
167234,Centurion Colossus,,,,1,9,0,0,93500,0,0,0,1,1,1,1,0,0,0
167236,Faceless Shadowcaller,,,,0,7,0,0,90739,0,0,0,1,1,1,1,0,0,0
167237,Great Worm From Beyond,,,,1,15,0,3,92709,92710,92711,92712,5,1,3,2,0,0,0
167239,Praetor Sentry,,,,0,9,0,0,92192,92191,0,0,1,1,1,1,171944,0,38185
167244,Freed Expedition Member,,,,0,7,0,0,72784,72765,72798,72796,1,1,1,1,0,0,0
167252,Kyrian Ascended,,,,0,7,0,3,93190,93225,93226,0,1,1,1,1,0,0,0
167254,Crenna Earth-Daughter,,,,0,7,0,0,64984,0,0,0,1,1,1,1,0,0,0
167258,Lana Jordan,,,,0,7,0,0,96363,0,0,0,1,1,1,1,0,0,0
167259,Won'sa,,,,0,7,0,0,96384,0,0,0,1,1,1,1,0,0,0
167262,Crenna Earth-Daughter,,,,0,7,0,0,64984,0,0,0,1,1,1,1,0,0,0
167272,Void Tear,,,,0,15,0,0,83218,0,0,0,1,1,1,1,0,0,0
167300,Bo,,,,0,7,0,0,96318,0,0,0,1,1,1,1,0,0,0
167301,Shuja Grimaxe,,,,0,7,0,0,96315,0,0,0,1,1,1,1,0,0,0
167308,Bo,,,,0,7,0,0,96318,0,0,0,1,1,1,1,0,0,0
167324,Verdant Prowler,,,,1,1,1,0,86628,0,0,0,1,1,1,1,0,0,0
167325,Erezuel,,,,1,1,1,0,89517,0,0,0,1,1,1,1,0,0,0
167330,Spell Bunny,,,,0,10,0,0,11686,0,0,0,1,1,1,1,0,0,0
167339,Rot-Heart,,,,1,4,0,0,89540,0,0,0,1,1,1,1,0,0,0
167355,Pulsating Maggot,,,,0,8,0,0,99867,0,0,0,1,1,1,1,0,0,0
167361,Swarming Skeleton,,,,1,6,0,0,96252,0,0,0,1,1,1,1,0,0,0
167362,Bony Skeleton,,,,1,6,0,0,96208,0,0,0,1,1,1,1,0,0,0
167363,Nort the Noxious,,,,1,7,0,0,95986,0,0,0,1,1,1,1,0,0,0
167377,Baroness Draka,,,,1,7,0,0,96443,0,0,0,1,1,1,1,105037,105037,0
167378,Mithdran Dawntracker,,,,0,7,0,0,96320,0,0,0,1,1,1,1,0,0,0
167380,Prince Renathal,,,,1,7,0,0,95632,0,0,0,1,1,1,1,0,0,0
167381,Baroness Draka,,,,1,7,0,0,96443,0,0,0,1,1,1,1,105037,105037,0
167383,Tal-Inara,,Voice of the Arbiter,,0,7,0,0,98194,0,0,0,1,1,1,1,0,0,0
167384,The Arbiter,,,,1,7,0,0,95843,0,0,0,1,1,1,1,0,0,0
167393,Baroness Draka,,,,1,7,0,0,96443,0,0,0,1,1,1,1,105037,105037,0
167394,Spell Bunny,,,,0,10,0,0,11686,0,0,0,1,1,1,1,0,0,0
167419,Controller,,,,0,10,0,0,1126,11686,0,0,0,1,1,1,0,0,0
167421,Anima Smuggler,,,,0,7,0,0,93707,0,0,0,1,1,1,1,0,0,0
167422,Anima Smuggler,,,,0,7,0,0,95216,0,0,0,1,1,1,1,0,0,0
167424,Overseer Kah-Sher,,Will of the Arbiter,,1,7,0,0,98196,0,0,0,1,1,1,1,0,0,0
167425,Overseer Kah-Delen,,Will of the Arbiter,,1,7,0,0,98195,0,0,0,1,1,1,1,0,0,0
167429,Quartermaster Richter,,Supplies,,0,7,0,0,89870,0,0,0,1,1,1,1,0,0,0
167437,Margrave Gharmal,,,,1,6,0,0,94473,0,0,0,1,1,1,1,0,0,0
167464,Grand Arcanist Dimitri,,,,4,7,0,3,96483,0,0,0,1,1,1,1,175939,175948,0
167474,The Accuser,,,,1,7,0,0,93103,0,0,0,1,1,1,1,175939,0,0
167476,General Draven,,,,1,7,0,0,92399,0,0,0,1,1,1,1,0,0,0
167477,The Curator,,Harvester of Avarice,,1,7,0,0,93111,0,0,0,1,1,1,1,0,0,0
167478,Sprag Buzzboom,,,,0,7,0,0,72547,0,0,0,1,1,1,1,0,0,0
167479,The Stonewright,,Harvester of Wrath,,1,7,0,0,97062,0,0,0,1,1,1,1,0,0,0
167485,Starving Mawrat,,,,6,1,127,0,95749,0,0,0,3,1,1,1,0,0,0
167486,Tal-Inara,,Honored Voice,,1,7,0,0,98194,0,0,0,1,1,1,1,0,0,0
167490,The Countess,,Harvester of Desire,,1,7,0,0,97063,0,0,0,1,1,1,1,0,0,0
167492,The Tithelord,,Harvester of Envy,,1,7,0,3,97064,0,0,0,1,1,1,1,0,0,0
167494,Flayedwing Ravager,,,,0,1,38,3,94916,95181,95142,94929,1,1,1,1,0,0,0
167495,Skeletal Competitor,,,,0,6,0,3,96060,96196,0,0,1,1,1,1,176543,176724,0
167496,Bron,,,,0,9,0,0,92534,0,0,0,1,1,1,1,0,0,0
167506,Furious Pinchy,,,,0,4,0,0,19726,0,0,0,1,1,1,1,0,0,0
167517,Lady Inerva Darkvein,,,,1,7,0,0,96806,0,0,0,1,1,1,1,0,0,0
167523,Stranded Spirit,,,,0,6,0,0,96493,96494,96495,96496,1,1,1,1,0,0,0
167539,Bo,,,,0,7,0,0,96318,0,0,0,1,1,1,1,0,0,0
167549,Kill Credit,,,,0,10,0,0,11686,0,0,0,1,1,1,1,0,0,0
167570,Baroness Draka,,,,1,7,0,0,96443,0,0,0,1,1,1,1,105037,105037,0
167582,Drizza Sidestabber,,,,0,7,0,0,96513,0,0,0,1,1,1,1,0,0,0
167586,Drizza Sidestabber,,,,0,7,0,0,96421,0,0,0,1,1,1,1,0,0,0
167592,First Expedition Recruit,,,,0,7,0,0,99182,99183,99184,0,1,1,1,1,0,0,0
167594,Pelagos,,,,0,7,0,0,97681,0,0,0,1,1,1,1,0,0,0
167600,Ambitious Aspirant,,,,0,7,0,0,94136,94130,94131,94111,1,1,1,1,0,0,0
167605,Baroness Draka,,,,1,7,0,0,96443,0,0,0,1,1,1,1,105037,105037,0
167616,Stonevigil Collector,,,,0,7,0,3,92451,0,0,0,1,1,1,1,173890,0,0
167620,Prince Renathal,,,,1,7,0,2,95632,0,0,0,1,1,1,1,0,0,0
167621,Uther,,,,0,7,0,3,94123,0,0,0,1,1,1,1,173905,0,0
167622,Lysonia,,Hand of Doubt,,1,7,0,0,93495,0,0,0,1,1,1,1,106272,0,0
167647,Invisible Stalker,,,,0,10,0,0,64062,11686,0,0,0,1,1,1,0,0,0
167667,Drained Soul,,,,0,6,0,3,96547,0,0,0,1,1,1,1,0,0,0
167669,Horde Wyvern,,,,0,1,160,0,46930,0,0,0,1,1,1,1,0,0,0
167670,Bruk'tor,,,,0,7,0,0,89545,0,0,0,1,1,1,1,0,0,0
167672,Herbert Gloomburst,,,,0,7,0,0,96419,0,0,0,1,1,1,1,0,0,0
167673,Warlord Mulgrin Thunderwalker,,,,0,7,0,0,96420,0,0,0,1,1,1,1,0,0,0
167674,Crenna Earth-Daughter,,,,0,7,0,0,96317,0,0,0,1,1,1,1,0,0,0
167675,Thrall,,,,0,7,0,0,115495,0,0,0,1,1,1,1,204482,0,0
167676,Wrathion,,,,0,7,0,0,107146,0,0,0,1,1,1,1,0,0,0
167677,Baroness Draka,,,,1,7,0,0,96443,0,0,0,1,1,1,1,105037,105037,0
167688,Lady Moonberry,,Court of Night,,1,7,0,0,94286,0,0,0,1,1,1,1,0,0,0
167689,Prince Renathal,,,,1,7,0,2,95632,0,0,0,1,1,1,1,0,0,0
167694,Drustfallen Reaver,,,,0,7,0,0,96774,0,0,0,1,1,1,1,180156,0,0
167699,Elysian Caretaker,,,,0,7,0,0,92915,91896,94322,93837,1,1,1,1,0,0,0
167717,Darkhaven Villager,,,,0,7,0,0,92381,92380,94743,94744,1,1,1,1,0,0,0
167727,Veronika,,,,0,7,0,0,94743,0,0,0,1,1,1,1,0,0,0
167739,Thenios,,Paragon of Wisdom,,1,7,0,3,95016,0,0,0,1,1,1,1,176074,174433,0
167740,Xandria,,Paragon of Courage,,0,7,0,3,95012,0,0,0,1,1,1,1,174438,0,0
167744,Darkhaven Villager,,,,0,7,0,0,92381,92380,94743,94744,1,1,1,1,0,0,0
167746,Darkhaven Villager,,,,0,7,0,0,94744,0,0,0,1,1,1,1,0,0,0
167793,Venthyr Nightblade,,,,1,7,0,0,94952,0,0,0,1,1,1,1,0,0,0
167830,Khaliiq,,Vashj's Devoted,,0,7,0,0,95704,0,0,0,1,1,1,1,32841,0,0
167831,Hand of Vashj,,Vashj's Devoted,,0,7,0,0,95768,96597,0,0,1,1,1,1,32841,0,0
167849,Soul of Keltesh,,,,0,6,0,3,96599,0,0,0,1,1,1,1,0,0,0
167875,RTC Player Dummy,,,,0,10,0,0,96600,0,0,0,1,1,1,1,128507,0,0
167882,Kill Credit,,,,0,10,0,0,11686,0,0,0,1,1,1,1,0,0,0
167883,Kill Credit,,,,0,10,0,0,11686,0,0,0,1,1,1,1,0,0,0
167884,Venthyr Soulcaster,,,,1,7,0,0,94536,0,0,0,1,1,1,1,0,0,0
167886,Alliance Sailor,,,,0,7,0,0,89859,89868,89869,89870,1,1,1,1,0,0,0
167890,Spell Bunny,,,,0,10,0,0,1126,11686,0,0,0,1,1,1,0,0,0
167891,Spell Bunny,,,,0,10,0,0,1126,11686,0,0,0,1,1,1,0,0,0
167909,Won'sa,,,,0,7,0,0,96384,0,0,0,1,1,1,1,0,0,0
167915,Cork Fizzlepop,,,,0,7,0,0,96314,0,0,0,1,1,1,1,0,0,0
167918,Bela,,,,0,7,0,0,96612,0,0,0,1,1,1,1,0,0,0
167926,Thrall,,,,0,7,0,0,115495,0,0,0,1,1,1,1,204482,0,0
167927,Baroness Draka,,,,1,7,0,0,96443,0,0,0,1,1,1,1,105037,105037,0
167936,Kyrian Phalanx,,,,1,7,0,0,99325,0,0,0,1,1,1,1,0,176828,0
168012,Mawsworn Guard,,,,0,7,0,0,92410,0,0,0,1,1,1,1,108942,0,0
168013,Crucible Seeker,,,,0,1,52,0,92627,0,0,0,1,1,1,1,0,0,0
168014,Mawsworn Soulrender,,,,0,7,0,0,92779,0,0,0,1,1,1,1,111746,0,0
168037,Kyrian Halberdier,,,,1,7,0,0,94505,0,0,0,1,1,1,1,176059,0,0
168060,Maldraxxus Shock Trooper,,,,1,7,0,0,97862,0,0,0,1,1,1,1,0,0,0
168061,Maldraxxus Plaguesinger,,,,1,7,0,0,94505,0,0,0,1,1,1,1,0,0,0
168063,Kill Credit,,,,0,10,0,0,11686,0,0,0,1,1,1,1,0,0,0
168066,Kill Credit,,,,0,10,0,0,11686,0,0,0,1,1,1,1,0,0,0
168067,Wounded Hunter,,The Wild Hunt,,0,7,0,0,95914,95917,95904,95908,1,1,1,1,171946,0,0
168141,Bwonsamdi,,,,1,7,0,3,75961,0,0,0,100,1,1,1,154134,0,0
168145,Ardenweald Grovetender,,,,1,7,0,0,99776,0,0,0,1,1,1,1,0,0,0
168161,Ardenweald Trapper,,,,1,7,0,0,95877,0,0,0,1,1,1,1,0,0,0
168162,Baine Bloodhoof,,High Chieftain,,1,7,0,0,81646,0,0,0,1,1,1,1,27862,0,0
168175,Kill Credit,,,,0,10,0,0,11686,0,0,0,1,1,1,1,0,0,0
168193,Spell Bunny,,,,0,10,0,0,1126,11686,0,0,0,1,1,1,0,0,0
168197,Horde Wyvern,,,,0,1,160,3,46930,0,0,0,1,1,1,1,0,0,0
168223,Horde Wyvern,,,,0,1,160,0,46930,0,0,0,1,1,1,1,0,0,0
168237,Ilka,,,,0,7,0,0,94744,0,0,0,1,1,1,1,0,0,0
168255,Alliance Gryphon,,,,0,1,160,0,46929,0,0,0,1,1,1,1,0,0,0
168308,Soulguide Daelia,,,,1,7,0,0,94174,0,0,0,1,1,1,1,182146,0,0
168316,Invisible Stalker,,,,0,10,0,3,64062,11686,0,0,0,1,1,1,0,0,0
168328,Putrid Amalgamation,,,,1,6,0,0,22124,0,0,0,1,1,1,1,0,0,0
168340,Defiled Engineer,,Cult of the Damned,,0,7,0,0,96801,96802,96803,96804,1,1,1,1,0,0,34034
168381,Baroness Draka,,,,1,7,0,0,96443,0,0,0,1,1,1,1,105037,105037,0
168419,Zealous Neophyte,,Cult of the Damned,,0,7,0,0,96013,0,0,0,1,1,1,1,0,0,0
168423,Margrave Sin'dane,,,,1,6,0,0,96075,0,0,0,0,1,1,1,0,0,0
168426,Kill Credit,,,,0,10,0,0,11686,0,0,0,1,1,1,1,0,0,0
168435,Ardent Defender,,,,1,7,0,3,93241,93566,94873,93565,1,1,1,1,174442,0,0
168441,Cork Fizzlepop,,,,0,7,0,0,96314,0,0,0,1,1,1,1,0,0,0
168448,Rahel,,,,0,7,0,0,96830,0,0,0,1,1,1,1,0,0,0
168452,Spell Bunny,,,,0,10,0,0,1126,11686,0,0,0,1,1,1,0,0,0
168456,Kill Credit,,,,0,10,0,0,11686,0,0,0,1,1,1,1,0,0,0
168462,Cork Fizzlepop,,,,0,7,0,0,96314,0,0,0,1,1,1,1,0,0,0
168467,Invisible Stalker,,,,0,10,0,3,64062,11686,0,0,0,1,1,1,0,0,0
168489,Kill Credit,,,,0,10,0,0,11686,0,0,0,1,1,1,1,0,0,0
168529,Forsworn Ascended,,,,0,7,0,0,95127,0,0,0,1,1,1,1,0,0,0
168543,Amarth,,The Harvester,,1,7,0,3,94780,0,0,0,1,1,1,1,0,0,0
168545,Cork Fizzlepop,,,,0,7,0,0,96314,0,0,0,1,1,1,1,0,0,0
168546,Soul Scythe,,,,0,10,0,0,11686,0,0,0,1,1,1,1,0,0,0
168547,Xandria,,Paragon of Courage,,0,7,0,0,96165,0,0,0,1,1,1,1,174438,0,0
168548,Thanikos Spinerender,,,,1,6,0,0,96490,0,0,0,1,1,1,1,0,0,0
168549,Thanikos,,Hand of Courage,,1,7,0,0,98759,0,0,0,1,1,1,1,174388,174388,0
168550,Zolramus Gatekeeper,,,,1,7,0,0,95231,0,0,0,1,1,1,1,176578,0,0
168552,Chimaera,,,,1,1,38,3,94897,0,0,0,1,1,1,1,0,0,0
168570,Tannysa,,Herbalism Trainer,,0,7,0,0,3445,0,0,0,1,1,1,1,6234,0,0
168590,Spell Bunny,,,,0,10,0,0,1126,11686,0,0,0,1,1,1,0,0,0
168593,Undying Soldier,,,,0,6,0,0,96060,0,0,0,1,1,1,1,176550,0,0
168600,Knight-Captain Alyrra,,,,0,7,0,0,89959,0,0,0,100,1,1,1,158073,143,0
168604,Hulking Warflesh,,,,0,6,0,0,93944,0,0,0,1,1,1,1,0,0,0
168608,Harggan,,Blacksmithing Supplies,,0,7,0,0,7383,0,0,0,1,1,1,1,0,0,0
168609,Brewmaster Menli,,Brews from the Mists,,0,7,0,0,87613,0,0,0,1,1,1,1,0,0,0
168610,Statiks Quikfuse,,Engineering Supplies,,0,7,0,0,82854,0,0,0,1,1,1,1,1911,0,0
168611,Amaria Wildthorn,,Druid Trainer,,0,7,0,0,95596,0,0,0,1,1,1,1,157621,0,0
168632,Willowblossom,,,,0,7,0,3,97455,0,0,0,1,1,1,1,0,0,0
168649,Worgen Battlemage,,,,0,7,0,0,83350,0,0,0,1,1,1,1,937,0,0
168682,Ascended Corpse,,,,0,7,0,0,93893,93897,0,0,1,1,1,1,0,0,0
168746,Rahel,,,,0,7,0,0,96830,0,0,0,1,1,1,1,0,0,0
168748,Clora,,,,0,7,0,0,98218,0,0,0,1,1,1,1,174386,174386,0
168752,Stonehead,,,,1,5,0,0,93218,0,0,0,1,1,1,1,0,0,0
168753,Forgelite Sophone,,,,0,7,0,0,97456,0,0,0,1,1,1,1,174422,174433,0
168754,Tymon,,,,0,7,0,0,99329,0,0,0,1,1,1,1,0,174429,0
168755,Phillios,,,,0,7,0,0,99318,0,0,0,1,1,1,1,171944,0,0
168756,Pallessa,,,,0,7,0,0,98175,0,0,0,1,1,1,1,174422,0,0
168757,Achillon,,,,0,7,0,0,97859,0,0,0,1,1,1,1,174442,0,0
168758,Caretaker Mirene,,Innkeeper,,0,7,0,0,99289,0,0,0,1,1,1,1,0,0,0
168760,Klystere,,Stable Master,,0,7,0,0,99267,0,0,0,1,1,1,1,0,0,0
168765,Navarros,,Flight Master,,1,7,0,0,93534,0,0,0,1,1,1,1,0,0,0
168766,Cassius,,Flight Master,,1,7,0,0,93535,0,0,0,1,1,1,1,0,0,0
168767,Rheus,,Flight Master,,1,7,0,0,99214,0,0,0,1,1,1,1,0,0,0
168768,Klassia,,Flight Master,,1,7,0,0,93191,0,0,0,1,1,1,1,0,0,0
168769,Aspirant Ikaran,,,,0,7,0,0,99330,0,0,0,1,1,1,1,0,0,0
168770,Aspirant Leda,,,,0,7,0,0,99274,0,0,0,1,1,1,1,0,0,0
168771,Shuja Grimaxe,,,,0,7,0,0,97915,0,0,0,1,1,1,1,0,0,0
168772,Aspirant Thete,,,,0,7,0,0,99273,0,0,0,1,1,1,1,0,0,0
168773,Zosime,,,,0,7,0,0,99229,0,0,0,1,1,1,1,0,0,0
168774,Hopo,,,,0,7,0,0,94048,0,0,0,1,1,1,1,171130,0,0
168776,Zotimos,,Repairs,,0,7,0,0,93927,0,0,0,1,1,1,1,0,0,0
168777,Pocimos,,Cooking Supplies,,0,7,0,0,99296,0,0,0,1,1,1,1,0,0,0
168778,Eumelia,,Stable Master,,0,7,0,0,99213,0,0,0,1,1,1,1,0,0,0
168779,Inkiep,,Innkeeper,,0,7,0,0,99292,0,0,0,1,1,1,1,0,0,0
168780,Taerlina,,Inscription Supplies,,0,7,0,0,99231,0,0,0,1,1,1,1,0,0,0
168781,Craftsman Repa,,Repairs,,0,7,0,0,93927,0,0,0,1,1,1,1,171132,0,0
168783,Orator Kloe,,,,0,7,0,0,99208,0,0,0,1,1,1,1,0,0,0
168785,Forgehand Simo,,Repairs,,0,7,0,0,93927,0,0,0,1,1,1,1,171132,0,0
168786,Acolyte Galistos,,,,0,7,0,0,99326,0,0,0,1,1,1,1,0,0,0
168787,Nemea,,Larion Master,,0,7,0,0,93241,0,0,0,1,1,1,1,171946,0,0
168788,Andira,,,,1,1,160,0,93463,0,0,0,1,1,1,1,0,0,0
168789,Lentios,,,,0,1,160,0,93463,0,0,0,1,1,1,1,0,0,0
168790,Pelodis,,Phalynx Master,,0,7,0,0,94101,0,0,0,1,1,1,1,171130,0,0
168791,Gatamatos,,,,0,9,154,0,92676,0,0,0,1,1,1,1,0,0,0
168795,Sika,,,,0,7,0,0,96161,0,0,0,1,1,1,1,0,0,0
168800,Trusted Goldclaw,,,,0,1,0,3,93771,0,0,0,1,1,1,1,0,0,0
168804,Flayedwing Harrier,,,,0,1,38,3,94917,94924,94913,94920,1,1,1,1,0,0,0
168809,Disciple Helene,,,,1,7,0,0,94095,0,0,0,1,1,1,1,171130,0,0
168810,Kalisthene,,,,1,7,0,0,99125,0,0,0,1,1,1,1,176060,0,0
168811,Artemede,,Hand of Courage,,1,7,0,0,98177,0,0,0,1,1,1,1,174400,174403,0
168812,Apolon,,Hand of Courage,,1,7,0,0,99134,0,0,0,1,1,1,1,174403,174400,0
168813,Disciple Kosmas,,,,1,7,0,0,99151,0,0,0,1,1,1,1,174424,174429,0
168814,Eridia,,Hand of Purity,,1,7,0,0,97454,0,0,0,1,1,1,1,171130,0,0
168815,Sophia,,,,1,7,0,0,94419,0,0,0,1,1,1,1,182151,0,0
168816,Voitha,,Hand of Humility,,1,7,0,0,97485,0,0,0,1,1,1,1,0,0,0
168817,Arios Riftbearer,,Hand of Wisdom,,1,7,0,0,97467,0,0,0,1,1,1,1,174407,174435,0
168818,Rhean,,,,0,7,0,0,93199,0,0,0,1,1,1,1,0,0,0
168819,Soulguide Daelia,,Soul Warden,,1,7,0,0,94174,0,0,0,1,1,1,1,182146,0,0
168820,Adjutant Nikos,,Quartermaster,,0,9,0,0,92191,0,0,0,1,1,1,1,0,0,0
168821,Greeter Mnemis,,,,0,9,0,0,92191,0,0,0,1,1,1,1,0,0,0
168822,Locus-Keeper Mnemis,,,,0,9,0,0,92191,0,0,0,1,1,1,1,0,0,0
168823,Vault-Keeper Mnemis,,,,0,9,0,0,92191,0,0,0,1,1,1,1,0,0,0
168824,Haephus,,Sanctum Upgrades,,1,7,0,0,93893,0,0,0,1,1,1,1,0,0,0
168825,Hermestes,,Courier,,0,7,0,0,94235,0,0,0,1,1,1,1,0,0,0
168826,Dactylis,,,,0,9,0,0,92191,0,0,0,1,1,1,1,0,0,0
168827,Cromas the Mystic,,Healer,,0,7,0,0,94234,0,0,0,1,1,1,1,0,0,0
168829,Koros,,Communicator,,0,7,0,0,94236,0,0,0,1,1,1,1,0,0,0
168830,Watchmaster Leonar,,,,1,7,0,0,93892,0,0,0,1,1,1,1,171132,0,0
168838,Mawsworn Sorcerer,,,,0,10,52,0,92628,92416,92412,0,1,1,1,1,0,0,0
168863,Simone,,,,0,7,0,0,93398,0,0,0,1,1,1,1,0,0,0
168865,Darkhaven Denizen,,,,0,7,0,0,96947,96948,96949,96950,1,1,1,1,0,0,0
168867,Bogdan,,,,0,7,0,0,93955,0,0,0,939551,1,1,1,0,0,0
168872,Gilded Bulwark,,,,1,9,0,0,92534,0,0,0,1,1,1,1,0,0,0
168874,Ardent Champion,,,,1,7,0,0,93199,0,0,0,1,1,1,1,174388,174403,0
168875,Auric Weaver,,,,1,7,0,0,97216,97215,0,0,1,1,1,1,174416,0,0
168876,High Spiritguide,,,,1,7,0,0,95156,0,0,0,1,1,1,1,171132,174427,0
168877,Gilded Wingblade,,,,1,9,0,0,92191,0,0,0,1,1,1,1,0,0,0
168879,Attentive Child,,,,0,7,0,0,87011,0,0,0,1,1,1,1,0,0,0
168898,Prince Renathal,,,,1,7,0,0,94910,0,0,0,1,1,1,1,0,0,0
168923,Grubby,,,,6,1,42,0,45097,0,0,0,1,1,1,1,0,0,0
168925,Droman Tashmur,,Court of Night,,0,4,0,0,93379,0,0,0,1,1,1,1,0,0,0
168927,Droman Dawnblossom,,,,0,7,0,0,95748,0,0,0,1,1,1,1,0,0,0
168928,Ysera,,,,1,2,0,0,35253,0,0,0,1,1,1,1,0,0,0
168937,Z'rali,,,,1,10,0,0,96448,0,0,0,1,1,1,1,0,0,0
168938,Sire Denathrius,,,,1,7,0,0,92797,0,0,0,1,1,1,1,0,0,0
169032,Droman Aliothe,,Court of Night,,0,7,0,0,93641,0,0,0,1,1,1,1,0,0,0
169033,Lost Sybille,,,,0,7,0,0,93215,0,0,0,1,1,1,1,0,0,0
169035,Nathanos Blightcaller,,Champion of the Banshee Queen,,1,7,0,0,86011,0,0,0,1,1,1,1,65795,65795,166783
169056,Seed of Ages,,,,0,10,0,0,68366,0,0,0,1,1,1,1,0,0,0
169060,Tormented Soul,,,,0,6,0,3,96311,96312,0,0,6,6,1,1,0,0,0
169070,Highlord Darion Mograine,,Horseman of the Ebon Blade,,1,7,0,0,27153,0,0,0,1,1,1,1,40276,40276,0
169071,Genn Greymane,,King of Gilneas,,1,7,0,0,62093,0,0,0,1,1,1,1,0,0,0
169075,Calia Menethil,,,,1,7,0,0,92900,0,0,0,1,1,1,1,0,0,0
169094,Vulca,,,,0,7,0,0,93606,0,0,0,1,1,1,1,0,0,0
169108,Paragon of Humility,,Paragon of Humility,,0,7,0,0,95013,0,0,0,1,1,1,1,174424,0,0
169125,Animated Sword,,,,0,10,0,0,94282,0,0,0,1,1,1,1,0,0,0
169138,Projection of Prince Renathal,,,,1,7,0,0,93575,0,0,0,1,1,1,1,0,0,0
169156,Polemarch Adrestes,,,,1,7,0,0,94141,0,0,0,1,1,1,1,182152,0,0
169162,Hunting Worg,,,,6,1,1,0,70178,70179,0,0,1,1,1,1,0,0,0
169166,Provisioner Jin'hake,,,,0,7,0,0,96364,0,0,0,1,1,1,1,0,0,0
169186,Kleia,,,,0,7,0,0,97487,0,0,0,1,1,1,1,171132,0,0
169187,Pelagos,,,,0,7,0,0,97681,0,0,0,1,1,1,1,0,0,0
169188,Mikanikos,,Forgelite Prime,,0,7,0,0,96348,0,0,0,1,1,1,1,0,0,0
169189,Bron,,,,0,9,0,0,92534,0,0,0,1,1,1,1,0,0,0
169194,Vrejaal,,,,0,7,0,0,96478,0,0,0,1,1,1,1,177803,0,0
169233,Pelagos,,,,0,7,0,0,97681,0,0,0,1,1,1,1,0,0,0
169235,Kleia,,,,0,7,0,0,97487,0,0,0,1,1,1,1,171132,0,0
169236,Mikanikos,,Forgelite Prime,,0,7,0,0,96348,0,0,0,1,1,1,1,0,0,0
169239,Bron,,,,0,9,0,0,92534,0,0,0,1,1,1,1,0,0,0
169240,Darkwarren Spitter,,,,0,1,292,0,94207,0,0,0,1,1,1,1,0,0,0
169241,Darkwarren Bulwark,,,,0,1,292,0,94190,0,0,0,1,1,1,1,0,0,0
169243,Mire Runestag,,,,0,1,151,0,93790,0,0,0,1,1,1,1,0,0,0
169246,Spell Bunny,,,,0,10,0,0,1126,11686,0,0,0,1,1,1,0,0,0
169247,Forest Shrieker,,,,0,1,26,0,54173,0,0,0,1,1,1,1,0,0,0
169253,Spell Bunny,,,,0,10,0,0,1126,11686,0,0,0,1,1,1,0,0,0
169272,Wildseed Tender,,,,0,7,0,0,95566,99741,0,0,1,1,1,1,0,0,0
169275,Forsworn Punisher,,,,1,9,0,0,92664,0,0,0,1,1,1,1,171131,0,0
169279,Young Wildseed,,,,0,10,0,0,93367,0,0,0,1,1,1,1,0,0,0
169302,Cudgelface,,,,0,7,0,0,92397,0,0,0,1,1,1,1,0,0,0
169356,Riftwarden Acolyte,,,,0,7,0,0,83235,0,0,0,1,1,1,1,0,0,0
169357,Mithlos Falconbriar,,Druid Trainer,,0,7,0,0,95595,0,0,0,1,1,1,1,0,0,0
169360,Krimple Proxmeasure,,Alchemical Portionist,,0,7,0,0,64921,0,0,0,1,1,1,1,3699,0,0
169391,Addie Fizzlebog,,Expert Hunter,,0,7,0,0,64010,0,0,0,1,1,1,1,0,0,82594
169402,High Champion Meskal,,,,1,7,0,0,95967,0,0,0,1,1,1,1,174308,176720,0
169453,Voice of the Primus,,,,0,10,0,3,98497,0,0,0,1,1,1,1,0,0,0
169462,Baron Vyraz,,,,1,7,0,0,95383,0,0,0,1,1,1,1,0,0,0
169477,Whipper,,,,0,12,0,3,39109,0,0,0,0,1,1,1,0,0,0
169478,Snipper,,,,0,12,0,0,75373,0,0,0,1,1,1,1,0,0,0
169479,Flipper,,,,0,12,0,0,27433,0,0,0,1,1,1,1,0,0,0
169503,Deifir the Untamed,,,,4,1,292,0,94195,0,0,0,1,1,1,1,0,0,0
169506,Bwonsamdi's Fury,,,,1,7,0,3,97056,0,0,0,1,1,1,1,0,0,0
169507,Congealed Doubt,,,,0,15,0,0,94278,0,0,0,1,1,1,1,0,0,0
169508,Dark Goliath,,,,1,9,0,0,92664,0,0,0,1,1,1,1,0,0,0
169511,Dark Vault-Seeker,,,,0,7,0,0,93494,0,0,0,1,1,1,1,0,0,0
169514,Glimr,,,,0,12,0,0,96259,0,0,0,1,1,1,1,0,0,0
169515,Glimmerhoof Cloudstrider,,,,0,1,160,0,98493,0,0,0,1,1,1,1,0,0,0
169529,Cruel Collector,,,,0,7,0,0,93827,0,0,0,1,1,1,1,0,0,0
169530,Privileged Contributor,,,,0,7,0,0,93686,93105,0,0,1,1,1,1,0,0,0
169531,Retained Venthyr,,,,0,7,0,0,93618,0,0,0,1,1,1,1,0,0,0
169532,Patrolling Gargon,,,,0,1,128,0,93166,0,0,0,1,1,1,1,0,0,0
169533,Big Shiny,,,,0,5,0,0,96178,0,0,0,1,1,1,1,0,0,0
169537,The Countess,,Harvester of Desire,,1,7,0,0,97063,0,0,0,1,1,1,1,0,0,0
169538,Stoneguard Centurion,,,,0,7,0,0,96699,0,0,0,1,1,1,1,173890,0,0
169539,Stoneguard Centurion,,,,0,7,0,0,96700,0,0,0,1,1,1,1,173890,0,0
169590,Spell Bunny,,,,0,10,0,0,1126,11686,0,0,0,1,1,1,0,0,0
169591,Spell Bunny,,,,0,10,0,0,1126,11686,0,0,0,1,1,1,0,0,0
169616,The Tithelord,,Harvester of Envy,,1,7,0,3,97064,0,0,0,1,1,1,1,178494,0,0
169626,Muck Pile,,,,0,10,0,0,1126,11686,0,0,0,1,1,1,0,0,0
169643,Venerable Denizen,,,,0,7,0,0,96737,0,0,0,1,1,1,1,175934,0,0
169644,Venerable Denizen,,,,0,7,0,0,93979,0,0,0,1,1,1,1,175934,0,0
169645,Venerable Denizen,,,,0,7,0,0,94489,0,0,0,1,1,1,1,175934,0,0
169646,Venerable Denizen,,,,0,7,0,0,94485,0,0,0,1,1,1,1,175934,0,0
169650,Manifestations,,,,0,10,0,0,39810,0,0,0,1,1,1,1,0,0,0
169658,Ardent Loyalist,,,,0,7,0,0,94023,0,0,0,1,1,1,1,175848,0,0
169659,Ardent Loyalist,,,,0,7,0,0,94488,0,0,0,1,1,1,1,175848,0,0
169660,Ardent Loyalist,,,,0,7,0,0,94493,0,0,0,1,1,1,1,175848,0,0
169661,Ardent Loyalist,,,,0,7,0,0,94492,0,0,0,1,1,1,1,175848,0,0
169668,Cage Bunny,,,,0,10,0,0,1126,11686,0,0,0,1,1,1,0,0,0
169676,Depleted Soul,,,,0,6,0,0,94426,0,0,0,1,1,1,1,0,0,0
169710,Ambitious Aspirant,,,,0,7,0,0,94130,0,0,0,1,1,1,1,0,0,0
169711,Ambitious Aspirant,,,,0,7,0,0,94111,0,0,0,1,1,1,1,0,0,0
169712,Ambitious Aspirant,,,,0,7,0,0,94131,0,0,0,1,1,1,1,0,0,0
169713,Ambitious Aspirant,,,,0,7,0,0,94136,0,0,0,1,1,1,1,0,0,0
169728,Marker Bunny,,,,0,10,0,0,1126,11686,0,0,0,1,1,1,0,0,0
169744,Kelly Grant,,,,0,7,0,0,11746,0,0,0,1,1,1,1,0,0,0
169745,Kimberly Grant,,,,0,7,0,0,11747,0,0,0,1,1,1,1,0,0,0
169756,Harvesting Hook Bunny,,,,0,10,0,0,328,27823,0,0,0,1,1,1,0,0,0
169792,Mawsworn Kyrian,,,,0,7,0,3,94391,0,0,0,1,1,1,1,110389,0,0
169818,General Purpose Stalker,,,,0,10,0,0,47399,11686,0,0,0,1,1,1,0,0,0
169833,Sire Denathrius,,,,1,7,0,0,97115,0,0,0,1,1,1,1,0,0,0
169835,Prince Renathal,,,,1,7,0,0,94910,0,0,0,1,1,1,1,0,0,0
169839,Sire Denathrius,,,,1,7,0,0,97115,0,0,0,1,1,1,1,0,0,0
169842,Meatball,,,,0,7,0,0,501,0,0,0,0,1,1,1,0,0,0
169855,Remornia,,,,0,10,0,3,96983,0,0,0,1,1,1,1,0,0,0
169869,Lord Herne,,The Wild Hunt,,1,7,0,0,95245,0,0,0,1,1,1,1,180024,0,0
169871,Hungry Mawrat,,,,6,1,127,0,95749,0,0,0,3,1,1,1,0,0,0
169898,Sinfall Flyer,,,,0,1,24,3,94173,0,0,0,0,1,1,1,0,0,0
169899,Sinfall Flyer,,,,0,1,24,3,94173,0,0,0,0,1,1,1,0,0,0
169901,Baron Vyraz,,,,1,7,0,0,95383,0,0,0,1,1,1,1,176594,0,0
169906,Sinfall Flyer,,,,0,1,24,0,94173,0,0,0,0,1,1,1,0,0,0
169926,Margrave Gharmal,,,,1,6,0,0,94473,0,0,0,1,1,1,1,0,0,0
169956,Warden Casad,,Queen's Conservatory,,1,4,0,0,98212,0,0,0,1,1,1,1,0,0,0
169962,Rotwing Construct,,,,1,6,0,3,96773,0,0,0,1,1,1,1,0,0,0
169963,Flayedwing,,,,0,1,38,3,95648,0,0,0,1,1,1,1,0,0,0
169969,Kill Credit,,,,0,10,0,0,11686,0,0,0,1,1,1,1,0,0,0
170048,Manifestation of Wrath,,,,4,15,0,0,95669,0,0,0,1,1,1,1,0,0,0
170081,Audience Member,,,,0,7,0,0,94470,94466,95283,95234,1,1,1,1,0,0,0
170086,Blighted Ravager,,,,0,7,0,0,96775,0,0,0,1,1,1,1,180151,0,0
170090,Grove Defender,,The Wild Hunt,,0,7,0,0,95258,95252,95253,95254,1,1,1,1,178119,0,0
170103,Beacon,,,,0,10,0,0,1126,11686,0,0,0,1,1,1,0,0,0
170105,Helya,,,,1,7,0,3,66238,0,0,0,0,1,1,1,0,0,0
170117,Audience Member,,,,0,7,0,0,95267,95269,95447,95448,1,1,1,1,0,0,0
170119,Audience Member,,,,0,4,0,0,93151,95679,95681,95683,1,1,1,1,0,0,0
170120,Audience Member,,,,0,7,0,0,97506,97502,97494,97507,1,1,1,1,0,0,0
170148,Crypt Bunny,,,,0,10,0,0,1126,11686,0,0,0,1,1,1,0,0,0
170149,Crypt Bunny,,,,0,10,0,0,1126,11686,0,0,0,1,1,1,0,0,0
170150,Crypt Bunny,,,,0,10,0,0,1126,11686,0,0,0,1,1,1,0,0,0
170177,Winter Queen,,,,1,7,0,0,95678,0,0,0,1,1,1,1,0,0,0
170178,Droman Tashmur,,Court of Night,,0,4,0,0,96963,0,0,0,1,1,1,1,0,0,0
170202,Fire Spike,,,,0,10,0,0,97210,0,0,0,1,1,1,1,0,0,0
170204,Shadow Spike,,,,0,10,0,0,97212,0,0,0,1,1,1,1,0,0,0
170210,Green Spike,,,,0,10,0,0,97211,0,0,0,1,1,1,1,0,0,0
170223,Armed Aspirant,,,,0,7,0,0,97183,94508,94126,94109,1,1,1,1,176068,176817,0
170224,Decrepit Bilespawn,,,,0,6,0,0,94834,0,0,0,1,1,1,1,0,0,0
170238,Nazgrim,,,,1,7,0,0,70436,0,0,0,1,1,1,1,38633,0,0
170254,Dreamweaver,,,,0,7,0,0,94430,0,0,0,1,1,1,1,0,0,0
170257,Broker Ve'nott,,,,0,7,0,0,93583,0,0,0,1,1,1,1,0,0,0
170280,Drust Lurker,,,,0,15,0,0,85884,0,0,0,1,1,1,1,0,0,0
170282,Drust Shadowflayer,,,,0,7,0,0,96776,0,0,0,1,1,1,1,0,0,0
170294,Audience Member,,,,0,7,0,0,94470,94466,95283,95234,2,2,1,1,0,0,0
170309,Baroness Draka,,,,1,7,0,0,96443,0,0,0,1,1,1,1,105037,105037,0
170323,General Grashaal,,,,1,7,0,0,97069,0,0,0,1,1,1,1,0,0,0
170340,Heartwood Grove Evacuee,,,,0,7,0,0,95297,95532,95045,95533,1,1,1,1,0,0,0
170370,Fulyar the Destroyer,,,,1,15,0,0,96087,0,0,0,1,1,1,1,0,0,0
170389,Ogre Brute,,,,0,7,0,0,97263,97264,97265,97266,1,1,1,1,107407,0,0
170391,Grove Defender,,,,1,7,0,0,95450,97169,97171,97170,1,1,1,1,180024,0,176024
170400,Avatar of Aliothe,,,,1,7,0,0,93641,0,0,0,1,1,1,1,0,0,0
170412,Spirit Cradle,,,,0,10,0,0,96907,0,0,0,1,1,1,1,0,0,0
170413,Niya,,,,0,7,0,0,95232,0,0,0,1,1,1,1,178119,0,0
170421,PHA7-YNX,,,,0,12,0,0,99918,99919,99920,0,3,1,0.1,1,0,0,0
170422,Kill Credit,,,,0,10,0,0,11686,0,0,0,1,1,1,1,0,0,0
170425,Hidden Mirror,,,,0,10,0,0,1126,11686,0,0,0,1,1,1,0,0,0
170433,Ara'lon,,The Wild Hunt,,0,7,0,0,95230,0,0,0,1,1,1,1,178119,0,0
170434,Amalgamation of Sin,,,,4,4,0,0,94868,0,0,0,1,1,1,1,0,0,0
170436,Meadow Guardian,,,,0,4,0,0,95685,95684,0,0,1,1,1,1,0,0,0
170443,Invisible Stalker,,,,0,10,0,0,64062,11686,0,0,0,1,1,1,0,0,0
170450,Heartwood Grove Evacuee,,,,0,7,0,0,95297,95532,95045,95533,1,1,1,1,0,0,0
170468,Highlord Bolvar Fordragon,,Knights of the Ebon Blade,,1,7,0,0,95194,0,0,0,1,1,1,1,177838,0,0
170469,Overseer Kah-Sher,,The Will of the Arbiter,,1,7,0,0,98196,0,0,0,1,1,1,1,172141,0,0
170470,Overseer Kah-Delen,,Will of the Arbiter,,1,7,0,0,98195,0,0,0,1,1,1,1,0,0,0
170472,Blighted Evoker,,,,0,7,0,0,96777,0,0,0,1,1,1,1,180163,0,0
170473,Kill Credit,,,,0,10,0,0,11686,0,0,0,1,1,1,1,0,0,0
170485,Ara'lon,,The Wild Hunt,,0,7,0,0,95230,0,0,0,1,1,1,1,178119,0,0
170497,Recovered Defender,,The Wild Hunt,,0,7,0,0,95868,95873,95870,95876,1,1,1,1,178119,0,0
170498,Soryn,,,,0,4,0,0,97303,0,0,0,1,1,1,1,0,0,0
170512,Spell Bunny,,,,0,10,0,0,1126,11686,0,0,0,1,1,1,0,0,0
170519,Stygian Soul,,,,6,6,0,3,94426,94426,94426,94426,1,1,1,1,0,0,0
170521,Swift Shadowstalker,,,,1,1,2,0,89243,0,0,0,1,1,1,1,0,0,0
170534,Nature Spirit,,,,0,7,0,0,78930,0,0,0,1,1,1,1,0,0,0
170535,Death Knight Mage,,,,1,7,0,0,25423,0,0,0,1,1,1,1,0,0,0
170536,Death Knight Mage,,,,1,7,0,0,25375,0,0,0,1,1,1,1,0,0,0
170556,Kill Credit,,,,0,10,0,0,11686,0,0,0,1,1,1,1,0,0,0
170577,Nightsong Ardenmoth,,,,1,1,37,0,95199,0,0,0,1,1,1,1,0,0,0
170578,Khaliiq,,Vashj's Devoted,,0,7,0,0,95704,0,0,0,1,1,1,1,32841,0,0
170609,Stranded Stag,,,,0,1,151,0,94341,0,0,0,1,1,1,1,0,0,0
170610,Storage Warden,,,,0,9,0,0,92664,0,0,0,1,1,1,1,0,0,0
170626,Spell Bunny,,,,0,10,0,0,97673,0,0,0,1,1,1,1,0,0,0
170631,Moonglow,,,,0,1,0,0,94356,0,0,0,1,1,1,1,0,0,0
170636,Winter Queen,,,,1,7,0,0,95678,0,0,0,1,1,1,1,0,0,0
170641,Anima Crystal,,,,0,10,0,0,97678,0,0,0,1,1,1,1,0,0,0
170647,Pelagos,,,,0,7,0,0,97681,0,0,0,1,1,1,1,0,0,0
170648,Kleia,,,,0,7,0,0,97486,0,0,0,1,1,1,1,171132,0,0
170649,Mikanikos,,,,0,7,0,0,96348,0,0,0,1,1,1,1,0,0,0
170669,Ara'lon,,The Wild Hunt,,0,7,0,0,95230,0,0,0,1,1,1,1,178119,0,0
170670,Spirit Cradle,,,,0,10,0,0,96907,0,0,0,1,1,1,1,0,0,0
170682,Client Scene Abomination,,,,1,6,0,0,97913,97914,0,0,1,1,1,1,0,0,0
170683,Client Scene Small Abom,,,,0,6,0,0,97916,97917,0,0,1,1,1,1,0,0,0
170684,Client Scene Gladiator,,,,1,7,0,0,97918,97920,0,0,1,1,1,1,0,0,0
170685,Client Scene Lich,,,,1,6,0,0,97922,97921,0,0,1,0.5,1,1,0,0,0
170686,Client Scene Necromancer,,,,1,7,0,0,97923,97924,0,0,1,1,1,1,0,0,0
170687,Client Scene Mounted Gladiator,,,,1,7,0,0,95377,97231,0,0,1,1,1,1,165613,0,0
170693,Invisible Stalker,,,,0,10,0,0,64062,11686,0,0,0,1,1,1,0,0,0
170705,Ara'lon,,The Wild Hunt,,0,7,0,0,95230,0,0,0,1,1,1,1,178119,0,0
170716,Bunny,,,,0,10,0,0,52318,13069,0,0,0,1,1,1,0,0,0
170746,Essence Devourer,,,,6,1,53,0,97084,0,0,0,3,1,1,1,0,0,0
170751,Invisible Stalker,,,,0,10,0,0,64062,11686,0,0,0,1,1,1,0,0,0
170755,Kill Credit,,,,0,10,0,0,11686,0,0,0,1,1,1,1,0,0,0
170760,Trade Prince Gazlowe,,,,1,7,0,0,90805,0,0,0,0,1,1,1,0,0,0
170765,Echo of Denathrius,,,,0,7,0,0,97378,0,0,0,1,1,1,1,0,0,0
170841,Highlord Bolvar Fordragon,,Knights of the Ebon Blade,,1,7,0,0,95194,0,0,0,1,1,1,1,0,0,0
170846,Spirit Cradle,,,,0,10,0,0,96907,0,0,0,1,1,1,1,0,0,0
170849,Lingering Impurity,,,,6,15,0,0,94278,0,0,0,1,1,1,1,0,0,0
170875,Onlooker,,,,0,7,0,0,95297,95532,95045,95533,1,1,1,1,0,0,0
170894,Dreamweaver,,,,0,7,0,0,94430,0,0,0,1,1,1,1,0,0,0
170895,Lady Moonberry,,Court of Night,,1,7,0,0,94286,0,0,0,1,1,1,1,0,0,0
170904,Resonating Chest,,,,0,10,0,0,78970,11686,0,0,0,1,1,1,0,0,0
170921,Baroness Draka,,,,1,7,0,0,96443,0,0,0,1,1,1,1,105037,105037,0
170957,Taeras,,The Wild Hunt,,0,7,0,0,97356,0,0,0,1,1,1,1,0,0,0
170958,Nera,,The Wild Hunt,,0,7,0,0,95907,0,0,0,1,1,1,1,0,0,0
170959,Azelor,,The Wild Hunt,,0,7,0,0,95915,0,0,0,1,1,1,1,0,0,0
171001,Mikanikos,,Forgelite Prime,,0,7,0,0,96348,0,0,0,1,1,1,1,0,0,0
171004,Dreamweaver,,,,0,7,0,0,94430,0,0,0,1,1,1,1,0,0,0
171006,Niya,,,,0,7,0,0,95232,0,0,0,1,1,1,1,0,0,0
171007,Hunt-Captain Korayn,,The Wild Hunt,,0,7,0,0,95248,0,0,0,1,1,1,1,180024,0,76980
171019,Plague Deviser Marileth,,,,0,7,0,0,94122,0,0,0,1,1,1,1,0,0,0
171020,Emeni,,,,0,6,0,0,93825,0,0,0,1,1,1,1,0,0,0
171021,Bonesmith Heirmir,,,,0,6,0,0,96102,0,0,0,1,1,1,1,174305,174305,0
171022,Kill Credit,,,,0,10,0,0,11686,0,0,0,1,1,1,1,0,0,0
171024,Spell Bunny,,,,0,10,0,0,1126,11686,0,0,0,1,1,1,0,0,0
171025,Sunny,,,,0,12,0,0,97448,0,0,0,1,1,1,1,0,0,0
171035,Highlord Darion Mograine,,Horseman of the Ebon Blade,,1,7,0,0,27153,0,0,0,1,1,1,1,40276,40276,0
171043,Armandei,,The Countess's Stable Master,,0,7,0,0,97452,0,0,0,1,1,1,1,0,0,0
171048,Spell Bunny,,,,0,10,0,0,1126,11686,0,0,0,1,1,1,0,0,0
171049,Spell Bunny,,,,0,10,0,0,1126,11686,0,0,0,1,1,1,0,0,0
171051,Forsworn Proxy,,,,0,10,0,0,39810,0,0,0,1,1,1,1,0,0,0
171052,Essence Devourer,,,,6,1,53,0,97084,0,0,0,3,1,1,1,0,0,0
171065,General Draven,,,,1,7,0,0,92399,0,0,0,1,1,1,1,0,0,0
171066,Nadjia the Mistblade,,,,1,7,0,0,93210,0,0,0,1,1,1,1,175847,0,0
171067,Kill Credit,,,,0,10,0,0,11686,0,0,0,1,1,1,1,0,0,0
171069,Baroness Draka,,,,1,7,0,0,96443,0,0,0,1,1,1,1,0,0,0
171083,Soul Scythe,,,,0,10,0,0,11686,0,0,0,1,1,1,1,0,0,0
171117,Blushing Spiderling,,,,0,12,0,0,99863,0,0,0,1,1,1,1,0,0,0
171118,Wrathling,,,,0,12,0,0,99874,0,0,0,1,1,1,1,0,0,0
171119,Bound Lightspawn,,,,0,12,0,0,99873,0,0,0,1,1,1,1,0,0,0
171120,Animated Tome,,,,0,12,0,0,97329,0,0,0,1,1,1,1,0,0,0
171121,Primordial Bogling,,,,0,12,0,0,99909,0,0,0,1,1,1,1,0,0,0
171122,Burdened Soul,,,,0,12,0,0,99925,0,0,0,1,1,1,1,0,0,0
171123,Lost Soul,,,,0,14,0,0,99924,0,0,0,1,1,1,1,0,0,0
171124,Raw Emotion,,,,0,12,0,0,99876,0,0,0,1,1,1,1,0,0,0
171125,Trapped Stonefiend,,,,0,12,0,0,99903,0,0,0,1,1,1,1,0,0,0
171127,Court Messenger,,,,0,12,0,0,99902,0,0,0,1,1,1,1,0,0,0
171136,Dal,,,,0,12,0,0,99904,0,0,0,1,1,1,1,0,0,0
171149,Dusky Dredwing Pup,,,,0,14,0,3,99888,0,0,0,1,1,1,1,0,0,0
171150,Crimson Dredwing Pup,,,,0,12,0,3,99890,0,0,0,1,1,1,1,0,0,0
171151,Violet Dredwing Pup,,,,0,12,0,3,99889,0,0,0,1,1,1,1,0,0,0
171158,Kill Credit,,,,0,10,0,0,11686,0,0,0,1,1,1,1,0,0,0
171160,Echo of Denathrius,,,,0,7,0,0,97378,0,0,0,1,1,1,1,0,0,0
171174,Spell Bunny,,,,0,10,0,0,1126,11686,0,0,0,1,1,1,0,0,0
171183,Baroness Vashj,,Matron of Spies,,1,7,0,0,96138,0,0,0,1,1,1,1,0,0,156712
171199,Baron Vyraz,,,,1,7,0,0,95383,0,0,0,1,1,1,1,174309,0,0
171214,Light Beam Bunny,,,,0,10,0,0,1126,11686,0,0,0,1,1,1,0,0,0
171215,CDI TEST,,,,0,7,0,0,97510,97504,0,0,1,1,1,1,0,0,0
171222,Ardent Legionnaire,,,,1,7,0,3,93495,0,0,0,1,1,1,1,126747,0,0
171223,Master Sha'lor,,,,0,10,0,0,13069,0,0,0,1,1,1,1,0,0,0
171224,Willowbreeze,,,,0,12,0,0,95581,0,0,0,1,1,1,1,0,0,0
171225,Starry Dreamfoal,,,,0,12,0,0,95582,0,0,0,1,1,1,1,0,0,0
171227,Pearlwing Heron,,,,0,12,0,0,99879,0,0,0,1,1,1,1,0,0,0
171228,Tranquil Wader,,,,0,14,0,0,99880,0,0,0,1,1,1,1,0,0,0
171229,Gorm Rootstinger,,,,0,14,0,3,99926,0,0,0,1,1,1,1,0,0,0
171230,Gorm Harrier,,,,0,12,0,3,99896,0,0,0,1,1,1,1,0,0,0
171231,Gorm Needler,,,,0,12,0,3,99927,0,0,0,1,1,1,1,0,0,0
171232,Kyrian Defender,,,,0,7,0,3,93330,96142,0,0,1,1,1,1,171944,0,0
171233,Dusty Sporeflutterer,,,,0,12,0,3,95929,0,0,0,1,1,1,1,0,0,0
171234,Amber Glitterwing,,,,0,12,0,3,95927,0,0,0,1,1,1,1,0,0,0
171235,Fuzzy Shimmermoth,,,,0,12,0,3,96387,0,0,0,1,1,1,1,0,0,0
171238,Cloudfeather Fledgling,,,,0,12,0,0,99900,0,0,0,1,1,1,1,0,0,0
171239,Chirpy Valeshrieker,,,,0,12,0,0,99898,0,0,0,1,1,1,1,0,0,0
171240,Devouring Animite,,,,0,12,0,0,99883,0,0,0,1,1,1,1,0,0,0
171241,Grubby,,,,0,12,0,0,99851,0,0,0,1,1,1,1,0,0,0
171242,Hungry Burrower,,,,0,12,0,0,99866,0,0,0,1,1,1,1,0,0,0
171243,"Gloober, as G'huun",,,,0,12,0,0,99865,0,0,0,1,1,1,1,0,0,0
171246,Rocky,,,,0,12,0,0,93750,0,0,0,1,1,1,1,0,0,0
171247,Dodger,,,,0,12,0,0,93752,0,0,0,1,1,1,1,0,0,0
171248,Floofa,,,,0,12,0,0,97518,0,0,0,1,1,1,1,0,0,0
171257,Aerial Warrior,,,,0,7,0,3,93190,93225,93226,93899,1,1,1,1,0,0,0
171258,Mor'Bitan,,,,1,6,0,2,96670,0,0,0,1,1,1,1,0,0,0
171261,Soulkeeper Crystal,,,,0,10,0,0,97527,0,0,0,1,1,1,1,0,0,0
171278,Soulkeeper Crystal,,,,0,10,0,0,97527,0,0,0,1,1,1,1,0,0,0
171280,Night Elf Soul,,,,0,6,0,0,97529,97530,97531,97532,1,1,1,1,0,0,0
171281,Night Elf Soul,,,,0,6,0,0,97529,97530,97531,97532,1,1,1,1,0,0,0
171282,Night Elf Soul,,,,0,6,0,0,97529,97530,97531,97532,1,1,1,1,0,0,0
171284,Night Elf Soul,,,,0,7,0,0,78439,89243,70448,71273,1,1,1,1,0,0,0
171296,Apolon,,Hand of Courage,,1,7,0,0,99134,0,0,0,1,1,1,1,174403,174400,0
171309,Knight of the Ebon Blade,,,,1,7,0,0,94665,0,0,0,1,1,1,1,117049,0,0
171331,Glowing Runeblade,,,,0,10,0,3,1126,11686,0,0,0,1,1,1,0,0,0
171356,Runecarver,,,,0,7,0,0,95624,0,0,0,1,1,1,1,0,0,0
171357,Stormwind Infantry,,,,0,7,0,0,87371,87372,0,0,1,1,1,1,161196,143,0
171359,Stormwind Infantry Captain,,,,1,7,0,0,87371,87372,0,0,1,1,1,1,138768,143,0
171361,Captain's Horse,,,,0,1,0,0,85118,0,0,0,1,1,1,1,0,0,0
171374,Dread Evoker,,,,0,7,0,0,97070,97114,0,0,1,1,1,1,0,0,0
171379,Heartwood Grove Evacuee,,,,0,7,0,0,95532,95533,0,0,1,1,1,1,0,0,0
171417,Maw Jump Point,,,,0,10,0,3,22903,11686,0,0,0,1,1,1,0,0,0
171421,Stoneborn Legionnaire,,,,1,7,0,0,97039,97648,0,0,1,1,1,1,0,0,0
171428,Sinfall Assassin,,,,1,7,0,0,94725,94724,97035,0,1,1,1,1,0,0,0
171435,Chains,,,,0,10,0,0,78970,11686,0,0,0,1,1,1,0,0,0
171458,Mucktrail Snail,,,,0,1,0,0,32660,0,0,0,1,1,1,1,0,0,0
171465,Kevin,,,,0,15,0,0,95791,0,0,0,1,1,1,1,0,0,0
171466,Secutor Mevix,,,,0,6,0,0,96754,0,0,0,1,1,1,1,0,0,0
171471,Bwonsamdi Worshipper,,,,0,7,0,0,80711,80710,80712,80713,1,1,1,1,0,0,0
171472,Bwonsamdi,,,,1,7,0,2,97667,0,0,0,1,1,1,1,0,0,0
171521,Dread Evoker,,,,1,7,0,0,97070,97114,0,0,1,1,1,1,0,0,0
171522,Foul Slayer,,,,1,7,0,0,96880,96878,96879,0,1,1,1,1,180142,180142,0
171548,Ve'nari Gossip Credit,,,,0,10,0,0,11686,0,0,0,1,1,1,1,0,0,0
171565,Golden Cloudfeather,,,,0,12,0,0,99899,0,0,0,1,1,1,1,0,0,0
171567,Fledgling Teroclaw,,,,0,14,0,0,99897,0,0,0,1,1,1,1,0,0,0
171568,Sable,,,,0,12,0,0,93744,0,0,0,1,1,1,1,0,0,0
171569,Brightscale Hatchling,,,,0,12,0,0,99855,0,0,0,1,1,1,1,0,0,0
171579,Xandria,,Paragon of Courage,,1,7,0,3,95012,0,0,0,1,1,1,1,0,0,0
171582,Disciple of Courage,,,,0,7,0,3,95479,95630,0,0,1,1,1,1,176074,176818,0
171587,Reanimated Shambling Horror,,,,0,6,0,0,100436,0,0,0,0,1,1,1,0,0,0
171622,Drustcrazed Tender,,,,0,7,0,0,95049,95055,95054,95056,1,1,1,1,0,0,0
171623,Bwonsamdi Worshipper,,,,0,7,0,0,80711,80710,80712,80713,1,1,1,1,0,0,0
171624,Rescued Worshipper,,,,0,7,0,0,80711,80710,80712,80713,1,1,1,1,0,0,0
171625,Rescued Worshipper,,,,0,7,0,0,80711,80710,80712,80713,1,1,1,1,0,0,0
171626,Tower Inquisitor,,,,0,7,0,0,98015,0,0,0,1,1,1,1,179726,0,0
171627,Rescued Worshipper,,,,0,7,0,0,80711,80710,80712,80713,1,1,1,1,0,0,0
171628,Rescued Worshipper,,,,0,7,0,0,80711,80710,80712,80713,1,1,1,1,0,0,0
171629,Rescued Worshipper,,,,0,7,0,0,80711,80710,80712,80713,1,1,1,1,0,0,0
171630,Rescued Worshipper,,,,0,7,0,0,80711,80710,80712,80713,1,1,1,1,0,0,0
171635,Drustcrazed Keeper,,,,0,7,0,0,99746,99745,0,0,1,1,1,1,0,0,0
171636,Ara'lon,,The Wild Hunt,,0,7,0,0,95230,0,0,0,1,1,1,1,0,0,0
171637,Hunt-Captain Korayn,,The Wild Hunt,,0,7,0,0,95248,0,0,0,1,1,1,1,0,0,0
171644,Kivarr,,,,0,7,0,0,94903,0,0,0,1,1,1,1,0,0,0
171648,Ysera,,,,1,2,0,0,96928,0,0,0,1,1,1,1,0,0,0
171655,Spirit of Vol'jin,,,,1,7,0,0,89267,0,0,0,100,1,1,1,0,0,0
171660,Alexandros Mograine,,The Ashbringer,,1,7,0,0,94718,0,0,0,1,1,1,1,181255,0,0
171664,Fluttering Glimmerfly,,,,0,14,0,3,99893,0,0,0,1,1,1,1,0,0,0
171666,Wild Etherwyrm,,,,0,14,0,3,99892,0,0,0,1,1,1,1,0,0,0
171667,Helpful Glimmerfly,,,,0,12,0,3,99894,0,0,0,1,1,1,1,0,0,0
171668,Vibrant Glimmerfly,,,,0,14,0,3,99895,0,0,0,1,1,1,1,0,0,0
171670,Glimmerpool Hatchling,,,,0,14,0,0,99853,0,0,0,1,1,1,1,0,0,0
171674,Queensbow,,The Wild Hunt,,0,7,0,0,97097,97099,97101,97103,1,1,1,1,176022,0,176022
171693,Silvershell Snapper,,,,0,12,0,0,99854,0,0,0,1,1,1,1,0,0,0
171694,Goldenpaw Kit,,,,0,12,0,0,93747,0,0,0,1,1,1,1,0,0,0
171697,Purity,,,,0,12,0,0,93753,0,0,0,1,1,1,1,0,0,0
171702,Copperfur Kit,,,,0,14,0,0,93749,0,0,0,1,1,1,1,0,0,0
171703,Rustfur Kit,,,,0,14,0,0,93751,0,0,0,1,1,1,1,0,0,0
171707,Stygia Looted Credit,,,,0,10,0,0,11686,0,0,0,1,1,1,1,0,0,0
171710,Gilded Wader,,,,0,12,0,0,99878,0,0,0,1,1,1,1,0,0,0
171712,Wader Chick,,,,0,14,0,0,99881,0,0,0,1,1,1,1,0,0,0
171714,Devoured Wader,,,,0,12,0,0,99882,0,0,0,1,1,1,1,0,0,0
171716,Indigo,,,,0,12,0,0,95583,0,0,0,1,1,1,1,0,0,0
171719,Spirited Skyfoal,,,,0,12,0,0,95584,0,0,0,1,1,1,1,0,0,0
171769,Chosen Vanguard,,,,0,7,0,0,95944,95943,0,0,1,1,1,1,177261,176722,0
171795,Lady Moonberry,,Court of Night,,1,7,0,0,94286,0,0,0,1,1,1,1,0,0,0
171806,Spirit of Vol'jin,,,,1,7,0,0,89267,0,0,0,100,1,1,1,0,0,0
171811,Spirit Tender,,,,0,7,0,0,95661,95662,0,0,1,1,1,1,0,0,0
171815,Wildseed Defender,,,,0,7,0,0,95450,97169,97171,97170,1,1,1,1,0,0,0
171828,Spirit of Vol'jin,,,,1,7,0,0,89267,0,0,0,100,1,1,1,0,0,0
171840,Anduin Wrynn,,Prince of Stormwind,,0,7,0,0,99591,0,0,0,1,1,1,1,152482,0,0
171843,Hala,,,,1,7,0,0,99213,0,0,0,1,1,1,1,0,0,0
171844,Molako,,,,1,7,0,0,97216,0,0,0,1,1,1,1,0,0,0
171846,Ispiron,,,,1,9,0,0,94331,0,0,0,1,1,1,1,0,0,0
171869,Dug Gravewell,,Gravedigger,,0,7,0,0,95822,0,0,0,0,1,1,1,0,0,0
171875,Khaliiq,,Vashj's Devoted,,0,7,0,0,95704,0,0,0,1,1,1,1,32841,0,0
171878,Stonehuck,,,,0,7,0,0,94517,0,0,0,0,1,1,1,0,0,0
171885,Test Questgiver,,,,0,7,0,0,94743,94744,0,0,1,1,1,1,0,0,0
171888,Anima Crystal Transform,,,,0,10,0,0,95471,0,0,0,1,1,1,1,0,0,0
171893,Thela Soulsipper,,,,0,7,0,0,99468,0,0,0,0,1,1,1,0,0,0
171898,Kaletar,,Mender,,0,7,0,0,94571,0,0,0,0,1,1,1,0,0,0
171910,Confront the Accuser,,,,0,10,0,0,11686,0,0,0,1,1,1,1,0,0,0
171918,Ayeleth,,Deprived,,0,7,0,0,93526,0,0,0,0,1,1,1,0,0,0
171927,Nerith Darkwing,,,,0,7,0,0,91889,0,0,0,0,1,1,1,0,0,0
171930,Kill Credit,,,,0,10,0,0,11686,0,0,0,1,1,1,1,0,0,0
171932,Gorak Zhar,,,,1,7,0,0,97113,0,0,0,1,1,1,1,0,0,0
171933,Alexandros Mograine,,The Ashbringer,,1,7,0,0,94718,0,0,0,1,1,1,1,0,0,0
171934,Prince Renathal,,,,1,7,0,0,94910,0,0,0,1,1,1,1,0,0,0
171939,Invisible Stalker,,,,0,10,0,0,64062,11686,0,0,0,1,1,1,0,0,0
171940,Kyrian Ascendant,,,,1,7,0,0,97817,97816,97814,97815,1,1,1,1,176059,0,0
171944,Forsworn Usurper,,,,1,7,0,3,97818,97820,97821,97819,1,1,1,1,174994,0,0
171945,Door of Shadows Received,,,,0,10,0,0,11686,0,0,0,1,1,1,1,0,0,0
171954,Oonar's Arm,,,,0,12,0,0,95576,0,0,0,1,1,1,1,0,0,0
171967,Blisswing,,,,0,7,0,0,94869,0,0,0,1,1,1,1,0,0,0
171968,Duskleaf,,,,0,7,0,0,97826,0,0,0,1,1,1,1,0,0,0
171969,Karynmwylyann,,,,0,4,0,0,93974,0,0,0,1,1,1,1,0,0,0
171970,Chalkyth,,,,0,7,0,0,95901,0,0,0,1,1,1,1,0,0,0
171971,Lloth'wellyn,,,,0,7,0,0,97827,0,0,0,1,1,1,1,0,0,0
171972,Yira'lya,,,,0,7,0,0,99774,0,0,0,1,1,1,1,0,0,0
171977,Spell Target,,,,0,10,0,0,1126,11686,0,0,0,1,1,1,0,0,0
171982,Corpulent Bonetusk,,,,0,12,0,0,99857,0,0,0,1,1,1,1,0,0,0
171984,Pernicious Bonetusk,,,,0,12,0,0,99856,0,0,0,1,1,1,1,0,0,0
171985,Luminous Webspinner,,,,0,12,0,0,99860,0,0,0,1,1,1,1,0,0,0
171986,Boneweave Hatchling,,,,0,12,0,0,99858,0,0,0,1,1,1,1,0,0,0
171987,Skittering Venomspitter,,,,0,12,0,0,99859,0,0,0,1,1,1,1,0,0,0
171995,Kythekios,,,,0,7,0,0,99317,0,0,0,0,1,1,1,0,0,0
172006,Teliah,,,,0,7,0,0,94094,0,0,0,0,1,1,1,176904,0,0
172012,Prime Bladeguard,,,,0,7,0,0,95395,95968,0,0,1,1,1,1,178918,176724,0
172014,The Jailer,,,,1,7,0,0,99595,0,0,0,1,1,1,1,0,0,0
172015,Prime Bladeguard,,,,0,6,0,0,96489,96133,96208,96211,1,1,1,1,178918,176724,0
172018,Mawsworn Guard,,,,0,7,0,0,92412,0,0,0,1,1,1,1,179728,0,0
172019,Stygian Giant,,,,1,5,0,0,99067,0,0,0,1,1,1,1,0,0,0
172022,Telethakas,,,,0,7,0,0,93927,0,0,0,0,1,1,1,0,0,0
172032,Molako,,,,0,7,0,0,97216,0,0,0,0,1,1,1,0,0,0
172036,Queen's Vanguard,,The Wild Hunt,,0,7,0,0,95258,95260,95261,95259,1,1,1,1,180024,0,0
172037,Hala,,,,0,7,0,0,99213,0,0,0,0,1,1,1,0,0,0
172038,Elite Hunter,,The Wild Hunt,,0,7,0,0,95904,95905,95906,95907,1,1,1,1,178119,0,0
172062,Ysera,,,,1,2,0,0,95442,0,0,0,1,1,1,1,0,0,0
172090,Stone Fiend,,,,0,7,0,0,93170,0,0,0,1,1,1,1,0,0,0
172116,Maldraxxi Anima Crystal,,,,0,10,0,0,94144,0,0,0,1,1,1,1,0,0,0
172130,Clutch,,,,0,14,0,0,95577,0,0,0,1,1,1,1,0,0,0
172132,Bubbling Pustule,,,,0,12,0,0,99013,0,0,0,1,1,1,1,0,0,0
172134,Shy Melvin,,,,0,12,0,0,99014,0,0,0,1,1,1,1,0,0,0
172135,Plaguelouse Larva,,,,0,12,0,0,98467,0,0,0,1,1,1,1,0,0,0
172136,Corpselouse Larva,,,,0,12,0,0,98469,0,0,0,1,1,1,1,0,0,0
172137,Feasting Larva,,,,0,12,0,0,98468,0,0,0,1,1,1,1,0,0,0
172139,Writhing Spine,,,,0,12,0,0,95573,0,0,0,1,1,1,1,0,0,0
172140,Backbone,,,,0,12,0,0,95572,0,0,0,1,1,1,1,0,0,0
172148,Micromancer,,,,0,12,0,0,99916,0,0,0,1,1,1,1,0,0,0
172149,Invertebrate Oil,,,,0,12,0,0,99915,99914,0,0,1,0.5,1,1,0,0,0
172150,Sludge Feeler,,,,0,12,0,0,99908,0,0,0,1,1,1,1,0,0,0
172151,Toenail,,,,0,12,0,0,99922,0,0,0,1,1,1,1,0,0,0
172153,Mu'dud,,,,0,12,0,0,99921,0,0,0,1,1,1,1,0,0,0
172154,Ispiron,,,,0,7,0,0,94331,0,0,0,0,1,1,1,0,0,0
172155,Foulwing Buzzer,,,,0,12,0,3,99928,0,0,0,1,1,1,1,0,0,0
172159,Soul Ward Credit A,,,,0,10,0,0,11686,0,0,0,1,1,1,1,0,0,0
172160,Soul Ward Credit B,,,,0,10,0,0,11686,0,0,0,1,1,1,1,0,0,0
172161,Soul Ward Credit C,,,,0,10,0,0,11686,0,0,0,1,1,1,1,0,0,0
172162,Soul Ward Credit D,,,,0,10,0,0,11686,0,0,0,1,1,1,1,0,0,0
172172,Spell Bunny,,,,0,10,0,0,1126,11686,0,0,0,1,1,1,0,0,0
172174,Pank,,Banker,,0,7,0,0,35186,0,0,0,1,1,1,1,0,0,0
172178,Horde Orphan,,,,0,7,0,0,14616,0,0,0,4,1,1,1,0,0,0
172181,Gamon,,,,1,7,0,0,64797,0,0,0,100,1,1,1,63252,0,0
172185,"Zayhad, The Builder",,Sanctum Upgrades,,0,4,0,0,99019,0,0,0,1,1,1,1,0,0,0
172194,Darkwing Raider,,,,0,7,0,3,96160,97889,0,0,1,1,1,1,178510,0,0
172201,Thunder Bluff Protector,,,,0,7,0,0,49770,49781,0,0,1,1,1,1,33609,12454,49462
172202,Mag'har Blademaster,,,,0,7,0,0,86338,86339,0,0,1,1,1,1,112016,0,0
172203,Mag'har Darkcaster,,,,0,7,0,0,86333,86332,0,0,1,1,1,1,108652,0,0
172204,Faulty Fireworks,,,,0,10,0,0,52334,0,0,0,1,1,1,1,0,0,0
172208,Darkspear Headhunter,,,,0,7,0,0,31737,31738,31841,31840,1,1,1,1,13631,0,5870
172212,Blighted Creeper,,,,0,15,0,0,85884,0,0,0,1,1,1,1,0,0,0
172213,Blighted Servitor,,,,0,7,0,0,96776,96774,96777,0,1,1,1,1,0,0,0
172214,Grove Wrecker,,,,0,15,0,0,96087,0,0,0,1,1,1,1,0,0,0
172215,Foul Slayer,,,,0,7,0,0,96880,96878,96879,0,1,1,1,1,0,0,0
172216,Dread Evoker,,,,0,7,0,0,97070,97114,0,0,1,1,1,1,0,0,0
172227,Invisible Stalker,,,,0,10,0,0,64062,11686,0,0,0,1,1,1,0,0,0
172238,Duskleaf,,,,0,7,0,0,97826,0,0,0,0,1,1,1,0,0,0
172239,Karynmwylyann,,,,0,4,0,0,93974,0,0,0,0,1,1,1,0,0,0
172240,Chalkyth,,,,0,7,0,0,95901,0,0,0,0,1,1,1,0,0,0
172241,Lloth'wellyn,,,,0,7,0,0,97827,0,0,0,0,1,1,1,0,0,0
172242,Fog,,,,0,10,0,2,43022,0,0,0,1,1,1,1,0,0,0
172243,Yira'lya,,,,0,7,0,0,99774,0,0,0,1,1,1,1,0,0,0
172266,Good Memory,,,,0,10,0,0,64062,11686,0,0,0,1,1,1,0,0,0
172267,Good Memory,,,,0,10,0,0,64062,11686,0,0,0,1,1,1,0,0,0
172268,Good Memory,,,,0,10,0,0,64062,11686,0,0,0,1,1,1,0,0,0
172269,Good Memory,,,,0,10,0,0,64062,11686,0,0,0,1,1,1,0,0,0
172270,Good Memory,,,,0,10,0,0,64062,11686,0,0,0,1,1,1,0,0,0
172271,Good Memory,,,,0,10,0,0,64062,11686,0,0,0,1,1,1,0,0,0
172272,Good Memory,,,,0,10,0,0,64062,11686,0,0,0,1,1,1,0,0,0
172273,Good Memory,,,,0,10,0,0,64062,11686,0,0,0,1,1,1,0,0,0
172274,Good Memory,,,,0,10,0,0,64062,11686,0,0,0,1,1,1,0,0,0
172275,Blisswing,,,,0,7,0,0,99087,0,0,0,0,1,1,1,0,0,0
172278,Scene Kill Credit,,,,0,10,0,0,64062,11686,0,0,0,1,1,1,0,0,0
172280,Final Quest Credit,,,,0,10,0,0,64062,11686,0,0,0,1,1,1,0,0,0
172283,Zayhad Final Credit,,,,0,10,0,0,64062,11686,0,0,0,1,1,1,0,0,0
172284,Bloodfeaster Spiderling,,,,0,12,0,0,99864,0,0,0,1,1,1,1,0,0,0
172380,Enriched Soil,,,,0,10,0,0,79153,0,0,0,1,1,1,1,0,0,0
172382,Dehydrated Seed Pod,,,,0,10,0,3,97959,0,0,0,1,1,1,1,0,0,0
172404,Onlooker,,,,0,7,0,3,94474,95042,94463,97383,1,1,1,1,0,0,0
172417,Lorkron the Hunter,,,,1,7,0,0,96776,0,0,0,1,1,1,1,180141,180141,0
172418,Wild Hunt Swifthoof,,The Wild Hunt,,0,7,0,0,95876,95878,95879,95881,1,1,1,1,180024,0,176022
172419,Wild Hunt Nightblade,,The Wild Hunt,,0,7,0,0,95904,95906,95908,95911,1,1,1,1,179500,179500,0
172431,Lady Moonberry,,Court of Night,,1,7,0,0,94286,0,0,0,1,1,1,1,0,0,0
172457,Plague Deviser Marileth,,,,0,7,0,0,94122,0,0,0,1,1,1,1,0,0,0
172458,Bonesmith Heirmir,,,,0,6,0,0,96102,0,0,0,1,1,1,1,154988,0,0
172459,Emeni,,The Slaughter Daughter,,0,6,0,0,93825,0,0,0,1,1,1,1,0,0,0
172460,Dreamweaver,,,,0,7,0,3,94430,0,0,0,1,1,1,1,0,0,0
172461,Niya,,,,0,7,0,0,95232,0,0,0,1,1,1,1,0,0,0
172462,Hunt-Captain Korayn,,,,0,7,0,0,95248,0,0,0,1,1,1,1,0,0,0
172463,Nemea,,Larion Master,,0,7,0,0,93241,0,0,0,1,1,1,1,0,0,0
172464,Pelodis,,Phalynx Master,,0,7,0,0,94101,0,0,0,1,1,1,1,0,0,0
172465,Sika,,,,0,7,0,0,96161,0,0,0,1,1,1,1,0,0,0
172466,Clora,,,,0,7,0,0,98219,0,0,0,1,1,1,1,174386,174386,0
172467,Disciple Kosmas,,,,1,7,0,0,99151,0,0,0,1,1,1,1,174424,0,0
172468,Bron,,,,0,9,0,0,92534,0,0,0,1,1,1,1,0,0,0
172469,Apolon,,,,1,7,0,0,99134,0,0,0,1,1,1,1,174403,174400,0
172470,Guardian Kota,,,,0,7,0,0,95257,0,0,0,1,1,1,1,0,0,0
172471,Master Sha'lor,,,,0,7,0,0,95263,0,0,0,1,1,1,1,0,0,0
172472,Te'zan,,,,0,7,0,0,95841,0,0,0,1,1,1,1,0,0,0
172473,Qadarin,,,,0,7,0,0,45092,0,0,0,1,1,1,1,0,0,0
172474,Watcher Vesperbloom,,,,0,7,0,0,97478,0,0,0,1,1,1,1,0,0,0
172488,Groonoomcrooek,,,,0,4,0,0,95684,0,0,0,1,1,1,1,0,0,0
172499,Chelra the Bladewall,,Princeguard Commander,,1,7,0,0,97987,0,0,0,1,1,1,1,173725,173725,0
172502,Chelra the Bladewall,,Princeguard Commander,,1,7,0,0,97987,0,0,0,1,1,1,1,173725,173725,0
172522,Chelra the Bladewall,,Princeguard Commander,,1,7,0,0,97990,0,0,0,1,1,1,1,173725,173725,0
172542,Soul Warden Gossip Credit,,,,0,10,0,0,11686,0,0,0,1,1,1,1,0,0,0
172543,Rescued Soul,,,,0,6,0,0,96311,96312,0,0,6,6,1,1,0,0,0
172544,Blighted Fadeblade,,,,0,7,0,0,96509,0,0,0,1,1,1,1,180139,180139,0
172545,Masked Soulsplitter,,,,0,7,0,0,95562,95563,0,0,1,1,1,1,180151,0,0
172562,Bron,,,,0,9,0,0,100327,0,0,0,1,1,1,1,0,0,0
172568,Dredhollow Threats,,,,0,10,0,0,39810,0,0,0,1,1,1,1,0,0,0
172570,Sinheart,,,,0,12,0,0,95580,0,0,0,1,1,1,1,0,0,0
172573,Khaliiq,,Vashj's Devoted,,0,7,0,0,95704,0,0,0,1,1,1,1,32841,0,0
172597,Tranquil Soul,,,,0,7,0,0,56965,40721,707,39553,1,1,1,1,0,0,0
172619,Tranquil Soul,,,,0,7,0,0,134,81223,74792,86545,1,1,1,1,0,0,0
172620,Tranquil Soul,,,,0,7,303,3,74348,47165,85524,64330,1,1,1,1,0,0,0
172671,Vision of the Primus,,,,0,10,0,3,98039,0,0,0,1,1,1,1,0,0,0
172673,Projection of Prince Renathal,,,,1,7,0,0,93575,0,0,0,1,1,1,1,0,0,0
172712,Grove Defender,,,,1,7,0,0,97169,0,0,0,1,1,1,1,180024,0,176024
172716,Endmire Blossom Bunny,,,,0,10,0,0,1126,11686,0,0,0,1,1,1,0,0,0
172854,Dredger Butler,,,,0,12,0,0,99901,0,0,0,1,1,1,1,0,0,0
172855,Broker Ve'test,,,,0,7,0,0,93583,0,0,0,1,1,1,1,0,0,0
172856,Spirit of Vol'jin,,,,1,7,0,0,98084,0,0,0,100,1,1,1,0,0,0
172865,Vol'jin's Wildseed,,,,0,10,0,0,93367,0,0,0,1,1,1,1,0,0,0
172874,Bwonsamdi,,,,1,7,0,2,75961,0,0,0,100,1,1,1,0,0,0
172875,Spirit of Vol'jin,,,,1,7,0,0,89267,0,0,0,100,1,1,1,0,0,0
172880,Kyrian Ascendant,,,,1,7,0,0,97817,97816,97814,97815,1,1,1,1,0,0,0
172883,Soulspliced Veteran,,,,0,6,0,0,97016,0,0,0,1,1,1,1,0,0,0
172884,Soulspliced Warrior,,,,0,6,0,0,94932,95327,0,0,1,1,1,1,0,0,0
172891,Fleshsewn Scavenger,,,,6,6,0,0,94757,0,0,0,1,1,1,1,0,0,0
172896,Secutor Mevix,,House of the Chosen,,0,6,0,0,96754,0,0,0,1,1,1,1,176551,0,176576
172897,Z'rali,,,,1,10,0,0,96448,0,0,0,1,1,1,1,0,0,0
172907,Lorebret,,,,0,12,0,0,36663,0,0,0,1,1,1,1,0,0,0
172971,Goji,,,,0,8,127,0,55851,0,0,0,1,1,1,1,0,0,0
172973,Awool,,,,0,7,0,3,97414,0,0,0,1,1,1,1,0,0,0
172974,Nolon,,Innkeeper,,0,7,0,0,95048,0,0,0,1,1,1,1,0,0,0
172975,Anir,,Trade Goods & Repairs,,0,7,0,0,95640,0,0,0,1,1,1,1,0,0,0
172977,Fandu'lor,,General Goods,,0,7,0,0,95639,0,0,0,1,1,1,1,0,0,0
172978,Littlewing,,Stable Master,,0,7,0,3,94458,0,0,0,1,1,1,1,0,0,0
173011,Spell Bunny,,,,0,10,0,0,1126,11686,0,0,0,1,1,1,0,0,0
173019,Khaliiq,,Vashj's Devoted,,0,7,0,0,95704,0,0,0,1,1,1,1,32841,0,0
173058,Margrave Gharmal,,,,1,6,0,0,94473,0,0,0,1,1,1,1,0,0,0
173061,Margrave Gharmal,,,,1,6,0,0,94473,0,0,0,1,1,1,1,0,0,0
173063,Margrave Gharmal,,,,1,6,0,0,94473,0,0,0,1,1,1,1,0,0,0
173073,Frog Critter,,,,0,8,0,0,81234,6295,0,0,1,1,1,1,0,0,0
173085,Spell Bunny,,,,0,10,0,0,1126,11686,0,0,0,1,1,1,0,0,0
173102,Bolvar Peering Credit,,,,0,10,0,0,11686,0,0,0,1,1,1,1,0,0,0
173113,Thrall,,,,1,7,0,0,91636,0,0,0,1,1,1,1,0,0,0
173119,Prince Renathal,,,,1,7,0,0,94910,0,0,0,1,1,1,1,0,0,0
173129,Thenia,,,,0,7,0,0,99267,0,0,0,1,1,1,1,0,0,0
173130,Zolla,,,,0,7,0,0,96581,0,0,0,1,1,1,1,0,0,0
173131,Stratios,,,,0,7,0,0,99329,0,0,0,1,1,1,1,0,0,0
173133,Jawbone,,,,0,14,21,0,47799,0,0,0,0.7,1,1,1,0,0,0
173147,Sylvanas Windrunner,,,,0,7,0,0,96935,0,0,0,1,1,1,1,0,0,0
173150,Anduin Wrynn,,King of Stormwind,,1,7,0,0,82047,0,0,0,1,1,1,1,0,0,0
173179,Warding Brazier,,,,0,10,0,0,1126,11686,0,0,0,1,1,1,0,0,0
173200,Bleak Skitterer,,,,0,8,0,0,99861,0,0,0,1,1,1,1,0,0,0
173202,Majestic Runestag,,,,1,1,151,0,93791,0,0,0,1,1,1,1,0,0,0
173204,Pounder,,,,0,9,0,0,92534,0,0,0,1,1,1,1,0,0,0
173205,Slasher,,,,0,9,154,0,92676,0,0,0,1,1,1,1,0,0,0
173206,Battery,,,,0,9,0,0,92191,0,0,0,1,1,1,1,0,0,0
173208,Mephiles the Loyal,,,,0,7,0,0,94992,0,0,0,1,1,1,1,0,0,0
173211,Glitterwing,,,,0,1,27,3,93471,0,0,0,1,1,1,1,0,0,0
173212,Tinyhoof,,,,0,8,0,0,95584,0,0,0,1,1,1,1,0,0,0
173213,Shelby,,,,0,1,21,0,97292,0,0,0,1,1,1,1,0,0,0
173214,Golden Grazer,,,,0,8,0,0,98493,0,0,0,1,1,1,1,0,0,0
173215,Plains Peachick,,,,0,8,0,0,53878,0,0,0,1,1,1,1,0,0,0
173216,Sunset Glimmerfly,,,,0,1,37,3,93498,0,0,0,1,1,1,1,0,0,0
173252,Lady Jaina Proudmoore,,,,1,7,0,0,80015,0,0,0,1,1,1,1,153575,0,0
173253,Thrall,,,,1,7,0,0,91636,0,0,0,1,1,1,1,168268,0,0
173257,Caregiver Maximillian,,,,0,7,0,0,94090,0,0,0,1,1,1,1,0,0,0
173258,Bloog,,,,0,8,0,0,96875,0,0,0,1,1,1,1,0,0,0
173259,Bone Crusher,,,,0,8,0,0,96461,0,0,0,1,1,1,1,0,0,0
173260,Chipper,,,,0,8,0,3,94916,0,0,0,1,1,1,1,0,0,0
173263,Rotgut,,,,0,6,0,0,95011,0,0,0,1,1,1,1,0,0,0
173264,Leftovers,,,,0,6,0,0,95575,0,0,0,1,1,1,1,0,0,0
173265,Leftovers,,,,0,6,0,0,95576,0,0,0,1,1,1,1,0,0,0
173266,Leftovers,,,,0,6,0,3,60930,0,0,0,1,1,1,1,0,0,0
173267,Dundley Stickyfingers,,,,0,7,0,0,98244,0,0,0,1,1,1,1,0,0,0
173268,Margrave Gharmal,,,,1,6,0,0,94473,0,0,0,1,1,1,1,0,0,0
173269,Margrave Gharmal,,,,1,6,0,0,94473,0,0,0,1,1,1,1,0,0,0
173270,Margrave Gharmal,,,,1,6,0,0,94473,0,0,0,1,1,1,1,0,0,0
173271,Whirly,,,,0,8,0,0,73697,0,0,0,1,1,1,1,0,0,0
173272,Stinkdust,,,,0,8,0,3,136049,0,0,0,1,1,1,1,0,0,0
173273,Trailblazer,,,,0,8,0,0,88004,0,0,0,1,1,1,1,0,0,0
173274,Gorgemouth,,Failed Experiment,,0,14,0,0,94384,0,0,0,1,1,1,1,0,0,0
173303,Scorch,,,,0,14,0,0,70162,0,0,0,1,1,1,1,0,0,0
173306,Khaliiq,,Vashj's Devoted,,0,7,0,0,95704,0,0,0,1,1,1,1,32841,0,0
173307,Boneplated Phalanx,,,,0,6,0,0,96984,0,0,0,1,1,1,1,178918,0,0
173308,Baroness Draka,,,,1,7,0,0,96443,0,0,0,1,1,1,1,105037,105037,0
173309,Boneplated Phalanx,,,,0,7,0,0,95392,0,0,0,1,1,1,1,178918,178918,0
173310,Boneplated Phalanx,,,,0,6,0,0,96984,96489,96211,96212,1,1,1,1,178918,176724,0
173311,Soulspliced Warrior,,,,0,6,0,0,95327,0,0,0,1,1,1,1,0,0,0
173312,Soulspliced Veteran,,,,0,6,0,0,97066,0,0,0,1,1,1,1,178918,176724,0
173315,Sylla,,,,0,7,0,0,93047,0,0,0,1,1,1,1,0,0,0
173320,Ash,,,,0,7,0,0,95209,0,0,0,1,1,1,1,0,0,0
173321,Fang,,,,0,8,0,3,92704,0,0,0,1,1,1,1,0,0,0
173322,Swarm,,,,0,8,0,3,79805,0,0,0,1,1,1,1,0,0,0
173324,Eyegor,,,,0,7,0,0,100713,0,0,0,1,1,1,1,0,0,0
173326,Boneclaw,,,,0,12,0,0,7891,0,0,0,1,1,1,1,0,0,0
173328,Spindler,,,,0,8,0,0,65129,0,0,0,1,1,1,1,0,0,0
173329,Rocko,,,,0,7,0,2,97433,0,0,0,1,1,1,1,0,0,0
173331,Addius the Tormentor,,,,0,7,0,0,93042,0,0,0,1,1,1,1,0,0,0
173332,Wretch,,,,0,8,0,0,95363,0,0,0,1,1,1,1,0,0,0
173352,Deceased Monkey,,,,0,6,0,0,88016,0,0,0,1,1,1,1,0,0,0
173354,Deceased Monkey,,,,0,6,0,0,88012,0,0,0,1,1,1,1,0,0,0
173363,Garden Portal,,TEMP,,0,10,0,0,29885,0,0,0,1,1,1,1,0,0,0
173364,Security Specialist,,Cartel Ba,,0,7,0,0,99382,0,0,0,1,1,1,1,0,0,0
173372,Glitterdust,,,,0,8,0,3,95927,0,0,0,1,1,1,1,0,0,0
173373,Slugger,,,,0,8,0,0,94210,0,0,0,1,1,1,1,0,0,0
173374,Runehoof,,,,0,8,0,0,93790,0,0,0,1,1,1,1,0,0,0
173375,Duster,,,,0,8,0,3,96387,0,0,0,1,1,1,1,0,0,0
173376,Nightfang,,,,0,14,0,0,89243,0,0,0,1,1,1,1,0,0,0
173377,Faryl,,,,0,7,0,0,96900,0,0,0,1,1,1,1,0,0,0
173378,Star Tail,,,,0,8,0,3,95200,0,0,0,1,1,1,1,0,0,0
173379,Needlenose,,,,0,1,44,3,95690,0,0,0,1,1,1,1,0,0,0
173380,Brite,,,,0,8,0,3,83194,0,0,0,1,1,1,1,0,0,0
173381,Rascal,,,,0,14,0,0,93763,0,0,0,1,1,1,1,0,0,0
173395,Ashraka,,,,0,7,0,0,96542,0,0,0,0,1,1,1,0,0,0
173397,Gorgelimb,,,,0,7,0,0,94794,0,0,0,0,1,1,1,0,0,0
173398,Rattlebag,,,,0,7,0,0,96447,0,0,0,0,1,1,1,0,0,0
173399,Talethi,,,,0,7,0,0,96223,0,0,0,0,1,1,1,0,0,0
173400,Velkein,,,,0,7,0,0,95687,0,0,0,0,1,1,1,0,0,0
173401,Assembler Xertora,,,,0,7,0,0,93933,0,0,0,0,1,1,1,0,0,0
173439,Bonebind Trap,,,,0,10,0,0,1126,11686,0,0,0,1,1,1,0,0,0
173443,Ysera,,,,1,2,0,0,95442,0,0,0,1,1,1,1,0,0,0
173456,Te'zan,,,,0,7,0,0,95841,0,0,0,1,1,1,1,0,0,0
173459,Warden Casad,,Queen's Conservatory,,1,4,0,0,98212,0,0,0,1,1,1,1,0,0,0
173470,Battle Pet Template,,,,0,14,0,0,88789,0,0,0,1,1,1,1,0,0,0
173471,Swamp Creature,,,,0,14,0,0,98478,0,0,0,1,1,1,1,0,0,0
173472,Venthyr Bat,,,,0,14,0,0,98470,0,0,0,1,1,1,1,0,0,0
173473,Baby Steward,,,,0,14,0,0,98480,0,0,0,1,1,1,1,0,0,0
173474,Baby Larion,,,,0,14,0,0,98476,0,0,0,1,1,1,1,0,0,0
173475,Bloodlouse Larva,,,,0,14,0,0,98466,0,0,0,1,1,1,1,0,0,0
173476,Maldraxxus Bat,,,,0,14,0,0,98462,0,0,0,1,1,1,1,0,0,0
173477,Slime Cat,,,,0,14,0,0,98461,0,0,0,1,1,1,1,0,0,0
173478,Ardenweald Squirrel,,,,0,14,0,0,98457,0,0,0,1,1,1,1,0,0,0
173479,Ardenweald Tree Pet,,,,0,14,0,0,98453,0,0,0,1,1,1,1,0,0,0
173486,Eye of the Jailer,,,,0,9,0,0,98471,0,0,0,1,1,1,1,0,0,0
173502,Stoneskin Dredwing Pup,,,,0,12,0,3,99891,0,0,0,1,1,1,1,0,0,0
173506,Rosetipped Spiderling,,,,0,14,0,0,99862,0,0,0,1,1,1,1,0,0,0
173508,Lost Quill,,,,0,12,0,3,99917,0,0,0,1,1,1,1,0,0,0
173525,Vision of the Primus,,,,0,10,0,0,98497,0,0,0,1,1,1,1,0,0,0
173531,The Count,,,,0,12,0,3,98472,0,0,0,1,1,1,1,0,0,0
173533,Sinfall Screecher,,,,0,12,0,3,98473,0,0,0,1,1,1,1,0,0,0
173534,Bloodlouse Larva,,,,0,12,0,0,98466,0,0,0,1,1,1,1,0,0,0
173535,Battie,,,,0,12,0,3,98470,0,0,0,1,1,1,1,0,0,0
173536,Stony,,,,0,12,0,3,98474,0,0,0,1,1,1,1,0,0,0
173539,Spell Bunny,,,,0,10,0,0,1126,11686,0,0,0,1,1,1,0,0,0
173541,Goliath Crusher,,,,1,9,0,0,92534,0,0,0,1,1,1,1,0,0,0
173547,Primal Storm Elemental,,,,0,4,145,0,54195,0,0,0,0,1,1,1,0,0,0
173550,Mawsworn Champion,,,,0,7,0,0,98519,0,0,0,1,1,1,1,0,0,0
173555,Mire Creeper,,,,0,14,0,0,98478,0,0,0,1,1,1,1,0,0,0
173556,Withering Creeper,,,,0,14,0,0,98479,0,0,0,1,1,1,1,0,0,0
173557,Broker Cat,,,,0,14,0,0,98509,0,0,0,1,1,1,1,0,0,0
173560,Kveldulfnir,,,,0,1,160,0,76529,0,0,0,1,1,1,1,0,0,0
173569,Mawsworn Champion,,,,0,7,0,3,96727,0,0,0,1,1,1,1,110389,0,0
173583,Thrall,,,,1,7,0,0,91636,0,0,0,1,1,1,1,108941,0,0
173585,Fun Guss,,,,0,12,0,0,98453,0,0,0,1,1,1,1,0,0,0
173586,Leafadore,,,,0,12,0,0,98454,0,0,0,1,1,1,1,0,0,0
173587,Trootie,,,,0,12,0,0,98455,0,0,0,1,1,1,1,0,0,0
173588,Stemmins,,,,0,12,0,0,98456,0,0,0,1,1,1,1,0,0,0
173589,Runelight Leaper,,,,0,12,0,0,98457,0,0,0,1,1,1,1,0,0,0
173590,Deepwood Leaper,,,,0,14,0,0,98458,0,0,0,1,1,1,1,0,0,0
173591,Shimmerbough Hoarder,,,,0,12,0,0,98459,0,0,0,1,1,1,1,0,0,0
173593,Sir Reginald,,,,0,12,0,0,98460,0,0,0,1,1,1,1,0,0,0
173602,Secutor Mevix,,,,0,6,0,0,96754,0,0,0,1,1,1,1,0,0,0
173607,Spell Bunny,,,,0,10,0,0,1126,11686,0,0,0,1,1,1,0,0,0
173614,Scene Kill Credit,,,,0,10,0,0,64062,11686,0,0,0,1,1,1,0,0,0
173619,Stormy Cloud Serpent,,,,0,1,303,0,43586,0,0,0,1,1,1,1,0,0,0
173626,Xandria,,Paragon of Courage,,1,7,0,0,95012,0,0,0,1,1,1,1,174438,0,0
173627,Alexandros Mograine,,The Ashbringer,,1,7,0,0,94718,0,0,0,1,1,1,1,181255,0,0
173676,Destructor Guttersludge,,,,1,6,0,0,96486,0,0,0,1,1,1,1,0,0,0
173677,Virulator Ructus,,,,1,7,0,0,96503,0,0,0,1,1,1,1,0,0,80271
173678,Eternal Bulwark,,,,1,9,0,0,92534,0,0,0,1,1,1,1,0,0,0
173700,Gunn Gorgebone,,,,1,6,0,0,94089,0,0,0,1,1,1,1,0,0,0
173701,Rencissa the Dynamo,,,,1,7,0,0,95967,0,0,0,1,1,1,1,0,0,0
173704,Spell Bunny,,,,0,10,0,0,1126,11686,0,0,0,1,1,1,0,0,0
173733,Khaliiq,,,,1,7,0,0,95704,0,0,0,1,1,1,1,0,0,0
173738,Plaguey,,,,0,15,0,0,51372,0,0,0,1,1,1,1,0,0,0
173739,Rathan,,,,0,6,0,0,94782,0,0,0,1,1,1,1,0,0,0
173740,Gorgelimb,,,,0,6,0,0,94794,0,0,0,1,1,1,1,0,0,0
173741,Talethi,,,,0,6,0,0,96223,0,0,0,1,1,1,1,0,0,0
173742,Velkein,,,,0,6,0,0,95687,0,0,0,1,1,1,1,0,0,0
173743,Assembler Xertora,,,,0,6,0,0,93933,0,0,0,1,1,1,1,0,0,0
173744,Rattlebag,,,,0,6,0,0,96447,0,0,0,1,1,1,1,0,0,0
173745,Ashraka,,,,0,6,0,0,96542,0,0,0,1,1,1,1,0,0,0
173771,Thenios,,Paragon of Wisdom,,1,7,0,3,98588,0,0,0,1,1,1,1,176074,174433,0
173813,Prime Shieldguard,,,,1,7,0,0,95511,0,0,0,1,1,1,1,177264,176720,176576
173814,Prime Shieldguard,,,,1,7,0,0,95948,0,0,0,1,1,1,1,177264,176720,176576
173815,Baroness Vashj,,,,1,7,0,0,96138,0,0,0,1,1,1,1,156712,0,0
173816,Plague Deviser Marileth,,,,0,7,0,0,94122,0,0,0,1,1,1,1,0,0,0
173817,Baroness Draka,,,,1,7,0,0,96443,0,0,0,1,1,1,1,0,0,0
173842,Char,,,,0,12,0,0,99877,0,0,0,1,1,1,1,0,0,0
173844,Fleshsewn Scavenger,,,,6,6,0,0,94759,0,0,0,1,1,1,1,0,0,0
173846,Fleshsewn Scavenger,,,,6,6,0,0,94760,0,0,0,1,1,1,1,0,0,0
173847,Carpal,,,,0,12,0,0,95578,0,0,0,1,1,1,1,0,0,0
173849,Tower Deathroach,,,,0,12,0,0,99868,0,0,0,1,1,1,1,0,0,0
173850,Hissing Deathroach,,,,0,12,0,0,99869,0,0,0,1,1,1,1,0,0,0
173851,Severs,,,,0,12,0,0,100928,0,0,0,1,1,1,1,0,0,0
173861,Mawsworn Flametender,,,,0,7,0,2,92781,92779,92780,0,1,1,1,1,179724,0,0
173865,Mawsworn Ward,,,,6,6,0,0,97095,97094,97093,0,1,1,1,1,0,0,0
173880,Deadsoul Drifter,,,,0,6,0,0,97775,0,0,0,1,1,1,1,0,0,0
173881,Weeping Wraith,,,,0,6,0,0,66620,0,0,0,1,1,1,1,0,0,0
173885,Deadsoul Scavenger,,,,0,1,0,0,93213,0,0,0,1,1,1,1,0,0,0
173889,Binder Baritas,,,,1,6,0,0,97776,0,0,0,1,1,1,1,0,0,0
173912,Spell Target,,,,0,10,0,0,1126,92726,0,0,0,1,1,1,0,0,0
173970,Noxious Cloud,,,,0,10,0,0,1126,11686,0,0,0,1,1,1,0,0,0
173976,Margrave Sin'dane,,,,1,6,0,0,96075,0,0,0,0,1,1,1,0,0,0
173977,General Draven,,,,1,7,0,0,94741,0,0,0,1,1,1,1,0,0,0
173978,Baroness Draka,,,,1,7,0,0,96443,0,0,0,1,1,1,1,105037,105037,0
173979,Alexandros Mograine,,The Ashbringer,,1,7,0,0,94718,0,0,0,1,1,1,1,181255,0,0
173980,Kael'thas Sunstrider,,Lord of the Blood Elves,,1,7,0,0,94481,0,0,0,1,1,1,1,0,0,0
173981,Kel'Thuzad,,,,1,6,0,0,96238,0,0,0,1,1,1,1,0,0,0
173982,Baroness Vashj,,,,1,7,0,0,96138,0,0,0,1,1,1,1,156712,0,0
173983,Balmedar,,,,1,6,0,0,96335,0,0,0,1,1,1,1,0,0,0
173984,Soldier of the Frozen Wastes,,,,0,6,0,0,96988,96986,96988,96989,0.25,0.25,0.25,0.25,0,0,0
173985,Mawsworn Sorcerer,,,,0,7,0,0,92779,0,0,0,1,1,1,1,111746,0,0
173987,Mawsworn Kyrian,,,,0,7,0,0,94390,94400,94399,94398,1,1,1,1,0,0,0
173988,Maw Crawler,,,,0,12,0,0,100929,0,0,0,1,1,1,1,0,0,0
173989,Ashen Chomper,,,,0,12,0,0,99871,0,0,0,1,1,1,1,0,0,0
173990,Frenzied Mawrat,,,,0,12,0,0,99872,0,0,0,1,1,1,1,0,0,0
173991,Maw Stalker,,,,0,12,0,3,99907,0,0,0,1,1,1,1,0,0,0
173992,Torghast Lurker,,,,0,12,0,0,99923,0,0,0,1,1,1,1,0,0,0
173993,Lavender Nibbler,,,,0,12,0,0,99852,0,0,0,1,1,1,1,0,0,0
173994,Will of Remornia,,,,0,12,0,3,99072,0,0,0,1,1,1,1,0,0,0
174003,Heart of Forest,,,,0,10,0,0,98681,0,0,0,1,1,1,1,0,0,0
174026,Baroness Draka,,,,1,7,0,0,96443,0,0,0,1,1,1,1,105037,105037,0
174081,Dread,,,,0,12,0,0,99875,0,0,0,1,1,1,1,0,0,0
174082,Undying Deathroach,,,,0,12,0,0,97479,0,0,0,1,1,1,1,0,0,0
174083,Decaying Mawrat,,,,0,12,0,0,99870,0,0,0,1,1,1,1,0,0,0
174084,Sharpclaw,,,,0,12,0,0,97091,0,0,0,1,1,1,1,0,0,0
174085,Death Seeker,,,,0,12,0,3,99906,0,0,0,1,1,1,1,0,0,0
174087,Ruffle,,,,0,12,0,0,98480,0,0,0,1,1,1,1,0,0,0
174088,Jiggles,,,,0,12,0,0,98461,0,0,0,1,1,1,1,0,0,0
174089,Spinemaw Gormling,,,,0,12,0,0,99850,0,0,0,1,1,1,1,0,0,0
174101,Hand of Vashj,,Vashj's Devoted,,0,7,0,0,96597,0,0,0,1,1,1,1,32841,0,0
174102,Remnant Eye,,,,0,7,0,0,95796,95848,95826,0,1,1,1,1,180700,0,0
174125,Iridescent Ooze,,,,0,12,0,0,99911,99913,99912,0,1,1,1,1,0,0,0
174135,Maldraxxus Plaguesinger,,,,1,7,0,0,98754,0,0,0,1,1,1,1,0,0,0
174151,FX,,,,1,10,0,0,98723,0,0,0,1,1,1,1,0,0,0
174170,Maw Haunt,,,,0,6,0,0,100727,0,0,0,0,1,1,1,0,0,0
174177,Polemarch Adrestes,,,,1,7,0,0,94141,0,0,0,1,1,1,1,182152,0,0
174179,Baroness Draka,,,,1,7,0,0,96443,0,0,0,1,1,1,1,105037,105037,0
174181,Putrid Geist,,,,0,12,0,0,99114,0,0,0,1,1,1,1,0,0,0
174189,Chyrus,,Paragon of Humility,,0,7,0,0,95013,0,0,0,1,1,1,1,174424,0,0
174190,Vesiphone,,Paragon of Purity,,0,7,0,3,95007,0,0,0,1,1,1,1,171130,174429,0
174191,Thenios,,Paragon of Wisdom,,1,7,0,0,95016,0,0,0,1,1,1,1,176074,174433,0
174192,Xandria,,Paragon of Courage,,1,7,0,0,95012,0,0,0,1,1,1,1,174438,0,0
174198,Spell Bunny,,,,0,10,0,0,1126,11686,0,0,0,1,1,1,0,0,0
174202,Ossein Boneshaper,,,,0,7,0,0,94053,95979,0,0,1,1,1,1,176579,0,0
174203,Chosen Flayedwing,,,,0,1,38,3,97894,0,0,0,1,1,1,1,0,0,0
174204,Flayedwing Scout,,,,0,6,0,0,96252,0,0,0,1,1,1,1,174304,0,0
174228,Spell Bunny,,,,0,10,0,0,1126,11686,0,0,0,1,1,1,0,0,0
174229,Spell Bunny,,,,0,10,0,0,1126,11686,0,0,0,1,1,1,0,0,0
174231,Zanj'ir Myrmidon,,,,0,7,0,0,91621,0,0,0,1,1,1,1,169095,0,0
174249,Prime Bladeguard,,,,0,7,0,0,95376,95392,98763,95964,1,1,1,1,174217,176724,176576
174251,Baroness Vashj,,Matron of Spies,,1,7,0,0,96138,0,0,0,1,1,1,1,169042,169042,156712
174253,Alexandros Mograine,,The Ashbringer,,1,7,0,0,94718,0,0,0,1,1,1,1,181255,0,0
174258,Prime Steelskin,,,,0,6,0,0,93824,93816,93834,0,1,1,1,1,0,0,0
174262,Vesiphone,,Paragon of Purity,,0,7,0,3,95007,0,0,0,1,1,1,1,171130,174429,0
174264,Khaliiq,,Vashj's Devoted,,0,7,0,0,95704,0,0,0,1,1,1,1,32841,0,0
174287,Kael'thas Sunstrider,,Lord of the Blood Elves,,1,7,0,0,94481,0,0,0,1,1,1,1,0,0,0
174288,General Draven,,,,1,7,0,0,94741,0,0,0,1,1,1,1,174639,0,0
174343,Khaliiq,,Vashj's Devoted,,0,7,0,0,95704,0,0,0,1,1,1,1,32841,0,0
174352,Invisible Stalker,,,,0,10,0,0,64062,11686,0,0,0,1,1,1,0,0,0
174353,Invisible Stalker,,,,0,10,0,0,64062,11686,0,0,0,1,1,1,0,0,0
174355,Watching Eye,,,,0,10,0,3,63536,0,0,0,1,1,1,1,0,0,0
174357,Invisible Stalker,,,,0,10,0,0,64062,11686,0,0,0,1,1,1,0,0,0
174358,Invisible Stalker,,,,0,10,0,0,64062,11686,0,0,0,1,1,1,0,0,0
174367,Summoner Lich,,,,0,6,0,0,96073,0,0,0,1,1,1,1,0,0,0
174368,Kel'Thuzad,,Archlich,,1,6,0,0,96238,0,0,0,0,1,1,1,0,0,0
174369,Prime Steelskin,,,,0,6,0,0,93824,93818,93816,93939,1,1,1,1,0,0,0
174370,Mountain Watcher,,,,0,7,0,0,95762,0,0,0,1,1,1,1,0,0,0
174372,Baroness Draka,,,,1,7,0,0,96443,0,0,0,1,1,1,1,105037,105037,0
174374,Maw Infernous,,,,1,5,0,0,100480,0,0,0,1,1,1,1,180218,0,0
174387,Runecarver,,,,0,7,0,0,95624,0,0,0,1,1,1,1,0,0,0
174411,Mirror Base,,,,0,10,0,0,93886,0,0,0,1,1,1,1,0,0,0
174414,Kael'thas Sunstrider,,Lord of the Blood Elves,,1,7,0,0,94481,0,0,0,1,1,1,1,0,0,0
174415,General Draven,,,,1,7,0,0,94741,0,0,0,1,1,1,1,174639,0,0
174423,Bound Soul,,,,0,6,0,0,94426,0,0,0,1,1,1,1,0,0,0
174424,Zombie,,,,0,6,0,0,98486,0,0,0,1,1,1,1,0,0,0
174429,Lord of Torment,,,,1,7,0,0,98487,0,0,0,1,1,1,1,0,0,0
174430,Tower Sentinel,,,,1,6,0,0,26919,0,0,0,1,1,1,1,0,0,0
174454,The Jailer,,,,1,7,0,0,99594,0,0,0,1,1,1,1,0,0,0
174467,Converted Clawguard,,,,0,9,154,0,92677,0,0,0,1,1,1,1,0,0,0
174468,Darksworn Forgehand,,,,0,7,0,0,93926,96574,0,0,1,1,1,1,171131,0,0
174470,Praetorian Artificer,,,,0,9,0,0,92193,0,0,0,1,1,1,1,0,0,0
174472,Forsworn Overseer,,,,0,7,0,0,95134,0,0,0,1,1,1,1,28650,0,0
174490,Vicious War Wolf,,,,0,1,0,0,68069,0,0,0,1,1,1,1,0,0,0
174497,Polemarch Adrestes,,,,1,7,0,0,94141,0,0,0,1,1,1,1,182152,0,0
174503,Polemarch Adrestes,,,,1,7,0,0,94141,0,0,0,1,1,1,1,182152,0,0
174585,Converted Clawguard,,,,0,9,154,0,92677,0,0,0,1,1,1,1,0,0,0
174587,Mikanikos,,Forgelite Prime,,0,7,0,0,96348,0,0,0,1,1,1,1,0,0,0
174589,Rendle,,,,0,7,0,0,92398,0,0,0,1,1,1,1,118559,0,0
174590,Cudgelface,,,,0,7,0,0,92397,0,0,0,1,1,1,1,0,0,0
174594,Highlord Darion Mograine,,Horseman of the Ebon Blade,,1,7,0,0,27153,0,0,0,1,1,1,1,40276,0,0
174596,Knight of the Ebon Blade,,,,0,7,0,0,96084,96086,96325,96326,1,1,1,1,117049,0,0
174597,Crucible Soulrender,,,,0,7,0,0,92779,0,0,0,1,1,1,1,111746,0,0
174598,Crucible Guard,,,,0,7,0,0,92410,0,0,0,1,1,1,1,108942,0,0
174606,A disembodied voice,,,,0,10,0,0,81209,27823,0,0,0,1,1,1,0,0,0
174642,Stanikos,,Your Biggest Fan,,0,7,0,0,91896,0,0,0,1,1,1,1,0,0,0
174649,Necroray Spawnling,,,,0,8,0,3,136050,0,0,0,1,1,1,1,0,0,0
174652,Animated Cruor,,,,0,8,0,0,95788,95787,0,0,1,1,1,1,0,0,0
174670,Chyrus,,Paragon of Humility,,0,7,0,0,95013,0,0,0,1,1,1,1,174424,0,0
174676,Thenios,,Paragon of Wisdom,,1,7,0,0,95016,0,0,0,1,1,1,1,176074,174433,0
174677,Spinebug,,,,0,12,0,0,95575,0,0,0,1,1,1,1,0,0,0
174682,Valiant Protector,,,,0,7,0,0,95630,0,0,0,1,1,1,1,176074,176818,0
174683,Valiant Protector,,,,0,7,0,0,95479,0,0,0,1,1,1,1,176074,176818,0
174684,Valiant Protector,,,,0,7,0,0,93631,0,0,0,1,1,1,1,176074,176818,0
174685,Eternal Bulwark,,,,1,9,0,0,92534,0,0,0,1,1,1,1,0,0,0
174693,Gleaming Hoplite,,,,0,7,0,0,95082,0,0,0,1,1,1,1,174424,174429,0
174694,Gleaming Hoplite,,,,0,7,0,0,93478,0,0,0,1,1,1,1,174424,174429,0
174708,Soulspliced Veteran,,,,0,6,0,0,97066,0,0,0,1,1,1,1,0,0,0
174752,Thirsting Mite,,,,0,15,0,3,94387,0,0,0,1,1,1,1,0,0,0
174756,The Fearstalker,,Harvester of Dread,,1,7,0,0,97065,0,0,0,1,1,1,1,173724,0,0
174758,Worldeater Colossus,,,,1,15,0,0,96873,0,0,0,1,1,1,1,0,0,0
174759,General Draven,,,,1,7,0,0,92399,0,0,0,1,1,1,1,0,0,0
174760,Honored Hopebreaker,,,,0,7,0,0,92383,95518,0,0,1,1,1,1,173724,0,0
174761,Sinrunner,,,,0,1,299,0,93511,0,0,0,1,1,1,1,0,0,0
174801,Alexandros Mograine,,The Ashbringer,,1,7,0,0,94718,0,0,0,1,1,1,1,181255,0,0
174803,Soul Scythe,,,,0,10,0,0,11686,0,0,0,1,1,1,1,0,0,0
174806,Soul Scythe,,,,0,10,0,0,11686,0,0,0,1,1,1,1,0,0,0
174807,Soul Scythe,,,,0,10,0,0,11686,0,0,0,1,1,1,1,0,0,0
174808,Soul Scythe,,,,0,10,0,0,11686,0,0,0,1,1,1,1,0,0,0
174809,Soul Scythe,,,,0,10,0,0,11686,0,0,0,1,1,1,1,0,0,0
174814,Prime Shieldguard,,,,1,7,0,0,95511,0,0,0,1,1,1,1,177264,176720,176576
174815,Prime Shieldguard,,,,1,7,0,0,95948,0,0,0,1,1,1,1,177264,176720,176576
174822,Wolf (Black),,,,0,1,0,0,52602,0,0,0,1,1,1,1,0,0,0
174826,Mawsworn Houndmaster,,,,0,7,0,0,92413,0,0,0,1,1,1,1,179728,0,134778
174827,Gorged Shadehound,,,,1,1,52,0,92628,0,0,0,1,1,1,1,0,0,0
174832,Scene Kill Credit,,,,0,10,0,0,64062,11686,0,0,0,1,1,1,0,0,0
174839,Uncle Gus,,,,0,7,0,0,45542,0,0,0,1,1,1,1,0,0,0
174846,Xiao,,,,0,7,0,0,99131,0,0,0,1,1,1,1,89553,0,0
174847,Mawsworn Harbinger,,,,0,7,0,3,94391,0,0,0,1,1,1,1,110389,0,0
174848,Tariesh,,,,1,7,0,3,94399,0,0,0,1,1,1,1,109611,0,0
174849,Lady Jaina Proudmoore,,,,1,7,0,0,80015,0,0,0,1,1,1,1,153575,0,0
174850,Thrall,,,,1,7,0,0,91636,0,0,0,1,1,1,1,168268,0,0
174851,Knight of the Ebon Blade,,,,0,7,0,0,96084,96086,96325,96326,1,1,1,1,117049,0,0
174852,Knight of the Ebon Blade,,,,0,7,0,0,96328,0,0,0,1,1,1,1,117049,0,0
174853,Knight of the Ebon Blade,,,,0,7,0,0,96327,0,0,0,1,1,1,1,117049,0,0
174854,Knight of the Ebon Blade,,,,0,7,0,0,96086,0,0,0,1,1,1,1,117049,0,0
174855,Crucible Seeker,,,,0,1,52,0,92627,0,0,0,1,1,1,1,0,0,0
174867,Chosen Sentinel,,,,1,7,0,0,95944,95943,0,0,1,1,1,1,176543,176724,0
174868,Shambling Soldier,,,,0,6,0,0,94932,95327,95113,0,1,1,1,1,0,0,0
174869,Amalgam Grunt,,,,0,6,0,0,94759,95225,95222,0,1,1,1,1,0,0,0
174870,Augmented Soldier,,,,1,6,0,0,94075,93944,97016,0,1,1,1,1,0,0,0
174872,Master Boneweaver,,,,1,6,0,0,96864,96860,96545,0,1,1,1,1,0,0,0
174873,Summoned Deathwalker,,,,0,4,0,0,97852,97853,0,0,1,1,1,1,0,0,0
174874,Apprentice Ritualist,,,,0,7,0,0,94992,0,0,0,1,1,1,1,0,0,0
174901,Mushroom Network,,,,0,10,0,3,92726,0,0,0,1,1,1,1,0,0,0
174902,Mushroom Network,,,,0,10,0,3,92726,0,0,0,1,1,1,1,0,0,0
174903,Mushroom Network,,,,0,10,0,3,100001,0,0,0,1,1,1,1,0,0,0
174904,Mushroom Network,,,,0,10,0,3,92726,0,0,0,1,1,1,1,0,0,0
174909,Invisible Stalker,,,,0,10,0,0,64062,11686,0,0,0,1,1,1,0,0,0
174918,Spell Bunny,,,,0,10,0,0,1126,11686,0,0,0,1,1,1,0,0,0
174919,Spell Bunny,,,,0,10,0,0,1126,11686,0,0,0,1,1,1,0,0,0
174924,Overseer Kah-Delen,,Will of the Arbiter,,1,7,0,0,98195,0,0,0,1,1,1,1,0,0,0
174939,Bladesworn Traitor,,,,0,7,0,0,95385,96779,0,0,1,1,1,1,0,0,0
175021,Pulsating Maggot,,,,0,14,0,0,99867,0,0,0,1,1,1,1,0,0,0
175022,Bleak Skitterer,,,,0,14,0,0,99861,0,0,0,1,1,1,1,0,0,0
175023,Animated Cruor,,,,0,14,0,0,99910,0,0,0,1,1,1,1,0,0,0
175024,Necroray Spawnling,,,,0,14,0,3,99929,0,0,0,1,1,1,1,0,0,0
175031,Alaria,,,,0,7,0,0,91996,0,0,0,1,1,1,1,0,0,0
175032,Alaria,,,,0,7,0,0,99207,0,0,0,1,1,1,1,0,0,0
175048,Knight of the Ebon Blade,,,,0,7,0,0,96330,0,0,0,1,1,1,1,117049,0,0
175056,Prince Renathal,,,,1,7,0,0,94910,0,0,0,1,1,1,1,0,0,0
175057,The Accuser,,Harvester of Pride,,1,7,0,0,93103,0,0,0,1,1,1,1,175939,0,0
175058,General Draven,,,,1,7,0,0,92399,0,0,0,1,1,1,1,175930,0,0
175064,Khaliiq,,Vashj's Devoted,,0,7,0,0,95704,0,0,0,1,1,1,1,32841,0,0
175065,Alexandros Mograine,,The Ashbringer,,1,7,0,0,94718,0,0,0,1,1,1,1,181255,0,0
175081,Necrolord Commander,,,,0,7,0,0,95511,0,0,0,1,1,1,1,0,0,0
175092,Generic Bunny - PRK,,,,0,10,0,3,99405,0,0,0,1,1,1,1,0,0,0
175112,Mover Ta'kirig,,Flight Master,,0,7,0,0,96624,0,0,0,1,1,1,1,0,0,0
175128,Spell Bunny,,,,0,10,0,0,1126,11686,0,0,0,1,1,1,0,0,0
175137,High Exarch Turalyon,,Lord Commander of Alliance Forces,,1,7,0,0,100074,0,0,0,1,1,1,1,150577,0,0
175138,Alleria Windrunner,,,,1,7,0,0,78345,0,0,0,1,1,1,1,0,0,151781
175139,Kill Credit,,,,0,10,0,0,11686,0,0,0,1,1,1,1,0,0,0
175146,Ritualistic Necromancer,,,,0,7,0,0,94090,0,0,0,1,1,1,1,0,0,0
175147,Splintered Boneguard,,,,0,6,0,0,94703,0,0,0,1,1,1,1,0,0,0
175148,Spell Bunny,,,,0,10,0,0,1126,11686,0,0,0,1,1,1,0,0,0
175189,Sinrunner Blanchy,,,,0,10,0,0,1126,11686,0,0,0,1,1,1,0,0,0
175203,Moon-Touched Netherwhelp,,,,0,12,0,3,99476,0,0,0,1,1,1,1,0,0,0
175220,Archivist's Quill,,,,0,12,0,3,99629,0,0,0,1,1,1,1,0,0,0
175223,Heartwood Grove Evacuee,,,,0,7,0,0,95297,95045,0,0,1,1,1,1,0,0,0
175224,Heartwood Grove Evacuee,,,,0,7,0,0,95532,95533,0,0,1,1,1,1,0,0,0
175225,Juvenile Miredeer,,,,0,1,151,0,93788,0,0,0,1,1,1,1,0,0,0
175229,Spell Bunny,,,,0,10,0,0,1126,11686,0,0,0,1,1,1,0,0,0
175231,Rotbriar Scrapper,,,,0,7,0,0,95697,0,0,0,1,1,1,1,0,0,0
175235,Rotbriar Tormentor,,,,0,7,0,0,95695,0,0,0,1,1,1,1,0,0,0
175237,Darkwarren Slicer,,,,0,1,292,0,94200,0,0,0,1,1,1,1,0,0,0
175239,Rotbriar Trickster,,,,0,7,0,0,95698,0,0,0,1,1,1,1,0,0,0
175241,Mire Trickster,,,,0,7,0,0,99174,0,0,0,1,1,1,1,0,0,0
175242,Giggling Trickster,,,,0,7,0,0,95697,0,0,0,1,1,1,1,0,0,0
175244,Playful Trickster,,,,0,7,0,0,99169,0,0,0,1,1,1,1,0,0,0
175245,Aggressive Runestag,,,,0,1,151,0,93786,0,0,0,1,1,1,1,0,0,0
175250,Possessed Scavenger,,,,0,7,0,0,96367,0,0,0,1,1,1,1,0,0,0
175251,Possessed Grovetender,,,,0,7,0,0,96030,0,0,0,1,1,1,1,0,0,0
175252,Gormling Nibbler,,,,0,7,0,0,94217,0,0,0,1,1,1,1,0,0,0
175253,Gorged Gormling,,,,0,7,0,0,94219,0,0,0,1,1,1,1,0,0,0
175254,Darkwarren Matriarch,,,,0,1,292,0,95761,0,0,0,1,1,1,1,0,0,0
175257,Gormling Harrier,,,,0,7,0,0,94218,0,0,0,1,1,1,1,0,0,0
175258,Majestic Runestag,,,,0,1,151,0,93783,0,0,0,1,1,1,1,0,0,0
175259,Brittlebark Breaker,,,,0,7,0,0,93325,0,0,0,1,1,1,1,0,0,0
175260,Brittlebark Manifestation,,,,0,7,0,0,19674,0,0,0,1,1,1,1,0,0,0
175261,Brittlebark Hexchief,,,,0,7,0,0,97058,0,0,0,1,1,1,1,0,0,0
175262,Brittlebark Trickster,,,,0,7,0,0,95697,0,0,0,1,1,1,1,0,0,0
175263,Erezuel,,,,0,1,151,0,89517,0,0,0,1,1,1,1,0,0,0
175264,Possessed Lumberjack,,,,0,7,0,0,96255,0,0,0,1,1,1,1,0,0,0
175266,Ravenous Alpha,,,,1,1,1,0,89517,0,0,0,1,1,1,1,0,0,0
175268,Starved Etherwyrm,,,,0,1,27,0,93472,0,0,0,1,1,1,1,0,0,0
175272,Famished Etherwyrm,,,,0,1,27,0,93470,0,0,0,1,1,1,1,0,0,0
175273,Emaciated Etherwyrm,,,,0,1,27,0,93471,0,0,0,1,1,1,1,0,0,0
175274,Highloft Etherwyrm,,,,0,1,27,0,93472,0,0,0,1,1,1,1,0,0,0
175275,Crippling Pride,,,,0,7,0,0,94277,0,0,0,1,1,1,1,0,0,0
175277,Evasive Pride,,,,0,7,0,0,97240,0,0,0,1,1,1,1,0,0,0
175279,Forsworn Protector,,,,0,7,0,0,93904,0,0,0,1,1,1,1,0,0,0
175280,Forsworn Javelineer,,,,0,7,0,0,93493,0,0,0,1,1,1,1,0,0,0
175284,Forsworn Praetor,,,,0,9,0,0,96504,0,0,0,1,1,1,1,0,0,0
175287,Forsworn Phalynx Handler,,,,0,7,0,0,93903,0,0,0,1,1,1,1,0,0,0
175288,Animated Prowler,,,,0,9,0,0,92677,0,0,0,1,1,1,1,0,0,0
175289,Soulkeeper Crystal,,,,0,10,0,3,97527,0,0,0,1,1,1,1,0,0,0
175290,Darkturned Clawguard,,,,0,9,0,0,92676,0,0,0,1,1,1,1,0,0,0
175291,Frenzied Glimmerfly,,,,1,1,37,0,93498,0,0,0,1,1,1,1,0,0,0
175292,Glimmerfly Matriarch,,,,1,6,37,0,93497,0,0,0,1,1,1,1,0,0,0
175299,Deviant Scholar,,,,0,7,0,0,99326,0,0,0,1,1,1,1,0,0,0
175300,Tempted Scholar,,,,0,7,0,0,99282,0,0,0,1,1,1,1,0,0,0
175301,Umbral Phalynx,,,,0,7,0,0,92677,0,0,0,1,1,1,1,0,0,0
175302,Decieved Steward,,,,0,7,0,0,96577,0,0,0,1,1,1,1,0,0,0
175303,Misguided Steward,,,,0,7,0,0,93928,0,0,0,1,1,1,1,0,0,0
175304,Dark Master Vaalgryn,,,,0,7,0,0,99329,0,0,0,1,1,1,1,0,0,0
175305,Manifest Doubt,,,,0,7,0,0,95669,0,0,0,1,1,1,1,0,0,0
175306,Dark Colossus,,,,0,9,0,0,93502,0,0,0,1,1,1,1,0,0,0
175307,Forsworn Overseer,,,,0,7,0,0,93906,0,0,0,1,1,1,1,0,0,0
175308,Gracefallen Tactician,,,,0,7,0,0,93902,0,0,0,1,1,1,1,0,0,0
175309,Forsworn War Captain,,,,0,7,0,0,93905,0,0,0,1,1,1,1,0,0,0
175310,Mellisa Fate,,Raid Finder Nathrian Warsmith,,1,7,0,0,99514,0,0,0,1,1,1,1,184070,0,176576
175315,Ossein Boneshaper,,,,0,7,0,0,94091,94055,95979,94992,1,1,1,1,176579,0,0
175318,Fiendish Terrorwing,,,,0,7,0,0,92702,0,0,0,1,1,1,1,0,0,0
175319,Vicious Terrorwing,,,,0,7,0,0,92703,0,0,0,1,1,1,1,0,0,0
175320,Starving Terrorwing,,,,0,7,0,0,92701,0,0,0,1,1,1,1,0,0,0
175321,Feral Terrorwing,,,,0,7,0,0,92704,0,0,0,1,1,1,1,0,0,0
175324,Horrific Bonemauler,,,,1,1,1,0,37773,0,0,0,1,1,1,1,0,0,0
175325,Invading Riftkeeper,,,,0,15,0,0,97767,0,0,0,1,1,1,1,0,0,0
175329,Manor Peacekeeper,,,,0,7,0,0,95340,0,0,0,1,1,1,1,0,0,0
175330,Callous Peacekeeper,,,,0,7,0,0,96689,0,0,0,1,1,1,1,0,0,0
175332,Baine Bloodhoof,,,,1,7,0,0,99518,0,0,0,1,1,1,1,0,0,0
175333,Voracious Collector,,,,0,7,0,0,93105,0,0,0,1,1,1,1,0,0,0
175334,Party Animal,,,,0,7,0,0,98714,0,0,0,1,1,1,1,0,0,0
175335,Loyal Footman,,,,0,7,0,0,97958,0,0,0,1,1,1,1,0,0,0
175336,Depraved Caregiver,,,,0,7,0,0,98231,0,0,0,1,1,1,1,0,0,0
175338,Depraved Matron,,,,0,7,0,0,98711,0,0,0,1,1,1,1,0,0,0
175339,Depraved Soulflayer,,,,0,7,0,0,98450,0,0,0,1,1,1,1,0,0,0
175340,Corrupted Soulflayer,,,,0,7,0,0,98032,0,0,0,1,1,1,1,0,0,0
175341,Carved Tracker,,,,0,1,2,0,96492,0,0,0,1,1,1,1,0,0,0
175342,Depraved Interrogator,,,,0,7,0,0,98198,0,0,0,1,1,1,1,0,0,0
175343,Stacka,,,,0,7,0,0,96139,0,0,0,1,1,1,1,0,0,0
175344,Faithful Dredger,,,,0,7,0,0,96182,0,0,0,1,1,1,1,0,0,0
175345,Archivist Ionata,,,,0,7,0,0,93105,0,0,0,1,1,1,1,0,0,0
175346,Tower Inquisitor,,,,0,7,0,0,94396,0,0,0,1,1,1,1,179726,0,0
175358,Resilient Monstrosity,,,,0,6,0,0,97629,0,0,0,1,1,1,1,0,0,0
175359,Callous Monstrosity,,,,0,7,0,0,97630,0,0,0,1,1,1,1,0,0,0
175361,Soulless Monstrosity,,,,0,7,0,0,97628,0,0,0,1,1,1,1,0,0,0
175362,Colossal War Wraith,,,,0,6,0,0,88583,0,0,0,1,1,1,1,0,0,0
175363,War Wraith,,,,0,6,0,0,81654,0,0,0,1,1,1,1,0,0,0
175364,Bonewrought Thrasher,,,,0,6,0,0,96269,0,0,0,1,1,1,1,0,0,0
175365,Guarded Defiler,,,,0,7,0,0,98758,0,0,0,1,1,1,1,0,0,0
175366,Mawsworn Guard,,,,0,7,0,0,92410,0,0,0,1,1,1,1,108942,0,0
175368,Stitched Defender,,,,0,6,0,0,95739,0,0,0,1,1,1,1,0,0,0
175373,Neonate Bonetooth,,,,1,1,1,0,94917,0,0,0,1,1,1,1,0,0,0
175374,Steelspine Wallbreaker,,,,0,6,0,0,95113,0,0,0,1,1,1,1,0,0,0
175375,Wraith Vanguard,,,,0,6,0,0,97853,0,0,0,1,1,1,1,0,0,0
175376,Green Slime,,,,0,4,0,0,99017,0,0,0,1,1,1,1,0,0,0
175377,Panicked Necroray,,,,0,1,0,0,97641,0,0,0,1,1,1,1,0,0,0
175378,Ancient Necroray,,,,0,1,0,0,97642,0,0,0,1,1,1,1,0,0,0
175380,Warden of Rituals,,,,0,6,0,0,98727,0,0,0,1,1,1,1,0,0,0
175381,Necrotic Ritualist,,,,0,6,0,0,98690,0,0,0,1,1,1,1,0,0,0
175382,Slime Giant,,,,0,7,0,0,96244,0,0,0,1,1,1,1,0,0,0
175383,Slime Cat,,,,0,8,0,0,98461,0,0,0,1,1,1,1,0,0,0
175384,Bonebreaker Moroc,,,,0,7,0,0,96437,0,0,0,1,1,1,1,0,0,0
175385,Befouler Ahnqat,,,,0,6,0,0,95994,0,0,0,1,1,1,1,0,0,0
175386,Nirvaska the Summoner,,,,0,7,0,0,96863,0,0,0,1,1,1,1,0,0,0
175387,Fleshcrafted Juggernaut,,,,0,6,0,0,97806,0,0,0,1,1,1,1,0,0,0
175388,Corpselouse Mother,,,,0,1,0,0,97076,0,0,0,1,1,1,1,0,0,0
175389,Spawnling,,,,0,1,0,0,97082,0,0,0,1,1,1,1,0,0,0
175400,Mawsworn Kyrian,,,,0,7,0,0,99592,0,0,0,100,1,1,1,0,0,0
175405,The Jailer,,,,1,7,0,0,94375,0,0,0,1,1,1,1,0,0,0
175411,Scooter,,,,0,12,0,0,5554,0,0,0,1,1,1,1,0,0,0
175423,Alexandros Mograine,,The Ashbringer,,1,7,0,0,94718,0,0,0,1,1,1,1,181255,0,0
175426,Sika,,,,0,7,0,0,96161,0,0,0,1,1,1,1,0,0,0
175428,Generic Deity,,,,0,10,0,2,97544,97556,97557,97558,1,1,1,1,0,0,0
175446,Battlecry of Krexus,,,,1,9,0,0,99669,0,0,0,1,1,1,1,0,0,0
175447,The Jailer,,,,1,7,0,0,94375,0,0,0,1,1,1,1,0,0,0
175460,Drained Soul,,,,0,6,0,3,96547,0,0,0,1,1,1,1,0,0,0
175468,Crucible Seeker,,,,0,1,0,0,92627,0,0,0,1,1,1,1,0,0,0
175472,Ghelak the Incarcerator,,,,0,7,0,0,92416,0,0,0,1,1,1,1,0,0,0
175473,Mawsworn Interceptor,,,,0,7,0,0,98519,0,0,0,1,1,1,1,0,0,0
175478,Pack Tauralus,,,,0,1,157,0,96468,96467,96466,96465,1,1,1,1,0,0,0
175484,Stygian Giant,,,,0,6,148,0,101401,0,0,0,1,1,1,1,0,0,0
175485,Coalesced Stygia,,,,0,4,0,0,96336,0,0,0,1,1,1,1,0,0,0
175496,Crystalline Stygia,,,,0,4,0,0,43178,0,0,0,1,1,1,1,0,0,0
175498,Mawsworn Vanquisher,,,,0,7,0,0,96826,0,0,0,1,1,1,1,0,0,0
175500,Dravok the Chainwarden,,,,0,7,0,0,92417,0,0,0,1,1,1,1,0,0,0
175501,Mawsworn Soulweaver,,,,0,7,0,0,92779,0,0,0,1,1,1,1,0,0,0
175502,Grand Automaton,,,,0,9,0,0,92664,0,0,0,1,1,1,1,0,0,0
175503,Dolos,,,,0,7,0,0,97235,0,0,0,1,1,1,1,0,0,0
175504,Winged Automaton,,,,0,9,0,0,92193,0,0,0,1,1,1,1,0,0,0
175505,Master Shadeweaver,,,,0,7,0,0,97235,0,0,0,1,1,1,1,0,0,0
175506,Mawsworn Conqueror,,,,0,7,0,0,92415,0,0,0,1,1,1,1,0,0,0
175507,Mawsworn Protector,,,,0,7,0,0,92411,0,0,0,1,1,1,1,0,0,0
175508,Krala,,,,0,7,0,0,96827,0,0,0,1,1,1,1,0,0,0
175516,Bwonsamdi,,,,1,7,0,0,75961,0,0,0,100,1,1,1,0,0,0
175530,Spell Target,,,,0,10,0,0,102129,0,0,0,1,1,1,1,0,0,0
175560,Lost Featherling,,,,0,12,0,0,98482,0,0,0,1,1,1,1,0,0,0
175561,Steward Featherling,,,,0,12,0,0,98481,0,0,0,1,1,1,1,0,0,0
175562,Larion Pouncer,,,,0,12,0,0,98475,0,0,0,1,1,1,1,0,0,0
175563,Courage,,,,0,12,0,0,98476,0,0,0,1,1,1,1,0,0,0
175564,Larion Cub,,,,0,12,0,0,98477,0,0,0,1,1,1,1,0,0,0
175565,Praetor Sentry,,,,0,9,0,0,92192,92191,0,0,1,1,1,1,0,0,0
175577,Sinfall Flyer,,,,0,1,24,3,94173,0,0,0,0,1,1,1,0,0,0
175578,Croman,,Barbarian,,0,7,0,0,61582,0,0,0,0,1,1,1,3417,0,0
175626,Swift Skymane,,,,0,1,299,0,94295,0,0,0,1,1,1,1,0,0,0
175627,Copperfur Lurker,,,,0,1,50,0,93759,0,0,0,1,1,1,1,0,0,0
175628,Ash Ghoul,,,,0,7,0,0,93528,0,0,0,1,1,1,1,0,0,0
175649,Croman,,Barbarian,,0,7,0,0,61582,0,0,0,0,1,1,1,3417,0,0
175662,The Jailer,,,,1,7,0,0,94375,0,0,0,1,1,1,1,0,0,0
175680,Clandestine Operative,,Cartel Ve,,0,7,0,0,93578,0,0,0,1,1,1,1,0,0,0
175698,Doomed Soul,,,,0,6,0,0,100270,100287,100288,100289,1,1,1,1,0,0,0
175715,Lucy,,,,0,12,0,0,74794,0,0,0,1,1,1,1,0,0,0
175756,Spriggan Trickster,,,,0,12,0,0,100017,0,0,0,1,1,1,1,0,0,0
175777,Crystalsnap,,,,0,14,0,0,94150,0,0,0,1,1,1,1,0,0,0
175778,Briarpaw,,,,0,14,0,0,93750,0,0,0,1,1,1,1,0,0,0
175779,Chittermaw,,,,0,14,0,0,94202,0,0,0,1,1,1,1,0,0,0
175780,Mistwing,,,,0,14,303,0,96414,0,0,0,1,1,1,1,0,0,0
175781,Sewer Creeper,,,,0,14,0,0,98999,0,0,0,1,1,1,1,0,0,0
175782,The Countess,,,,0,14,0,0,99890,0,0,0,1,1,1,1,0,0,0
175783,Digallo,,,,0,14,0,0,98482,0,0,0,1,1,1,1,0,0,0
175784,Gelatinous,,,,0,14,0,0,96239,0,0,0,1,1,1,1,0,0,0
175785,Kostos,,Challenger of the Small,,0,14,0,0,92192,0,0,0,1,1,1,1,0,0,0
175786,Glurp,,,,0,14,0,0,94075,0,0,0,1,1,1,1,0,0,0
175787,Winterleaf Spriggan,,,,0,12,0,0,100019,0,0,0,1,1,1,1,0,0,0
175805,Overseer Kah-Sher,,Will of the Arbiter,,1,7,0,0,98196,0,0,0,1,1,1,1,172141,0,0
175807,Knight of the Ebon Blade,,,,0,7,0,0,96327,0,0,0,1,1,1,1,0,0,0
175811,Feasting Mawrat,,,,6,1,127,0,95749,96556,96557,96558,1,1,1,1,0,0,0
175826,Gushing Mawrat,,,,6,1,127,0,95749,96556,96557,96558,1,1,1,1,0,0,0
175829,Overseer Kah-Sher,,Will of the Arbiter,,1,7,0,0,98196,0,0,0,1,1,1,1,0,0,0
175850,Nuisance of Stone Fiends,,,,0,7,0,0,93170,0,0,0,1,1,1,1,0,0,0
175862,Possessed Guardian,,,,0,7,0,0,96028,0,0,0,1,1,1,1,0,0,0
175864,Kill Credit,,,,0,10,0,0,11686,0,0,0,1,1,1,1,0,0,0
175865,Possessed Keeper,,,,0,7,0,0,96367,0,0,0,1,1,1,1,0,0,0
175867,Lukir,,,,0,7,0,0,96879,0,0,0,1,1,1,1,0,0,0
175868,Ingra Krazic,,,,0,7,0,0,96879,0,0,0,1,1,1,1,0,0,0
175869,Invasive Creeper,,,,0,7,0,0,85884,0,0,0,1,1,1,1,0,0,0
175870,Invasive Lasher,,,,0,7,0,0,85885,0,0,0,1,1,1,1,0,0,0
175871,Blighted Conqueror,,,,0,7,0,0,96777,0,0,0,1,1,1,1,0,0,0
175872,Blighted Overseer,,,,0,7,0,0,96774,0,0,0,1,1,1,1,0,0,0
175873,Blighted Brute,,,,0,7,0,0,96087,0,0,0,1,1,1,1,0,0,0
175874,Blighted Creeper,,,,0,7,0,0,85885,0,0,0,1,1,1,1,0,0,0
175878,Seed Stealer,,,,0,7,0,0,99170,0,0,0,1,1,1,1,0,0,0
175879,Seed Harvester,,,,0,7,0,0,95698,0,0,0,1,1,1,1,0,0,0
175887,Warstitched Surgeon,,,,0,6,0,0,94122,0,0,0,1,1,1,1,0,0,0
175888,Baron Halis,,,,0,6,0,0,95647,0,0,0,1,1,1,1,0,0,0
175889,Vestigial Animate,,,,0,6,0,0,94759,0,0,0,1,1,1,1,0,0,0
175892,Genghis,,,,0,6,0,0,95839,0,0,0,1,1,1,1,0,0,0
175893,Enraged Glutton,,,,0,7,0,0,99905,0,0,0,1,1,1,1,0,0,0
175895,Skittering Leecher,,,,0,7,0,0,94227,0,0,0,1,1,1,1,0,0,0
175896,Colossal Feaster,,,,0,6,0,0,94402,0,0,0,1,1,1,1,0,0,0
175898,Sister Chelicerae,,,,0,1,0,0,94404,0,0,0,1,1,1,1,0,0,0
175899,Boneweave Ambusher,,,,0,1,0,0,94405,0,0,0,1,1,1,1,0,0,0
175902,Qexu,,,,0,1,0,0,96079,0,0,0,1,1,1,1,0,0,0
175903,Studious Acolyte,,,,0,6,0,0,96542,0,0,0,1,1,1,1,0,0,0
175904,Decadious,,,,0,1,0,0,96786,0,0,0,1,1,1,1,0,0,0
175905,Consuming Rancor,,,,0,4,0,0,95793,0,0,0,1,1,1,1,0,0,0
175908,Mawsworn Myrmidon,,,,1,7,0,3,96827,0,0,0,1,1,1,1,179726,0,0
175909,Ve'brax,,Asset Analyst,,1,7,0,0,100013,0,0,0,1,1,1,1,0,0,0
175913,Kill Credit,,,,0,10,0,0,11686,0,0,0,1,1,1,1,0,0,0
175914,Zoliramus Gatekeeper,,,,0,6,0,0,94122,0,0,0,1,1,1,1,0,0,0
175915,Rot Flinger,,,,0,7,0,0,95225,0,0,0,1,1,1,1,0,0,0
175916,Stitched Vanguard,,,,0,6,0,0,97629,0,0,0,1,1,1,1,0,0,0
175917,Unstable Memory Fragment,,,,0,7,0,0,94278,0,0,0,1,1,1,1,0,0,0
175920,Hostile Memory,,,,0,7,0,0,94277,0,0,0,1,1,1,1,0,0,0
175921,Cloudfeather Guardian,,,,0,1,0,0,95116,0,0,0,1,1,1,1,0,0,0
175923,Vyrm the Ravenous,,,,0,1,0,0,93471,0,0,0,1,1,1,1,0,0,0
175924,Echo of Aella,,,,0,7,0,0,99373,0,0,0,1,1,1,1,0,0,0
175925,Larion Sire,,,,0,1,0,0,93463,0,0,0,1,1,1,1,0,0,0
175926,Highwind Larion,,,,0,1,0,0,93464,0,0,0,1,1,1,1,0,0,0
175927,"Andromede, Herald of the Forsworn",,,,0,7,0,0,95758,0,0,0,1,1,1,1,0,0,0
175931,Kill Credit,,,,0,10,0,0,11686,0,0,0,1,1,1,1,0,0,0
175932,Broker Rat,,,,0,14,0,0,100056,0,0,0,1,1,1,1,0,0,0
175933,Broker Worm,,,,0,14,0,0,100061,0,0,0,1,1,1,1,0,0,0
175937,Kill Credit,,,,0,10,0,0,11686,0,0,0,1,1,1,1,0,0,0
175939,Briarbane Cavalier,,,,0,7,0,0,96346,0,0,0,1,1,1,1,0,0,0
175941,Briarbane Footman,,,,0,7,0,0,96340,0,0,0,1,1,1,1,0,0,0
175942,Bladewing Guard,,,,0,7,0,0,93826,0,0,0,1,1,1,1,0,0,0
175944,Briarbane Arbalest,,,,0,7,0,0,96345,0,0,0,1,1,1,1,0,0,0
175948,Ash Crawler,,,,0,7,0,0,95209,0,0,0,1,1,1,1,0,0,0
175952,Sinstone Rampager,,,,0,7,0,0,94868,0,0,0,1,1,1,1,0,0,0
175953,Sinstone Shardling,,,,0,7,0,0,95580,0,0,0,1,1,1,1,0,0,0
175955,Sinstone Hoarder,,,,0,7,0,0,94868,0,0,0,1,1,1,1,0,0,0
175956,Lady Ouix'Ara,,,,0,7,0,0,96858,0,0,0,1,1,1,1,0,0,0
175957,Duelmaster Rowyn,,,,0,7,0,0,93845,0,0,0,1,1,1,1,0,0,0
175959,Parched Gorger,,,,0,7,0,0,93853,0,0,0,1,1,1,1,0,0,0
175960,Thirsting Mite,,,,0,7,0,0,94387,0,0,0,1,1,1,1,0,0,0
175962,Threatening Necromancer,,,,1,7,0,0,95233,0,0,0,1,1,1,1,0,0,0
175966,Theotar,,The Mad Duke,,1,7,0,0,93223,0,0,0,1,1,1,1,0,0,0
175969,Tubbins,,,,0,7,0,0,93305,0,0,0,1,1,1,1,0,0,0
175970,Temel,,The Party Herald,,6,7,0,3,95633,0,0,0,1,1,1,1,0,0,0
175971,Picky Stefan,,,,0,7,0,0,95805,0,0,0,1,1,1,1,0,0,0
176019,Verdant Kit,,,,0,14,0,0,93748,0,0,0,1,1,1,1,0,0,0
176020,Decay Grub,,,,0,14,0,0,100151,0,0,0,1,1,1,1,0,0,0
176021,Starmoth,,,,0,14,0,3,100152,0,0,0,1,1,1,1,0,0,0
176023,Crawbat,,,,0,8,0,3,98462,98463,98465,0,1,1,1,1,0,0,0
176024,Crawbat,,,,0,14,0,3,98462,98463,98465,0,1,1,1,1,0,0,0
176028,Zaki,,,,0,7,0,0,98981,0,0,0,1,1,1,1,0,0,0
176040,Spell Target,,,,0,10,0,0,32670,11686,0,0,0,1,1,1,0,0,0
176042,Capheus,,Anima Specialist,,0,7,0,0,99593,0,0,0,1,1,1,1,17105,0,0
176045,Khamsius,,,,0,7,0,0,99712,0,0,0,1,1,1,1,0,0,0
176046,Koros,,Communicator,,0,7,0,0,94236,0,0,0,1,1,1,1,0,0,0
176074,Sesselie,,Whose Roots Touch the Anima,,0,4,0,0,95681,0,0,0,1,1,1,1,0,0,0
176077,Yondare Hex,,Anima-Weaver,,0,7,0,0,95991,0,0,0,1,1,1,1,176591,0,0
176080,Tapani Nightwish,,Innkeeper,,0,7,0,0,95376,0,0,0,1,1,1,1,0,0,0
176081,Sergeant Romark,,,,0,7,0,0,95687,0,0,0,1,1,1,1,176595,0,0
176082,Niall Kugal,,,,0,6,0,0,96489,0,0,0,1,1,1,1,0,0,0
176083,Kresto Deathsear,,Cosmotographer,,1,6,0,0,96438,0,0,0,1,1,1,1,51400,0,0
176084,Jericho Wallrush,,Tactics Exploiter,,1,6,0,0,96115,0,0,0,1,1,1,1,176591,0,0
176085,Dispute Interpreter,,,,0,6,0,0,96209,0,0,0,1,1,1,1,176578,0,0
176086,Doomed Soul,,,,0,6,0,0,37917,20322,37916,20323,1,1,1,1,0,0,0
176090,Rathan,,Abominable Stitchmaster,,0,7,0,0,94782,0,0,0,1,1,1,1,0,0,0
176099,Marasmius,,,,0,4,0,0,97746,0,0,0,1,1,1,1,0,0,0
176128,Stone Legion Commando,,,,1,7,0,0,96699,96700,96701,0,1,1,1,1,175928,0,0
176129,Stone Legion Skirmisher,,,,0,7,0,0,96696,96697,96698,0,1,1,1,1,175934,175934,0
176142,Watcher Vesperbloom,,The Wild Hunt,,0,7,0,3,97478,0,0,0,1,1,1,1,0,0,0
176143,Command Table,,,,0,10,0,0,96508,0,0,0,1,1,1,1,0,0,0
176147,Tactician Sakaa,,,,1,7,0,0,95536,0,0,0,1,1,1,1,0,0,0
176150,Devahia,,The Dark Enchantress,,1,7,0,0,95534,0,0,0,1,1,1,1,0,0,0
176174,Crooked Crick,,Supplier of Rarities,,0,7,0,0,95736,0,0,0,1,1,1,1,0,0,0
176180,Kill Credit,,,,0,10,0,0,11686,0,0,0,1,1,1,1,0,0,0
176181,Kill Credit,,,,0,10,0,0,11686,0,0,0,1,1,1,1,0,0,0
176219,Kearnen the Blade,,,,0,7,0,0,100228,0,0,0,1,1,1,1,0,0,0
176250,Doomed Soul,,,,0,6,0,0,37917,20322,37916,20323,1,1,1,1,0,0,0
176270,Irontide Ruffian,,Irontide Raiders,,0,7,0,0,79072,79073,0,0,1,1,1,1,15905,15905,0
176271,Cutwater Duelist,,Cutwater Corsairs,,0,7,0,0,80339,80340,0,0,1,1,1,1,54824,0,0
176272,Blacktooth Knuckleduster,,Blacktooth Brawlers,,0,7,0,0,79072,79073,0,0,1,1,1,1,15905,15905,0
176273,Bristleback Horker,,The Bilge Rats,,0,7,0,0,6078,0,0,0,1,1,1,1,2695,0,0
176274,Irontide Brinecaster,,Irontide Raiders,,0,7,0,0,79077,79078,79079,79080,1,1,1,1,44219,0,0
176275,Vulpera Mixologist,,The Bilge Rats,,0,7,0,0,80327,80328,0,0,1,1,1,1,5283,52359,0
176276,Cutwater Reaver,,Cutwater Corsairs,,0,7,0,0,80341,0,0,0,1,1,1,1,36749,36749,0
176282,Maw Anduin,,,,0,7,0,0,99093,0,0,0,1,1,1,1,183938,0,0
176283,Rubble Pile,,,,1,9,0,0,55382,55383,55384,0,1,1,1,1,0,0,0
176284,Rubble Pile,,,,1,9,0,0,100395,0,0,0,1,1,1,1,0,0,0
176292,Gnoll Kid,,,,0,7,0,0,101429,0,0,0,1,1,1,1,0,0,0
176309,Grappling Hook Bunny,,,,0,10,0,0,328,38497,0,0,0,1,1,1,0,0,0
176310,Rubble Pile,,,,1,9,0,0,55382,55383,55384,0,1,1,1,1,0,0,0
176317,Grappling Hook Bunny,,,,0,10,0,0,328,38497,0,0,0,1,1,1,0,0,0
176318,Grappling Hook Bunny,,,,0,10,0,0,328,38497,0,0,0,1,1,1,0,0,0
176326,Gubbins,,,,0,7,0,0,93306,0,0,0,1,1,1,1,0,0,0
176332,Knight of the Ebon Blade,,,,0,7,0,0,96084,96086,96325,96326,1,1,1,1,117049,0,0
176350,Progenitor Beetle,,[BESTIARY CREATURE - CHANGE ME],,0,14,0,0,100375,0,0,0,1,1,1,1,0,0,0
176352,Progenitor Rabbit,,[BESTIARY CREATURE - CHANGE ME],,0,14,0,0,100377,0,0,0,1,1,1,1,0,0,0
176361,Uther,,,,0,7,0,0,100392,0,0,0,1,1,1,1,0,0,0
176362,Rubble Pile,,,,1,9,0,0,93266,0,0,0,1,1,1,1,0,0,0
176363,Rubble Pile,,,,1,9,0,0,100393,0,0,0,1,1,1,1,0,0,0
176364,Rubble Pile,,,,1,9,0,0,100394,0,0,0,1,1,1,1,0,0,0
176365,Rubble Pile,,,,1,9,0,0,100396,0,0,0,1,1,1,1,0,0,0
176366,Rubble Pile,,,,1,9,0,0,100397,0,0,0,1,1,1,1,0,0,0
176373,Stanikos,,Your Biggest Fan,,0,7,0,0,91896,0,0,0,1,1,1,1,174423,0,0
176524,Maw Anduin,,,,0,7,0,0,99093,0,0,0,1,1,1,1,0,0,0
176527,Ambystan,,[BESTIARY CREATURE - CHANGE ME],,0,14,0,0,100452,100454,100455,100453,1,1,1,1,0,0,0
176530,War Eagle,,,,1,1,26,3,100457,0,0,0,1,1,1,1,0,0,0
176532,Thrall,,,,1,7,0,0,101963,0,0,0,1,1,1,1,168268,0,0
176533,Lady Jaina Proudmoore,,,,1,7,0,0,101962,0,0,0,1,1,1,1,153575,0,0
176554,Highlord Darion Mograine,,Horseman of the Ebon Blade,,1,7,0,0,27153,0,0,0,1,1,1,1,40276,40276,0
176636,Spell Bunny,,,,0,10,0,0,1126,11686,0,0,0,1,1,1,0,0,0
176639,Squibbles,,,,0,12,0,3,90422,0,0,0,1,1,1,1,0,0,0
176640,Churro,,,,0,12,0,0,68845,0,0,0,1,1,1,1,0,0,0
176641,R-t3-Mi5,,,,0,12,0,0,100544,0,0,0,1,1,1,1,0,0,0
176655,Anthea,,Carefree Pet Tamer,,0,7,0,0,69610,0,0,0,1,1,1,1,0,0,0
176657,RT-3 M15,,,,0,12,0,0,100544,0,0,0,1,1,1,1,0,0,0
176658,Churro,,,,0,12,0,0,100553,0,0,0,1,1,1,1,0,0,0
176659,Squibbles,,,,0,12,0,0,90422,0,0,0,1,1,1,1,0,0,0
176662,Squibbles,,,,0,12,0,3,90422,0,0,0,1,1,1,1,0,0,0
176672,Lor'themar Theron,,Regent Lord of Quel'Thalas,,1,7,0,0,17122,0,0,0,0,1,1,1,168606,0,0
176680,Muradin Bronzebeard,,Bronzebeard Representative,,1,7,0,0,33140,0,0,0,1,1,1,1,49775,49774,0
176681,Falstad Wildhammer,,Wildhammer Clan Representative,,1,7,0,0,32681,0,0,0,1,1,1,1,30445,0,59023
176682,Moira Thaurissan,,Dark Iron Representative,,1,7,0,0,32680,0,0,0,1,1,1,1,11928,0,0
176688,Cassius,,Flight Master,,1,7,0,0,93535,0,0,0,1,1,1,1,0,0,0
176689,Haephus,,Sanctum Upgrades,,1,7,0,0,93893,0,0,0,1,1,1,1,0,0,0
176690,Elysian Guardian,,,,1,9,0,0,92191,0,0,0,1,1,1,1,0,0,0
176691,Elysian Bulwark,,,,1,9,0,0,92534,0,0,0,1,1,1,1,176059,0,0
176728,Runecarver,,,,0,7,0,0,97971,0,0,0,1,1,1,1,0,0,0
176729,Dredger Butler,,,,0,12,0,0,100581,0,0,0,1,1,1,1,0,0,0
176730,Dredger Butler,,,,0,12,0,0,100582,0,0,0,1,1,1,1,0,0,0
176731,Dredger Butler,,,,0,12,0,0,100583,0,0,0,1,1,1,1,0,0,0
176740,Darkmoon Carnie,,Dance Master,,0,7,0,0,14890,14912,14913,14914,25,25,25,25,0,0,0
176741,Tuskarr Construction Site - OLD DO NOT USE,,,,0,10,0,0,100584,0,0,0,1,1,1,1,0,0,0
176745,Tuskarr Fishing Raft,,,,0,10,0,0,100585,0,0,0,1,1,1,1,0,0,0
176754,Spell Target,,,,0,10,0,0,1126,11686,0,0,0,1,1,1,0,0,0
176776,Tuskarr Construction Site - OLD DO NOT USE,,,,0,10,0,0,100592,0,0,0,1,1,1,1,0,0,0
176777,Fishing Dock - OLD DO NOT USE,,,,0,10,0,0,100593,0,0,0,1,1,1,1,0,0,0
176778,Fishing Dock - OLD DO NOT USE,,,,0,10,0,0,100584,0,0,0,1,1,1,1,0,0,0
176785,Wood Bundle - OLD DO NOT USE,,,,0,10,0,0,100598,0,0,0,1,1,1,1,0,0,0
176786,Coiled Rope - OLD DO NOT USE,,,,0,10,0,0,100596,100597,0,0,1,1,1,1,0,0,0
176787,Tuskarr Tacklebox - OLD DO NOT USE,,,,0,10,0,0,100595,0,0,0,1,1,1,1,0,0,0
176893,Broker Travel Point,,,,0,10,0,0,100879,0,0,0,1,1,1,1,0,0,0
176919,Spell Bunny,,,,0,10,0,0,1126,11686,0,0,0,1,1,1,0,0,0
176985,Gnoll Construction Site,,,,0,10,0,0,100584,0,0,0,1,1,1,1,0,0,0
177042,Flynn Fairwind,,,,0,7,0,0,76222,0,0,0,1,1,1,1,155766,155766,0
177050,Mosher,,,,0,7,0,0,59619,42385,78921,78320,1,1,1,1,0,0,0
177061,Prisoner Cages,,,,0,10,0,0,100673,0,0,0,1,1,1,1,0,0,0
177079,Prime Shieldguard,,,,1,7,0,0,95511,95948,0,0,1,1,1,1,178918,176720,176576
177103,Kael'thas Sunstrider,,Lord of the Blood Elves,,1,7,0,0,20023,0,0,0,1,1,1,1,0,0,0
177105,Spell Target,,,,0,10,0,0,1126,11686,0,0,0,1,1,1,0,0,0
177109,Stygia Convergence,,,,0,10,0,0,1126,11686,0,0,0,1,1,1,0,0,0
177110,Defiant Soul,,,,0,6,0,0,97424,0,0,0,0,1,1,1,176571,0,0
177111,Prime Gatecrasher,,,,1,6,0,0,96292,94177,94450,0,2,2,1,1,0,0,0
177112,Uther the Lightbringer,,,,0,7,0,0,101844,0,0,0,1,1,1,1,173369,0,0
177114,Sylvanas Windrunner,,,,1,7,0,0,95032,0,0,0,1,1,1,1,0,0,181374
177116,Polemarch Adrestes,,,,1,7,0,0,102925,0,0,0,1,1,1,1,182152,0,0
177123,Kleia,,,,0,7,0,0,101331,0,0,0,1,1,1,1,171132,0,0
177131,Helsworn Inquisitor,,,,1,7,0,3,94391,94392,0,0,1,1,1,1,179735,0,39995
177133,Mawsworn Deathsinger,,,,1,6,0,0,96861,96862,0,0,1,1,1,1,0,0,0
177134,Maldraxxi Defector,,,,1,7,0,0,95546,95949,0,0,1,1,1,1,177265,0,0
177136,Polemarch Adrestes,,,,1,7,0,0,94141,0,0,0,1,1,1,1,182152,0,0
177167,Baroness Vashj,,Matron of Spies,,1,7,0,0,96138,0,0,0,1,1,1,1,156712,0,0
177173,Mini-Mite Template,,,,6,8,101,3,100724,0,0,0,1,1,1,1,0,0,0
177177,Mini-Hopper Template,,,,6,8,291,0,100725,0,0,0,1,1,1,1,0,0,0
177191,Claws of Ursoc - Alt 1 - Base - Generic,,,,0,10,0,0,66682,0,0,0,1,1,1,1,0,0,0
177209,Tal-Galan,,Keeper of Secrets,,1,7,0,0,100735,0,0,0,1,1,1,1,0,0,0
177211,Grove Hunter,,,,1,7,0,0,95866,95880,95747,95742,1,1,1,1,180024,0,0
177212,Prince Renathal,,,,1,7,0,0,94910,0,0,0,1,1,1,1,0,0,0
177213,Prince Renathal's Carriage,,,,0,10,0,0,93505,0,0,0,1,1,1,1,0,0,0
177214,Sylvari Ranger,,,,0,7,0,0,97355,97600,97598,95771,1,1,1,1,179503,0,176022
177215,The Accuser,,Harvester of Pride,,1,7,0,0,93103,0,0,0,1,1,1,1,0,0,0
177216,Kael'thas Sunstrider,,Lord of the Blood Elves,,1,7,0,0,94481,0,0,0,1,1,1,1,0,0,0
177217,Grove Trickster,,,,0,7,0,0,99727,96663,95042,0,1,1,1,1,0,0,0
177221,Chelra the Bladewall,,Princeguard Commander,,1,7,0,0,97987,0,0,0,1,1,1,1,173725,173725,0
177227,Tal-Galan,,Keeper of Secrets,,1,7,0,0,100735,0,0,0,1,1,1,1,0,0,0
177228,Highlord Bolvar Fordragon,,Knights of the Ebon Blade,,1,7,0,0,95194,0,0,0,1,1,1,1,177838,0,0
177230,Highlord Bolvar Fordragon,,Knights of the Ebon Blade,,1,7,0,0,95194,0,0,0,1,1,1,1,177838,0,0
177250,General Draven,,,,1,7,0,0,92399,0,0,0,1,1,1,1,0,0,0
177256,Princeguard Escort,,,,0,7,0,0,97525,97526,0,0,1,1,1,1,0,0,0
177258,Undying Blademaster,,,,1,6,0,0,96060,96196,96210,0,1,1,1,1,176549,0,0
177260,Khaliiq,,Vashj's Devoted,,0,7,0,0,95704,0,0,0,1,1,1,1,32841,0,0
177262,Hand of Vashj,,Vashj's Devoted,,0,7,0,0,96597,0,0,0,1,1,1,1,32841,0,0
177263,Royal-ish Porter,,,,6,7,0,0,97949,97948,97947,0,1,1,1,1,0,0,0
177273,Niya,,,,0,7,0,0,95232,0,0,0,1,1,1,1,178119,0,0
177275,Hunt-Captain Korayn,,,,0,7,0,0,95248,0,0,0,1,1,1,1,180024,0,176026
177279,Prince Renathal's Carriage,,,,0,10,0,0,93505,0,0,0,1,1,1,1,0,0,0
177280,Winter Queen,,,,1,7,0,0,95678,0,0,0,1,1,1,1,0,0,0
177294,Baron Vyraz,,,,1,7,0,0,95383,0,0,0,1,1,1,1,176594,0,0
177298,Arthas,,,,1,7,0,0,23683,0,0,0,0,1,1,1,49706,0,0
177307,Koa,,,,0,7,0,0,96396,0,0,0,1,1,1,1,0,0,0
177308,Kou,,,,0,7,0,0,99135,0,0,0,1,1,1,1,0,0,0
177314,Illidan Stormrage,,The Betrayer,,1,7,0,0,35800,0,0,0,0,1,1,1,32837,32838,0
177317,Stonewright Honorguard,,,,1,7,0,0,96044,0,0,0,1,1,1,1,175928,0,0
177332,Chelra the Bladewall,,Princeguard Commander,,1,7,0,0,97987,0,0,0,1,1,1,1,173725,173725,0
177333,Princeguard Elite,,,,1,7,0,0,97525,97526,0,0,1,1,1,1,0,0,0
177337,Mini-Mite,,,,6,8,101,3,100724,0,0,0,1,1,1,1,0,0,0
177350,Invincible,,,,0,6,0,0,31248,31007,0,0,1,0,1,1,0,0,0
177351,Feronas Sindweller,,,,0,7,0,0,35911,0,0,0,1,1,1,1,5597,5597,0
177379,Baroness Vashj,,Matron of Spies,,1,7,0,0,96138,0,0,0,1,1,1,1,0,0,156712
177380,The Curator,,Harvester of Avarice,,1,7,0,0,93111,0,0,0,1,1,1,1,0,0,0
177390,Stygian Bombarder,,,,1,4,0,0,101334,0,0,0,1,1,1,1,0,0,0
177408,Prime Bladeguard,,,,0,6,0,0,96253,96254,96251,96489,1,1,1,1,174214,176726,0
177409,Fae Trickster,,The Wild Hunt,,1,7,0,0,99771,99753,99754,99787,1,1,1,1,0,0,0
177410,Stoneborn Guardian,,,,0,7,0,0,95335,98020,0,0,1,1,1,1,0,0,0
177412,Elysian Guardian,,,,0,9,0,0,92191,0,0,0,1,1,1,1,0,0,0
177423,Tal-Galan,,Keeper of Secrets,,1,7,0,0,100735,0,0,0,1,1,1,1,0,0,0
177430,Chaotic Rift,,,,0,10,0,0,1126,52334,0,0,0,1,1,1,0,0,0
177432,Enlightened Pilgrim,,,,0,7,0,0,100731,105241,105242,105243,1,1,1,1,0,0,0
177436,Baroness Vashj,,Matron of Spies,,1,7,0,0,96138,0,0,0,1,1,1,1,0,0,156712
177449,Bonesmith Heirmir,,,,0,6,0,0,96102,0,0,0,1,1,1,1,0,0,0
177456,Anduin Wrynn,,,,0,7,0,0,105302,0,0,0,1,1,1,1,191026,191027,0
177476,Enlightened Guardian,,,,0,7,0,0,100732,105239,0,0,1,1,1,1,185590,0,0
177514,Mal'Ganis,,,,1,3,0,0,99100,0,0,0,1,1,1,1,0,0,0
177515,Generic Bunny - PRK,,,,0,10,0,3,22903,11686,0,0,0,1,1,1,0,0,0
177531,Dreadlord Infiltrator,,,,0,3,0,0,100797,100798,0,0,1,1,1,1,0,0,0
177542,Kill Credit,,,,1,6,0,0,96861,96862,0,0,1,1,1,1,0,0,0
177545,Prime Gatecrasher,,,,1,6,0,0,96292,94450,0,0,1,1,1,1,0,0,0
177560,Baroness Draka,,,,1,7,0,0,96443,0,0,0,1,1,1,1,105037,105037,0
177568,Bonesmith Heirmir,,,,0,6,0,0,96102,0,0,0,1,1,1,1,0,0,0
177569,The Primus,,,,1,7,0,0,99095,0,0,0,1,1,1,1,0,185955,0
177603,Danica the Reclaimer,,,,0,7,0,0,100801,0,0,0,1,1,1,1,0,0,0
177632,Stygia Residue,,,,0,10,0,0,1126,11686,0,0,0,1,1,1,0,0,0
177635,Baroness Vashj,,Matron of Spies,,1,7,0,0,96138,0,0,0,1,1,1,1,0,0,156712
177644,Prince Renathal,,,,1,7,0,0,94910,0,0,0,1,1,1,1,0,0,0
177664,Kalecgos,,,,1,2,0,0,105921,0,0,0,1,1,1,1,0,0,0
177679,Valkyra Shieldmaiden,,,,0,7,0,0,74391,74392,74393,74394,1,1,1,1,124548,34590,0
177697,Kyrian Ascendant,,,,1,7,0,0,93232,95557,95081,94586,1,1,1,1,0,0,0
177698,Venthyr Aristocrat,,,,0,7,0,0,94611,94613,94614,94612,1,1,1,1,0,0,0
177699,Kyrian Steward,,,,0,7,0,0,96576,97025,97025,97029,1,1,1,1,0,0,0
177700,Venthyr Noble,,,,0,7,0,0,96744,96748,0,0,1,1,1,1,0,0,0
177701,Venthyr Stoneguard,,,,0,7,0,0,95464,0,0,0,1,1,1,1,0,0,0
177702,Bladeguard Captain,,,,0,6,0,0,96281,0,0,0,1,1,1,1,0,0,0
177703,Attendant Functionary,,,,0,7,0,0,96625,0,0,0,1,1,1,1,62231,0,0
177704,Conflict Assessor,,Cartel Zo,,0,7,0,0,93599,93589,93584,0,1,1,1,1,0,0,0
177705,Military Purveyor,,Cartel Au,,0,7,0,0,93599,93589,93584,0,1,1,1,1,0,0,0
177706,Attendant Scribe,,,,0,7,0,3,96625,0,0,0,1,1,1,1,0,0,0
177727,Stormforged Valarjar,,,,0,7,0,0,67361,67937,67938,0,1,1,1,1,137174,140748,0
177733,Val'kyr Courier,,,,0,7,0,3,67162,67161,0,0,1,1,1,1,0,0,0
177734,Valarjar Aspirant,,,,0,7,0,0,65678,65679,65680,65681,1,1,1,1,0,0,0
177762,Life Pickup,,,,0,10,0,0,66094,0,0,0,1,1,1,1,0,0,0
177769,Kearnen the Blade,,,,0,7,0,0,95796,0,0,0,1,1,1,1,0,0,0
177772,Animaflow,,,,1,10,0,0,101330,0,0,0,1,1,1,1,0,0,0
177774,Ve'nari,,Purveyor of Cyphers,,1,7,0,0,95004,0,0,0,1,1,1,1,0,0,0
177776,Ve'nari,,,,1,7,0,0,67001,0,0,0,1,1,1,1,0,0,0
177809,Mawsworn Brutalizer,,,,1,5,0,0,99064,0,0,0,1,1,1,1,0,0,0
177832,Eye of the Jailer,,,,1,9,0,3,101530,0,0,0,1,1,1,1,0,0,0
177839,Danica the Reclaimer,,,,0,7,0,0,100801,0,0,0,1,1,1,1,140345,0,0
177876,Stygian Bombarder,,,,1,4,0,0,101334,0,0,0,1,1,1,1,0,0,0
177890,Mawsworn Myrmidon,,,,1,7,0,3,96827,0,0,0,1,1,1,1,179726,0,0
177921,Korthian Protector,,,,1,7,0,0,100555,101765,0,0,1,1,1,1,180609,0,0
177925,Ve'nari,,Purveyor of Cyphers,,1,7,0,0,95004,0,0,0,1,1,1,1,0,0,0
177927,Tal-Galan,,Keeper of Secrets,,1,7,0,0,100735,0,0,0,1,1,1,1,0,0,0
177933,Khaliiq,,Vashj's Devoted,,0,7,0,0,95704,0,0,0,1,1,1,1,32841,0,0
177941,Danica,,The Wrath of Odyn,,1,7,0,3,100914,0,0,0,1,1,1,1,140345,0,0
177942,Nal'ragas,,,,1,3,0,0,100790,0,0,0,1,1,1,1,0,0,0
177951,Korthian Attendant,,,,0,7,0,0,101182,0,0,0,1,1,1,1,0,0,0
177958,Firim,,,,0,7,0,0,100915,0,0,0,1,1,1,1,185331,0,0
177963,Cudgelface,,,,0,7,0,0,92397,0,0,0,1,1,1,1,0,0,0
177967,Lady Moonberry,,Inconspicuous Stone Fiend,,1,7,0,3,100916,0,0,0,1,1,1,1,0,0,0
178010,Record Keeper,,,,0,7,0,0,101182,0,0,0,1,1,1,1,0,0,0
178027,Node,,,,0,10,0,0,40933,0,0,0,1,1,1,1,0,0,0
178032,Kill Credit,,,,1,6,0,0,96861,96862,0,0,1,1,1,1,0,0,0
178035,Alexandros Mograine,,The Ashbringer,,1,7,0,0,94718,0,0,0,1,1,1,1,181255,0,0
178036,Attendant,,,,0,7,0,0,96604,0,0,0,1,1,1,1,0,0,0
178038,Axe,,,,0,10,0,0,11686,0,0,0,0,1,1,1,0,0,0
178072,Anduin Wrynn,,,,1,7,0,0,99092,0,0,0,1,1,1,1,183938,0,0
178079,The Jailer,,,,1,7,0,0,94375,0,0,0,1,1,1,1,0,0,0
178081,Highlord Bolvar Fordragon,,Knights of the Ebon Blade,,1,7,0,0,101964,0,0,0,1,1,1,1,177838,0,0
178082,The Arbiter,,,,1,7,0,3,95843,0,0,0,1,1,1,1,0,0,0
178090,Keeneyed Guardian,,,,1,7,0,0,93829,96044,94738,0,1,1,1,1,175928,0,0
178106,Dreadlord Infiltrator,,,,0,3,0,0,100797,100798,0,0,1,1,1,1,0,0,0
178123,Attendant,,,,0,7,0,0,96604,0,0,0,1,1,1,1,0,0,0
178184,Stormwind Guard,,,,0,7,0,0,3167,0,0,0,1,1,1,1,1899,143,0
178185,Stormwind Guard,,,,0,7,0,0,5446,0,0,0,1,1,1,1,1899,143,0
178186,Captain Taylor,,,,1,7,0,0,31604,0,0,0,1,1,1,1,1899,143,0
178187,Ancient Leviathan,,,,1,1,0,0,45246,0,0,0,1,1,1,1,0,0,0
178194,Animaflow,,,,1,10,0,3,101968,0,0,0,1,1,1,1,0,0,0
178196,Docile Vombata,,,,0,1,127,0,98968,100993,100994,100995,1,1,1,1,0,0,0
178200,Record Keeper,,,,0,7,0,0,96604,0,0,0,1,1,1,1,0,0,0
178204,[DNT] FX Bunny: Beam Start,,,,0,10,0,3,64055,11686,0,0,0,1,1,1,0,0,0
178206,[DNT] FX Bunny: Beam End,,,,0,10,0,3,64055,11686,0,0,0,1,1,1,0,0,0
178216,Flawless Amethyst Baubleworm,,,,0,12,0,0,100061,0,0,0,1,1,1,1,0,0,0
178222,Tal-Galan,,Keeper of Secrets,,1,7,0,0,100735,0,0,0,1,1,1,1,0,0,0
178224,Bonesmith Heirmir,,,,0,6,0,0,96102,0,0,0,1,1,1,1,0,0,0
178225,The Primus,,,,1,7,0,0,101041,0,0,0,1,1,1,1,0,180218,0
178239,Prince Renathal,,,,1,7,0,3,95632,0,0,0,1,1,1,1,0,0,0
178240,Lady Moonberry,,Court of Night,,1,7,0,3,94286,0,0,0,1,1,1,1,0,0,0
178241,General Draven,,,,1,7,0,3,92399,0,0,0,1,1,1,1,174639,0,0
178260,The Stonewright,,Harvester of Wrath,,1,7,0,0,101013,0,0,0,1,1,1,1,0,0,0
178261,Gothra the Trembler,,,,1,5,0,0,100480,0,0,0,1,1,1,1,0,0,0
178284,Erunak Stonespeaker,,The Earthen Ring,,0,7,0,0,30408,0,0,0,1,1,1,1,51898,0,0
178293,Mosher,,,,0,7,0,0,83127,76219,79944,20666,1,1,1,1,0,0,0
178296,Animaflow,,,,1,10,0,0,102045,0,0,0,1,1,1,1,0,0,0
178298,Widget,,Best Cat,,0,12,0,0,87563,0,0,0,0,1,1,1,0,0,0
178299,Gizmo,,,,0,12,0,0,100576,0,0,0,0,1,1,1,0,0,0
178300,Kyrian Avenger,,,,0,7,0,3,93631,95591,0,0,0,1,1,1,176074,176818,0
178331,Gothra the Trembler,,,,1,5,0,0,100480,0,0,0,1,1,1,1,0,0,0
178332,General Draven,,,,1,7,0,0,92399,0,0,0,1,1,1,1,174639,0,0
178333,Prince Renathal,,,,1,7,0,0,95632,0,0,0,1,1,1,1,0,0,0
178334,Lady Moonberry,,Court of Night,,1,7,0,3,94286,0,0,0,1,1,1,1,0,0,0
178337,The Stonewright,,Harvester of Wrath,,1,7,0,0,101013,0,0,0,1,1,1,1,0,0,0
178352,Record Keeper,,,,0,7,0,0,101185,0,0,0,1,1,1,1,0,0,0
178371,The Jailer,,,,1,7,0,0,94375,0,0,0,1,1,1,1,0,0,0
178372,Anduin,,,,1,7,0,0,99093,0,0,0,1,1,1,1,183938,0,0
178373,Mawsworn Ravager,,,,0,7,0,0,92412,0,0,0,1,1,1,1,179728,0,0
178374,Mawsworn Ripper,,,,0,7,0,0,92414,0,0,0,1,1,1,1,0,0,179731
178397,The Countess,,Harvester of Desire,,1,7,0,0,94156,0,0,0,1,1,1,1,0,0,0
178398,Bunny,,,,0,10,0,3,100007,13069,0,0,0,1,1,1,0,0,0
178399,Sylvanas Windrunner,,,,0,7,0,0,100591,0,0,0,1,1,1,1,0,0,42775
178413,Prince Renathal,,,,1,7,0,0,94910,0,0,0,1,1,1,1,0,0,0
178436,Kyrian Avenger,,,,0,7,0,3,93631,95591,0,0,0,1,1,1,176074,176818,0
178437,Kyrian Avenger,,,,0,7,0,3,93631,95591,0,0,0,1,1,1,176074,176818,0
178438,Kyrian Avenger,,,,0,7,0,0,11686,0,0,0,1,1,1,1,0,0,0
178445,Mawsworn Destructor,,,,0,7,0,0,92780,0,0,0,1,1,1,1,0,0,0
178463,Dyrfinna,,,,0,7,0,0,67161,0,0,0,1,1,1,1,140345,0,0
178464,Kolfinna,,,,0,7,0,0,67161,0,0,0,1,1,1,1,140345,0,0
178465,Aeskir,,,,0,7,0,0,67161,0,0,0,1,1,1,1,140345,0,0
178472,The Stonewright,,Harvester of Wrath,,1,7,0,0,101013,0,0,0,1,1,1,1,173724,0,0
178517,Aeskir,,,,1,7,0,3,92112,0,0,0,1,1,1,1,140345,0,0
178518,Dyrfinna,,,,1,7,0,3,92112,0,0,0,1,1,1,1,140345,0,0
178519,Kolfinna,,,,1,7,0,3,92112,0,0,0,1,1,1,1,140345,0,0
178557,The Primus,,,,1,7,0,0,99095,0,0,0,1,1,1,1,0,180218,0
178561,The Stonewright's Carriage,,,,0,10,0,0,93505,0,0,0,1,1,1,1,0,0,0
178568,Cudgelface,,,,0,7,0,0,92397,0,0,0,1,1,1,1,0,0,0
178587,Mawsworn Realmbreaker,,,,0,7,0,3,101855,0,0,0,1,1,1,1,110389,0,0
178591,Kyrian Ascendant,,,,1,7,0,3,97817,97816,97814,97815,1,1,1,1,174337,0,0
178593,Stoneborn Guardian,,,,1,7,0,3,101857,101858,101859,101860,1,1,1,1,0,0,0
178604,Mawsworn Swarmer,,,,0,7,0,0,92412,0,0,0,1,1,1,1,0,0,0
178605,Maldraxxi Lineguard,,,,1,6,0,0,94241,0,0,0,1,1,1,1,0,0,0
178610,Maldraxxi Gladiator,,,,1,7,0,0,95964,95965,95961,96779,1,1,1,1,176545,176545,0
178611,Sinfall Defender,,,,1,7,0,3,97689,97688,97687,97686,1,1,1,1,175847,175946,0
178632,Stygian Punisher,,,,0,4,0,0,101346,0,0,0,1,1,1,1,0,0,0
178634,Prime Shieldguard,,,,1,7,0,0,95511,95948,0,0,1,1,1,1,177264,176720,176576
178648,Nathrezim Infiltrator,,,,0,3,0,0,100092,0,0,0,1,1,1,1,0,0,0
178652,Shandris Feathermoon,,General of the Sentinel Army,,1,7,0,0,99128,0,0,0,1,1,1,1,45078,0,55048
178653,Tyrande Whisperwind,,The Night Warrior,,1,7,0,0,88865,0,0,0,1,1,1,1,0,0,0
178658,Lord Herne,,The Wild Hunt,,1,7,0,0,95245,0,0,0,1,1,1,1,0,0,0
178669,Winter Queen,,,,1,7,0,0,95678,0,0,0,1,1,1,1,0,0,0
178673,Tal-Yor,,Keeper of Visions,,1,7,0,0,101108,0,0,0,1,1,1,1,0,0,0
178674,Tal-Rahl,,Keeper of Knowledge,,1,7,0,0,101107,0,0,0,1,1,1,1,0,0,0
178675,Bonesmith Heirmir,,,,0,6,0,0,96102,0,0,0,1,1,1,1,0,0,0
178676,Tal-Galan,,Keeper of Secrets,,1,7,0,0,100735,0,0,0,1,1,1,1,0,0,0
178684,Skyja,,The First,,1,7,0,3,94397,0,0,0,1,1,1,1,174436,0,0
178686,Annhylde,,The Aegis,,1,7,0,2,94392,0,0,0,1,1,1,1,0,0,0
178689,Protector Kah-Rev,,,,1,7,0,0,100760,0,0,0,1,1,1,1,180609,0,0
178691,Val'kyr,,,,0,7,0,0,67161,0,0,0,1,1,1,1,0,0,0
178696,Ritual Orb,,,,0,10,0,0,101456,0,0,0,1,1,1,1,0,0,0
178710,Wild Hunter,,,,1,7,0,0,95866,95880,95747,95742,1,1,1,1,0,0,0
178714,Kleia,,,,0,7,0,3,97487,0,0,0,1,1,1,1,171132,0,0
178720,Ascended Crusader,,,,1,7,0,3,93199,93197,93195,94092,1,1,1,1,171944,0,0
178723,Sinfall Warrior,,,,1,7,0,0,95339,97523,93828,97525,1,1,1,1,0,0,0
178724,Prince Renathal,,,,1,7,0,0,94910,0,0,0,1,1,1,1,0,0,0
178728,Mawsworn Realmbreaker,,,,1,7,0,3,94390,0,0,0,1,1,1,1,110389,0,0
178742,Val'kyr,,,,0,7,0,0,33997,0,0,0,1,1,1,1,0,0,0
178746,Death Gate,,,,1,10,0,0,100433,0,0,0,1,1,1,1,0,0,0
178758,Sigil of the Primus,,,,0,10,0,2,101479,0,0,0,1,1,1,1,0,0,0
178797,Sika,,,,0,7,0,0,96161,0,0,0,1,1,1,1,0,0,0
178799,Arios Riftbearer,,Hand of Wisdom,,1,7,0,0,97467,0,0,0,1,1,1,1,174407,174435,0
178800,Voitha,,Hand of Humility,,1,7,0,0,97485,0,0,0,1,1,1,1,0,0,0
178801,Bron,,,,0,9,0,0,92534,0,0,0,1,1,1,1,0,0,0
178807,Alexandros Mograine,,The Ashbringer,,1,7,0,0,94718,0,0,0,1,1,1,1,181255,0,0
178813,The Primus,,,,1,7,0,0,99095,0,0,0,1,1,1,1,0,185955,0
178814,Highlord Bolvar Fordragon,,Knights of the Ebon Blade,,1,7,0,0,95194,0,0,0,1,1,1,1,177838,0,0
178830,Glittermint,,,,0,7,0,3,99804,0,0,0,1,1,1,1,0,0,0
178832,Lord Herne,,The Wild Hunt,,1,7,0,0,95245,0,0,0,1,1,1,1,180024,0,0
178837,Lord Herne,,The Wild Hunt,,1,7,0,0,95245,0,0,0,1,1,1,1,180024,0,0
178857,Charred Behemoth,,,,1,5,0,0,99068,0,0,0,1,1,1,1,0,0,0
178863,Eye of the Jailer,,,,1,9,0,3,101530,0,0,0,1,1,1,1,0,0,0
178916,Flameforged Colossus,,,,1,4,0,0,60442,0,0,0,1,1,1,1,0,0,0
178917,Kyrian Avenger,,,,0,7,0,3,93631,0,0,0,0,1,1,1,176074,176818,0
178918,Kyrian Avenger,,,,0,7,0,3,95591,0,0,0,1,1,1,1,176074,176818,0
178919,Xandria,,Paragon of Courage,,1,7,0,0,95012,0,0,0,1,1,1,1,174438,0,0
178921,Soulrender Dormazain,,,,1,7,0,0,101221,0,0,0,1,1,1,1,0,0,0
178922,Garrosh Hellscream,,Warlord of the Warsong,,1,7,0,0,87839,0,0,0,1,1,1,1,0,0,0
178927,Mawsworn Realmbreaker,,,,0,7,0,3,101856,0,0,0,1,1,1,1,110389,0,0
178929,Mawsworn Pillager,,,,0,7,0,0,92415,0,0,0,1,1,1,1,0,0,0
178946,Eye of the Jailer,,,,1,9,0,3,100924,0,0,0,1,1,1,1,0,0,0
178949,Danica,,The Wrath of Odyn,,1,7,0,3,100914,0,0,0,1,1,1,1,140345,0,0
178954,Polemarch Adrestes,,,,1,7,0,0,94141,0,0,0,1,1,1,1,182152,0,0
178965,Maw Giant,,,,1,5,0,0,95166,0,0,0,1,1,1,1,0,0,0
178966,Mawsworn Warden,,,,1,7,0,3,94390,0,0,0,1,1,1,1,179726,0,0
179008,Lil' Abom,,,,0,12,0,0,101229,101230,101231,0,1,1,1,1,0,0,0
179020,Dawnkeep Dredger,,,,0,3,0,0,101236,0,0,0,1,1,1,1,0,0,0
179022,Max,,,,0,12,0,0,74486,0,0,0,0,1,1,1,0,0,0
179023,Max,,,,0,12,0,0,74486,0,0,0,0,1,1,1,0,0,0
179024,Mischa,,,,0,12,0,0,101235,0,0,0,0,1,1,1,0,0,0
179025,Infused Etherwyrm,,,,0,12,0,3,101234,0,0,0,1,1,1,1,0,0,0
179038,Infused Etherwyrm,,,,0,14,0,3,101234,0,0,0,1,1,1,1,0,0,0
179045,Surging Power,,,,0,10,0,0,70903,0,0,0,1,1,1,1,0,0,0
179049,Dawnkeep Warden,,,,1,7,0,0,101237,0,0,0,1,1,1,1,173938,173938,0
179050,Dawnkeep Warden,,,,1,7,0,0,101238,0,0,0,1,1,1,1,184328,0,0
179051,Baroness Draka,,,,1,7,0,0,96443,0,0,0,1,1,1,1,105037,105037,0
179052,Polemarch Adrestes,,,,1,7,0,0,94141,0,0,0,1,1,1,1,182152,0,0
179060,Valiant Protector,,,,0,7,0,0,95630,0,0,0,1,1,1,1,176074,176818,0
179061,Valiant Protector,,,,0,7,0,0,95479,0,0,0,1,1,1,1,176074,176818,0
179062,Valiant Protector,,,,0,7,0,0,95630,93631,95479,0,1,1,1,1,176074,176818,0
179075,Etherwyrm,,,,0,1,0,3,94449,0,0,0,1,1,1,1,0,0,0
179083,Sly,,,,0,12,0,0,93745,0,0,0,1,1,1,1,0,0,0
179096,Sly,,,,0,8,0,0,93745,0,0,0,1,1,1,1,0,0,0
179100,Stoneborn Guardian,,,,1,7,0,3,97519,97525,97521,97526,1,1,1,1,0,0,0
179104,Sly,,,,0,8,0,0,93745,0,0,0,1,1,1,1,0,0,0
179110,Spirit Tender,,,,0,7,0,3,94466,94457,94475,94472,1,1,1,1,0,0,0
179113,Eye of the Jailer Target,,,,0,10,0,3,22903,11686,0,0,0,1,1,1,0,0,0
179116,Hunt-Captain Korayn,,,,0,7,0,0,95248,0,0,0,1,1,1,1,180024,0,176026
179117,Niya,,,,0,7,0,0,95232,0,0,0,1,1,1,1,178119,0,0
179125,Timeless Mechanical Dragonling,,,,0,12,0,3,101255,0,0,0,1,1,1,1,0,0,0
179128,Eye of the Jailer,,,,1,9,0,3,100237,0,0,0,1,1,1,1,0,0,0
179130,Sly,,,,0,8,0,0,93745,0,0,0,1,1,1,1,0,0,0
179131,Animite Broodling,,,,0,14,0,0,100724,0,0,0,1,1,1,1,0,0,0
179132,Copperback Etherwyrm,,,,0,12,0,3,101276,0,0,0,1,1,1,1,0,0,0
179137,Ruby Baubleworm,,,,0,12,0,0,100060,0,0,0,1,1,1,1,0,0,0
179138,Turquoise Baubleworm,,,,0,12,0,0,100059,0,0,0,1,1,1,1,0,0,0
179139,Topaz Baubleworm,,,,0,12,0,0,100058,0,0,0,1,1,1,1,0,0,0
179140,Gurgl,,,,0,12,0,0,100676,0,0,0,1,1,1,1,0,0,0
179142,Elite Queensguard,,The Wild Hunt,,1,7,0,0,95252,95253,95254,95256,1,1,1,1,180024,0,0
179149,Baroness Vashj,,Matron of Spies,,1,7,0,0,96138,0,0,0,1,1,1,1,156712,0,0
179151,Thrall,,,,1,7,0,0,100684,0,0,0,1,1,1,1,168268,0,0
179152,Lady Jaina Proudmoore,,,,1,7,0,0,80015,0,0,0,1,1,1,1,153575,0,0
179164,Curious Purrkin,,,,0,14,0,0,98506,0,0,0,1,1,1,1,0,0,0
179165,Silver Purrkin,,,,0,14,0,0,98509,0,0,0,1,1,1,1,0,0,0
179166,Gizmo,,,,0,12,0,0,98505,0,0,0,1,1,1,1,0,0,0
179167,Damp Skrat,,,,0,14,0,0,100054,0,0,0,1,1,1,1,0,0,0
179168,Scavenging Skrat,,,,0,14,0,0,100055,0,0,0,1,1,1,1,0,0,0
179169,Rarity,,,,0,12,0,0,100056,0,0,0,1,1,1,1,0,0,0
179171,Fodder,,,,0,12,0,0,101282,101282,0,0,1,1,1,1,0,0,0
179173,Sly,,,,0,8,0,0,93745,0,0,0,1,1,1,1,0,0,0
179179,Clinging Remains,,,,0,14,0,0,95579,0,0,0,1,1,1,1,0,0,0
179180,Invasive Buzzer,,,,0,12,0,3,101284,0,0,0,1,1,1,1,0,0,0
179181,Amaranthine Stinger,,,,0,12,0,3,101277,0,0,0,1,1,1,1,0,0,0
179182,Scurrying Mawrat,,,,0,14,0,0,101285,0,0,0,1,1,1,1,0,0,0
179183,Lost Limb,,,,0,14,0,0,101286,0,0,0,1,1,1,1,0,0,0
179185,Sinfall Screecher,,,,0,12,0,3,98473,0,0,0,1,1,1,1,0,0,0
179190,Mawsworn Destructor,,,,0,7,0,0,92780,0,0,0,1,1,1,1,0,0,0
179191,Mawsworn Ripper,,,,0,7,0,0,92414,0,0,0,1,1,1,1,0,0,179731
179196,Lady Moonberry,,Court of Night,,1,7,0,3,94286,0,0,0,1,1,1,1,0,0,0
179197,Mawsworn Watcher,,,,0,7,0,3,94399,0,0,0,1,1,1,1,0,0,0
179200,Bonesmith Heirmir,,,,0,6,0,0,96102,0,0,0,1,1,1,1,174305,174305,0
179203,Thiernax,,,,0,7,0,0,94684,0,0,0,1,1,1,1,0,0,0
179204,Margrave Sin'dane,,,,1,6,0,0,96075,0,0,0,0,1,1,1,0,0,0
179205,Lord Herne,,The Wild Hunt,,1,7,0,0,95245,0,0,0,1,1,1,1,180024,0,0
179213,Lady Jaina Proudmoore,,,,1,7,0,0,80015,0,0,0,1,1,1,1,0,0,0
179214,Bonesmith Heirmir,,,,0,6,0,0,96102,0,0,0,1,1,1,1,0,0,0
179219,Grip of Terror,,,,0,14,0,0,101288,0,0,0,1,1,1,1,0,0,0
179220,Grappling Gauntlet,,,,0,12,0,0,101289,0,0,0,1,1,1,1,0,0,0
179222,Irongrasp,,,,0,12,0,0,101287,0,0,0,1,1,1,1,0,0,0
179224,Mawsworn Assaulter,,,,0,7,0,0,92779,0,0,0,1,1,1,1,0,0,0
179225,Thrall,,,,1,7,0,0,100684,0,0,0,1,1,1,1,107259,0,0
179226,Deathroach,,,,0,14,0,0,101292,0,0,0,1,1,1,1,0,0,0
179227,Vile Deathroach,,,,0,14,0,0,101291,0,0,0,1,1,1,1,0,0,0
179228,Golden Eye,,,,0,12,0,3,101776,0,0,0,1,1,1,1,0,0,0
179229,Eye of Affliction,,,,0,14,0,3,101294,0,0,0,1,1,1,1,0,0,0
179230,Chompy,,,,0,12,0,3,98464,0,0,0,1,1,1,1,0,0,0
179232,Eye of Allseeing,,,,0,12,0,3,101777,0,0,0,1,1,1,1,0,0,0
179233,Eye of Extermination,,,,0,12,0,3,101779,0,0,0,1,1,1,1,0,0,0
179239,Gilded Darknight,,,,0,12,0,0,98524,0,0,0,1,1,1,1,0,0,0
179240,Mawsworn Minion,,,,0,12,0,0,98522,101297,0,0,1,1,1,1,0,0,0
179241,Mord'al Eveningstar,,,,0,12,0,0,98525,0,0,0,1,1,1,1,0,0,0
179242,Rook,,,,0,12,0,0,98526,0,0,0,1,1,1,1,0,0,0
179247,Attendant Scribe,,,,0,7,0,3,96625,0,0,0,1,1,1,1,0,0,0
179248,Anxious Nibbler,,,,0,14,291,0,100725,0,0,0,1,1,1,1,0,0,0
179249,Mawsworn Ravager,,,,0,7,0,0,92412,92413,92411,92416,1,1,1,1,0,0,0
179250,Young Garnetgullet,,,,0,14,291,0,101298,0,0,0,1,1,1,1,0,0,0
179251,Korthian Specimen,,,,0,12,291,0,101301,0,0,0,1,1,1,1,0,0,0
179252,Mosscoated Gromit,,,,0,12,291,0,101299,0,0,0,1,1,1,1,0,0,0
179253,Domestic Aunian,,,,0,12,291,0,101300,0,0,0,1,1,1,1,0,0,0
179255,Gnashtooth,,,,0,12,0,0,101281,0,0,0,1,1,1,1,0,0,0
179256,Devourling,,,,0,14,0,0,101280,0,0,0,1,1,1,1,0,0,0
179258,Mawsworn Val'kyr,,,,0,7,0,3,94399,0,0,0,1,1,1,1,179726,0,0
179263,Polymorphed Sheep,,,,0,8,0,0,856,857,0,0,2,1,1,1,0,0,0
179265,Kyrian Defender,,,,0,7,0,3,93631,0,0,0,0,1,1,1,176074,176818,0
179272,Xandria,,Paragon of Courage,,1,7,0,0,95012,0,0,0,1,1,1,1,174438,0,0
179273,Kyrestia the Firstborne,,Archon,,1,7,0,3,95666,0,0,0,1,1,1,1,177089,0,0
179276,Returned Ascended,,,,0,7,0,3,94639,94320,94316,95127,1,1,1,1,0,0,0
179278,Returned Aspirant,,,,0,7,0,0,94314,94308,94304,94309,1,1,1,1,0,0,0
179294,Dagnar Stonebrow,,,,0,7,0,0,64615,0,0,0,1,1,1,1,51010,51010,0
179295,Minerva Ravensorrow,,,,0,7,0,0,64614,0,0,0,1,1,1,1,41261,0,0
179296,Vanessa Fairgraves,,,,0,7,0,0,65103,0,0,0,1,1,1,1,0,0,0
179297,Rantuko Grimtouch,,,,0,7,0,0,65107,0,0,0,1,1,1,1,0,0,0
179302,Stoneborn Guardian,,,,1,7,0,3,97519,97521,0,0,1,1,1,1,0,0,0
179314,Sylvanas Windrunner,,,,1,7,0,0,100570,0,0,0,1,1,1,1,0,0,181374
179321,Duchess Mynx,,Death's Advance Quartermaster,,0,7,0,0,28039,0,0,0,1,1,1,1,0,0,0
179327,Mal'Ganis,,,,1,3,0,0,99100,0,0,0,1,1,1,1,0,0,0
179328,Baroness Draka,,,,1,7,0,0,96443,0,0,0,1,1,1,1,105037,105037,0
179329,Wild Corpsefly,,,,0,14,0,3,100243,100244,100245,0,1,1,1,1,0,0,0
179337,Remnant of Justice,,,,0,7,0,2,101125,0,0,0,1,1,1,1,0,0,0
179338,Dawnkeep Dredger,,,,0,7,0,0,101764,0,0,0,1,1,1,1,0,0,0
179339,Dreadlord Infiltrator,,,,0,3,0,0,100797,0,0,0,1,1,1,1,0,0,0
179340,Pandi,,,,0,7,0,0,101278,0,0,0,1,1,1,1,0,0,0
179341,Dreadlord Infiltrator,,,,0,3,0,0,100798,0,0,0,1,1,1,1,0,0,0
179350,Stonewright Honorguard,,,,1,7,0,0,101306,0,0,0,1,1,1,1,175928,0,0
179356,Thenios,,Paragon of Wisdom,,1,7,0,3,98588,0,0,0,1,1,1,1,176074,174433,0
179365,Devourling,,,,0,8,0,0,101280,0,0,0,1,1,1,1,0,0,0
179366,Damp Skrat,,,,0,8,0,0,100054,0,0,0,1,1,1,1,0,0,0
179367,Scavenging Skrat,,,,0,8,0,0,100055,0,0,0,1,1,1,1,0,0,0
179368,Young Garnetgullet,,,,0,8,291,0,101298,0,0,0,1,1,1,1,0,0,0
179369,Anxious Nibbler,,,,0,8,291,0,100725,0,0,0,1,1,1,1,0,0,0
179370,Deathroach,,,,0,8,0,0,101292,0,0,0,1,1,1,1,0,0,0
179371,Vile Deathroach,,,,0,8,0,0,101291,0,0,0,1,1,1,1,0,0,0
179372,Scurrying Mawrat,,,,0,8,0,0,101285,0,0,0,1,1,1,1,0,0,0
179373,Eye of Affliction,,,,0,8,0,0,101294,0,0,0,1,1,1,1,0,0,0
179374,Wild Corpsefly,,,,0,8,0,3,100243,100244,100245,0,1,1,1,1,0,0,0
179375,Animite Broodling,,,,0,8,0,0,100724,0,0,0,1,1,1,1,0,0,0
179376,Lost Limb,,,,0,8,0,0,101286,0,0,0,1,1,1,1,0,0,0
179377,Grip of Terror,,,,0,8,0,0,101288,0,0,0,1,1,1,1,0,0,0
179378,Clinging Remains,,,,0,8,0,0,95579,0,0,0,1,1,1,1,0,0,0
179379,Adrestes,,Paragon of Devotion,,1,7,0,0,101308,0,0,0,1,1,1,1,182152,0,0
179389,Caretaker Kah-Than,,,,0,7,0,0,100811,0,0,0,1,1,1,1,0,0,0
179390,Fatescribe Roh-Kalo,,,,0,7,0,0,101187,0,0,0,1,1,1,1,0,0,0
179391,Azodius,,,,0,3,0,0,99098,0,0,0,1,1,1,1,175928,0,0
179392,Kin'tessa,,,,0,3,0,0,101471,0,0,0,1,1,1,1,175928,0,0
179398,Sylvanas Windrunner,,,,0,7,0,0,100591,0,0,0,1,1,1,1,0,0,42775
179418,Mal'Ganis,,,,1,3,0,0,99100,0,0,0,1,1,1,1,0,0,0
179420,Fae Trickster,,,,0,7,0,0,95042,95325,94472,95286,1,1,1,1,0,0,0
179421,Forest Defender,,The Wild Hunt,,1,7,0,0,95252,95253,95258,95260,1,1,1,1,180024,0,176024
179441,Prince Renathal,,,,1,7,0,0,95632,0,0,0,1,1,1,1,0,0,0
179442,Lady Moonberry,,Court of Night,,1,7,0,3,94286,0,0,0,1,1,1,1,0,0,0
179443,General Draven,,,,1,7,0,0,92399,0,0,0,1,1,1,1,0,0,0
179444,Gothra the Trembler,,,,1,5,0,0,97331,0,0,0,1,1,1,1,0,0,0
179463,Baroness Draka,,,,1,7,0,2,96443,0,0,0,1,1,1,1,105037,105037,0
179479,Sulanoom,,,,0,4,0,0,99781,0,0,0,1,1,1,1,0,0,0
179480,Hermestes,,,,0,7,0,0,94235,0,0,0,1,1,1,1,0,0,0
179481,Lyra Hailstorm,,,,0,7,0,0,95655,0,0,0,0,1,1,1,0,0,0
179482,Chachi the Artiste,,,,1,7,0,0,99162,0,0,0,1,1,1,1,0,0,0
179483,Elwyn,,,,0,7,0,0,99156,0,0,0,1,1,1,1,0,0,0
179484,Yanlar,,,,0,7,0,0,99788,0,0,0,1,1,1,1,0,0,0
179487,Adventurer 018,,,,0,7,0,0,94869,0,0,0,1,1,1,1,0,0,0
179488,Cromas the Mystic,,,,0,7,0,0,94234,0,0,0,1,1,1,1,0,0,0
179489,Auric Spiritguide,,,,0,7,0,0,93444,0,0,0,1,1,1,1,0,0,0
179492,Adventurer 018,,,,1,7,0,0,99317,0,0,0,1,1,1,1,0,0,0
179493,Enceladus,,Bonesmith Assistant,,0,6,0,0,96208,0,0,0,1,1,1,1,157585,0,0
179494,Deathfang,,,,1,1,52,0,70087,0,0,0,1,1,1,1,0,0,0
179497,Adventurer 018,,,,0,6,0,0,96754,0,0,0,1,1,1,1,0,0,0
179498,Madame Iza,,,,0,7,0,0,97802,0,0,0,1,1,1,1,0,0,0
179499,Lucia,,,,1,7,0,0,95622,0,0,0,1,1,1,1,0,0,0
179502,Adventurer 018,,,,1,7,0,0,92990,0,0,0,1,1,1,1,0,0,0
179504,Spore of Marasmius,,,,0,7,0,0,101319,0,0,0,1,1,1,1,0,0,0
179505,Ella,,,,0,1,0,0,57556,0,0,0,1,1,1,1,0,0,0
179506,ELGU - 007,,,,0,9,0,0,92191,0,0,0,1,1,1,1,0,0,0
179507,Kiaranyka,,,,0,7,0,2,97902,0,0,0,1,1,1,1,0,0,0
179508,Ryuja Shockfist,,,,0,7,0,0,95944,0,0,0,1,1,1,1,0,0,0
179509,Kinessa the Absorbent,,,,0,15,0,0,96241,0,0,0,1,1,1,1,0,0,0
179510,Steadyhands,,,,0,7,0,0,98288,0,0,0,1,1,1,1,0,0,0
179511,Lassik Spinebender,,,,0,7,0,0,99941,0,0,0,1,1,1,1,0,0,0
179520,Broker Ve'kot,,,,0,7,0,0,93583,0,0,0,1,1,1,1,0,0,0
179525,Chosenseeker Eye,,,,1,9,0,0,97275,0,0,0,1,1,1,1,0,0,0
179528,Saezurah,,,,1,9,0,0,98800,0,0,0,1,1,1,1,0,0,0
179568,Kleia,,,,0,7,0,3,97487,0,0,0,1,1,1,1,171132,0,0
179571,Distracting Mirage,,,,2,7,0,0,99952,0,0,0,1,1,1,1,0,0,0
179584,Sinrunner,,,,0,1,299,0,97067,97068,0,0,1,0,1,1,0,0,0
179589,Blinky,,,,0,12,0,3,101380,0,0,0,1,1,1,1,0,0,0
179590,Speedy IV,,,,0,8,0,0,16360,0,0,0,1,1,1,1,0,0,0
179598,Ve'nish,,Aquisitions Specialist,,0,7,0,0,101355,0,0,0,1,1,1,1,0,0,0
179599,Tyrande Whisperwind,,The Night Warrior,,1,7,0,0,88865,0,0,0,1,1,1,1,0,0,0
179602,Prime Shieldguard,,,,1,7,0,0,95511,95948,0,0,1,1,1,1,177264,176720,176576
179603,Bladeguard Captain,,,,0,6,0,0,96281,0,0,0,1,1,1,1,0,0,0
179607,Tyrande Whisperwind,,The Night Warrior,,1,7,0,0,88865,0,0,0,1,1,1,1,0,0,0
179611,Pelagos,,,,0,7,0,0,97681,0,0,0,1,1,1,1,0,0,0
179620,Huln Highmountain,,,,0,7,0,0,97408,0,0,0,1,1,1,1,129899,0,0
179624,Cudgelface,,,,0,7,0,0,92397,0,0,0,1,1,1,1,0,0,0
179666,ELGU - 007,,,,0,9,0,0,92191,0,0,0,0,1,1,1,0,0,0
179667,Kiaranyka,,,,0,7,0,0,93232,0,0,0,0,1,1,1,0,0,0
179670,Spore of Marasmius,,,,0,7,0,0,101319,0,0,0,0,1,1,1,0,0,0
179672,Ella,,,,0,1,0,0,57556,0,0,0,0,1,1,1,0,0,0
179676,Ryuja Shockfist,,,,0,7,0,0,95944,0,0,0,0,1,1,1,0,0,0
179678,Kinessa the Absorbent,,,,0,15,0,0,96241,0,0,0,0,1,1,1,0,0,0
179680,Steadyhands,,,,0,7,0,0,98288,0,0,0,0,1,1,1,0,0,0
179682,Lassik Spinebender,,,,0,7,0,0,99941,0,0,0,0,1,1,1,0,0,0
179683,Baroness Draka,,,,1,7,0,0,96443,0,0,0,1,1,1,1,0,0,0
179687,Sylvanas Windrunner,,,,1,7,0,0,95032,0,0,0,1,1,1,1,0,0,181374
179718,Khaliiq,,Vashj's Devoted,,0,7,0,0,95704,0,0,0,1,1,1,1,32841,0,0
179761,Spell Bunny,,,,0,10,0,0,1126,11686,0,0,0,1,1,1,0,0,0
179809,Hornswoggle,,,,0,12,0,0,86021,0,0,0,1,1,1,1,0,0,0
179819,Run To Point,,,,0,10,0,3,22903,11686,0,0,0,1,1,1,0,0,0
179858,Kin'tessa,,,,0,3,0,0,101471,0,0,0,1,1,1,1,0,0,0
179910,Sylvanas Windrunner,,,,1,7,0,0,101311,0,0,0,1,1,1,1,0,0,0
179920,Kill Credit,,,,0,10,0,0,11686,0,0,0,1,1,1,1,0,0,0
179921,Kill Credit,,,,0,10,0,0,11686,0,0,0,1,1,1,1,0,0,0
179924,Kill Credit,,,,0,10,0,0,11686,0,0,0,1,1,1,1,0,0,0
179925,Kill Credit,,,,0,10,0,0,11686,0,0,0,1,1,1,1,0,0,0
179943,Kyrestia the Firstborne,,Archon,,1,7,0,3,100057,0,0,0,1,1,1,1,177089,0,0
179966,Gurgl,,,,0,12,0,0,100676,0,0,0,1,1,1,1,0,0,0
179967,Missing1,,,,0,12,0,0,101507,0,0,0,1,1,1,1,0,0,0
179978,The Stonewright,,Harvester of Wrath,,1,7,0,0,101013,0,0,0,1,1,1,1,173724,0,0
179995,Nimble Scavenger,,,,0,15,0,0,100364,0,0,0,1,1,1,1,0,0,0
179996,Melded Gorger,,,,0,15,0,0,94225,0,0,0,1,1,1,1,0,0,0
179997,Shardhide Alpha,,,,0,1,156,0,100418,0,0,0,1,1,1,1,0,0,0
179998,Razorwing Gnasher,,,,1,1,0,0,100249,0,0,0,1,1,1,1,0,0,0
179999,Frenzied Razorwing,,,,0,1,0,0,100247,0,0,0,1,1,1,1,0,0,0
180001,Ravenous Scavenger,,,,0,15,0,0,100364,0,0,0,1,1,1,1,0,0,0
180002,Stygian Bombardier,,,,1,4,0,0,101334,0,0,0,1,1,1,1,0,0,0
180022,Clone,,,,0,8,0,0,21955,0,0,0,1,1,1,1,0,0,0
180024,Kynthia,,,,1,7,0,0,99140,0,0,0,1,1,1,1,171944,0,0
180025,Aspirant Thales,,,,0,7,0,0,95817,0,0,0,1,1,1,1,0,0,0
180026,Returned Aspirant,,,,0,7,0,0,94314,94308,94304,94309,1,1,1,1,0,0,0
180027,Returned Ascended,,,,0,7,0,0,94639,94320,94316,95127,1,1,1,1,0,0,0
180054,Haunting Shade,,,,0,6,0,0,101527,101526,101526,0,2,3,1,1,0,0,0
180102,Ben Howell,,,,0,7,0,2,94902,0,0,0,1,1,1,1,0,0,0
180113,Rattling Mage,,,,0,6,0,0,101531,0,0,0,1,1,1,1,0,0,0
180114,Fruit Vendor,,Cartel Au,,0,7,0,0,93583,0,0,0,1,1,1,1,0,0,0
180117,Meat Vendor,,Cartel Au,,0,7,0,0,93594,0,0,0,1,1,1,1,0,0,0
180120,Vesper of Harmony,,,,0,10,0,0,92678,0,0,0,1,1,1,1,0,0,0
180121,Vesper of Clarity,,,,0,10,0,0,92679,0,0,0,1,1,1,1,0,0,0
180122,Vesper of Faith,,,,0,10,0,0,92680,0,0,0,1,1,1,1,0,0,0
180129,Toy Vendor,,Cartel Al,,0,7,0,0,93579,0,0,0,1,1,1,1,0,0,0
180130,Antique Vendor,,Cartel Xy,,0,7,0,0,93587,0,0,0,1,1,1,1,0,0,0
180140,The Primus,,,,1,7,0,0,99095,0,0,0,1,1,1,1,0,0,0
180163,Mal'Ganis,,,,1,3,0,0,101548,0,0,0,1,1,1,1,0,0,0
180174,Kleia,,,,0,7,0,0,101331,0,0,0,1,1,1,1,171132,0,0
180175,Uther,,,,0,7,0,0,101844,0,0,0,1,1,1,1,0,0,0
180183,Pelagos,,,,0,7,0,0,97681,0,0,0,1,1,1,1,0,0,0
180184,Polemarch Adrestes,,,,1,7,0,0,94141,0,0,0,1,1,1,1,182152,0,0
180185,Disciple Nikolon,,,,0,7,0,0,96658,0,0,0,1,1,1,1,0,0,0
180186,Hipokos,,,,0,7,0,0,99521,0,0,0,1,1,1,1,0,0,0
180187,Kynthia,,,,1,7,0,0,99140,0,0,0,1,1,1,1,171944,0,0
180188,Aspirant Thales,,,,0,7,0,0,95817,0,0,0,1,1,1,1,0,0,0
180189,Kalisthene,,,,1,7,0,0,99125,0,0,0,1,1,1,1,0,0,0
180190,Nemea,,Larion Master,,0,7,0,0,93241,0,0,0,1,1,1,1,171946,0,0
180191,Andira,,,,1,1,160,0,93463,0,0,0,1,1,1,1,0,0,0
180192,Lentios,,,,0,1,160,0,93463,0,0,0,1,1,1,1,0,0,0
180193,Pelodis,,Phalynx Master,,0,7,0,0,94101,0,0,0,1,1,1,1,171130,0,0
180194,Gatamatos,,,,0,9,154,0,92676,0,0,0,1,1,1,1,0,0,0
180195,Hopo,,,,0,7,0,0,94048,0,0,0,1,1,1,1,171130,0,0
180196,Artemede,,Hand of Courage,,1,7,0,0,98177,0,0,0,1,1,1,1,174400,174403,0
180197,Apolon,,Hand of Courage,,1,7,0,0,99134,0,0,0,1,1,1,1,174403,174400,0
180198,Arios Riftbearer,,Hand of Wisdom,,1,7,0,0,97467,0,0,0,1,1,1,1,174407,174435,0
180199,Voitha,,Hand of Humility,,1,7,0,0,101555,0,0,0,1,1,1,1,0,0,0
180200,Eridia,,Hand of Purity,,1,7,0,0,97454,0,0,0,1,1,1,1,171130,0,0
180201,Clora,,,,0,7,0,0,98219,0,0,0,1,1,1,1,174386,174386,0
180202,Forgelite Sophone,,,,0,7,0,0,97457,0,0,0,1,1,1,1,174422,174433,0
180203,Pallessa,,,,0,7,0,0,98175,0,0,0,1,1,1,1,0,0,0
180204,Achillon,,,,0,7,0,0,101550,0,0,0,1,1,1,1,0,0,0
180205,Phillios,,,,0,7,0,0,101551,0,0,0,1,1,1,1,171944,0,0
180206,Tymon,,,,0,7,0,0,95081,0,0,0,1,1,1,1,0,174429,0
180207,Alithea,,,,0,7,0,0,94901,0,0,0,1,1,1,1,0,0,0
180208,Last,,,,0,1,299,0,97068,0,0,0,1,1,1,1,0,0,0
180218,Sylvanas Windrunner,,,,1,7,0,0,101311,0,0,0,1,1,1,1,185997,185997,181374
180223,Mikanikos,,Forgelite Prime,,0,7,0,0,96348,0,0,0,1,1,1,1,171132,0,0
180224,Sika,,,,0,7,0,0,96161,0,0,0,1,1,1,1,0,0,0
180226,Bron,,,,0,9,0,0,92534,0,0,0,1,1,1,1,0,0,0
180229,The Jailer,,,,0,10,0,0,101556,0,0,0,1,1,1,1,0,0,0
180240,Grubby,,,,6,1,42,0,45097,0,0,0,1,1,1,1,0,0,0
180242,Kala,,,,1,1,160,0,93463,0,0,0,1,1,1,1,0,0,0
180265,Zosime,,,,0,7,0,0,99229,0,0,0,1,1,1,1,0,0,0
180269,Curiosity,,,,0,8,0,0,98509,0,0,0,1,1,1,1,0,0,0
180270,Athanos,,Overtuned Sparring Assistant,,0,9,0,0,97542,0,0,0,1,1,1,1,0,0,0
180271,Customs Shiftdodger,,,,0,7,0,0,100872,0,0,0,1,1,1,1,178960,0,0
180272,Security Specialist,,,,1,7,0,0,100871,0,0,0,1,1,1,1,178498,178498,0
180273,Security Trainee,,,,0,7,0,0,100873,0,0,0,1,1,1,1,0,0,0
180274,Bazaar Strongarm,,,,0,7,0,0,93578,0,0,0,1,1,1,1,185698,0,0
180275,Armored Overseer,,,,0,7,0,0,100874,0,0,0,1,1,1,1,178960,178960,0
180276,Support Officer,,,,0,7,0,0,100876,0,0,0,1,1,1,1,0,0,0
180277,Unruly Patron,,,,0,7,0,0,101542,0,0,0,1,1,1,1,0,0,0
180278,Unruly Patron,,,,0,7,0,0,101543,0,0,0,1,1,1,1,0,0,0
180279,Overloaded Mailemental,,,,1,4,0,0,68547,0,0,0,1,1,1,1,0,0,0
180280,Defective Sorter,,,,0,9,0,0,100408,0,0,0,1,1,1,1,0,0,0
180281,P.O.S.T Worker,,,,0,9,0,0,100406,0,0,0,1,1,1,1,169608,168955,0
180282,Interrogation Specialist,,,,0,7,0,0,100877,0,0,0,1,1,1,1,0,0,0
180285,Corsair Wavebender,,,,0,7,0,0,101468,0,0,0,1,1,1,1,0,0,0
180287,Corsair Scallywag,,,,0,7,0,0,101464,0,0,0,1,1,1,1,158508,158508,0
180288,Corsair Cannoneer,,,,0,7,0,0,101459,0,0,0,1,1,1,1,0,0,0
180290,Kowalskos,,,,0,7,0,0,93632,0,0,0,1,1,1,1,0,0,0
180291,Klystere,,Stable Master,,0,7,0,0,99267,0,0,0,1,1,1,1,0,0,0
180292,Acolyte Amalthina,,,,0,7,0,0,99239,0,0,0,1,1,1,1,171944,0,0
180294,Stanikos,,Your Biggest Fan,,0,7,0,0,91896,0,0,0,1,1,1,1,0,0,0
180305,Tranquil Grovewarden,,,,0,7,0,0,95747,95744,95457,97170,1,1,1,1,178119,0,0
180306,Tranquil Soul,,,,0,7,0,0,98628,0,0,0,1,1,1,1,0,0,0
180308,Lord Amalthwyn,,Keeper of Awakening,,0,7,0,0,99048,0,0,0,1,1,1,1,178118,0,0
180324,Volcor,,,,0,7,0,0,98918,0,0,0,1,1,1,1,0,0,0
180325,Tranquil Soul,,,,0,7,0,0,98630,98631,0,0,1,1,1,1,0,0,0
180326,Tranquil Soul,,,,0,7,0,0,97510,98609,0,0,1,1,1,1,0,0,0
180332,Axe,,,,0,10,0,0,11686,21955,0,0,1,0,1,1,0,0,0
180338,Axe,,,,0,10,0,0,11686,21955,0,0,1,0,1,1,0,0,0
180343,Tranquil Soul,,,,0,7,0,0,97504,98623,0,0,1,1,1,1,0,0,0
180344,Tranquil Soul,,,,0,7,0,0,98638,98639,0,0,1,1,1,1,0,0,0
180356,Ceridwyn,,Flight Master,,0,7,0,0,95857,0,0,0,1,1,1,1,0,0,0
180357,Blodwyn,,Envoy of the Queen,,0,7,0,0,96425,0,0,0,1,1,1,1,0,0,0
180382,Podling,,,,0,4,0,0,55416,55414,57545,0,1,1,1,1,0,0,0
180383,Mayla Highmountain,,,,1,7,0,0,73318,0,0,0,1,1,1,1,34058,0,0
180401,Dactylis,,,,0,9,0,0,92191,0,0,0,1,1,1,1,0,0,0
180402,Dutiful Attendant,,,,0,7,0,0,91896,91896,92915,96577,1,1,1,1,0,0,0
180403,Celebrating Ascended,,,,0,7,0,0,97216,95163,96316,96142,1,1,1,1,0,0,0
180404,Celebrating Aspirant,,,,0,7,0,0,99318,99329,99297,99289,1,1,1,1,0,0,0
180412,Fallen Disciple Nikolon,,,,0,7,0,0,96658,0,0,0,1,1,1,1,0,0,0
180447,Eager Steward,,,,0,7,0,0,91896,91896,92915,96577,1,1,1,1,0,0,0
180469,Tal-Galan,,Keeper of Secrets,,1,7,0,0,100735,0,0,0,1,1,1,1,0,0,0
180472,Generous Ascended,,,,0,7,0,3,97821,0,0,0,1,1,1,1,0,0,0
180481,Star Relic Prop,,,,0,10,0,0,11686,21955,0,0,1,0,1,1,0,0,0
180483,Fast,,,,0,1,299,0,97067,97068,0,0,1,0,1,1,0,0,0
180509,Runecarver,,,,0,7,0,0,101705,0,0,0,1,1,1,1,0,0,0
180526,Tranquil Keeper,,,,0,7,0,0,99049,99050,99051,99052,1,1,1,1,0,0,0
180551,Ardent Scholar,,,,1,7,0,0,97747,0,0,0,1,1,1,1,0,0,0
180559,Death Gate,,,,1,10,0,0,101842,0,0,0,1,1,1,1,0,0,0
180573,Invis (DNT),,,,0,10,0,3,22903,11686,0,0,0,1,1,1,0,0,0
180604,Generic Bunny,,,,0,10,0,3,22903,11686,0,0,0,1,1,1,0,0,0
180609,Clone,,,,0,8,0,0,21955,11686,0,0,0,1,1,1,0,0,0
180632,Kyrian Ascendant,,,,1,7,0,3,95557,94586,93232,94099,1,1,1,1,174337,0,0
180657,Podling,,,,0,4,0,0,55416,55414,57545,0,1,1,1,1,0,0,0
180660,Soul Scythe,,,,0,10,0,0,11686,0,0,0,1,1,1,1,0,0,0
180663,Animaswell,,,,0,7,0,0,36326,0,0,0,1,1,1,1,0,0,0
180679,Stoneborn,,,,0,7,0,0,94376,0,0,0,1,1,1,1,0,0,0
180680,Stoneborn,,,,0,7,0,0,101942,0,0,0,1,1,1,1,0,0,0
180687,Progenitor Roller,,,,0,14,0,0,98852,0,0,0,1,1,1,1,0,0,0
180700,Vision of Bonesmith Heirmir,,,,0,6,0,0,101843,0,0,0,1,1,1,1,0,0,0
180716,Tyrande Whisperwind,,The Night Warrior,,1,7,0,0,101941,0,0,0,1,1,1,1,0,0,0
180733,Uther,,,,0,7,0,0,100392,0,0,0,1,1,1,1,173905,0,0
180734,Mawsworn Destructor,,,,0,7,0,0,92780,92412,92414,0,1,1,1,1,0,0,0
180735,Dragon Companion,,,,0,2,0,3,25836,0,0,0,1,1,1,1,0,0,0
180788,Lafwyn,,Repairs,,0,7,0,0,99155,0,0,0,1,1,1,1,0,0,0
180789,Kewarin,,Innkeeper,,0,7,0,0,95932,0,0,0,1,1,1,1,0,0,0
180790,Aithlyn,,Wild Hunt Quartermaster,,0,7,0,0,99153,0,0,0,1,1,1,1,0,0,0
180791,Craftsmaster Lamda,,Item Upgrades,,0,7,0,0,99621,0,0,0,1,1,1,1,0,0,0
180792,Mar'lan,,Night Fae Armor Trader,,0,7,0,0,99614,0,0,0,1,1,1,1,0,0,0
180816,Broker Rat,,,,0,14,0,0,100056,0,0,0,1,1,1,1,0,0,0
180817,Pickle,,,,0,10,0,0,100056,0,0,0,1,1,1,1,0,0,0
180818,Oswald,,,,0,10,0,0,100056,0,0,0,1,1,1,1,0,0,0
180821,Sassafras,,,,0,10,0,0,100056,0,0,0,1,1,1,1,0,0,0
180822,Goblin,,,,0,10,0,0,100056,0,0,0,1,1,1,1,0,0,0
180823,Pancake,,,,0,10,0,0,100056,0,0,0,1,1,1,1,0,0,0
180824,Waffle,,,,0,10,0,0,100056,0,0,0,1,1,1,1,0,0,0
180828,Sylvanas Windrunner,,,,1,7,0,0,95032,0,0,0,1,1,1,1,0,0,181374
180861,Broker Ve'ken,,,,0,7,0,0,93583,0,0,0,1,1,1,1,185341,0,0
180905,Controlled Automa Shell,,,,1,9,0,0,105024,0,0,0,1,1,1,1,0,0,0
180920,Siloh,,Stable Master,,0,7,0,0,105236,0,0,0,1,1,1,1,185491,0,0
180926,Custodian Kalir,,,,0,7,0,0,100733,0,0,0,1,1,1,1,0,0,0
180927,Custodian Taj,,,,0,7,0,0,102043,0,0,0,1,1,1,1,0,0,0
180928,Secutor Mevix,,,,1,7,0,0,96754,0,0,0,1,1,1,1,176543,176718,0
180931,E'mewy,,,,0,8,2,0,98506,0,0,0,1,1,1,1,0,0,0
180933,E'vaan,,,,0,8,2,0,98509,0,0,0,1,1,1,1,0,0,0
180936,Rana,,,,0,7,0,0,103087,0,0,0,1,1,1,1,0,0,0
180939,Secutor Mevix,,,,1,7,0,0,96754,0,0,0,1,1,1,1,176543,176718,0
180943,Progenitor Chicken,,[BESTIARY CREATURE - CHANGE ME],,0,14,0,0,101987,0,0,0,1,1,1,1,0,0,0
180944,Progenitor Snake,,[BESTIARY CREATURE - CHANGE ME],,0,14,0,0,101997,0,0,0,1,1,1,1,0,0,0
180945,Progenitor Bot,,[BESTIARY CREATURE - CHANGE ME],,0,14,0,0,102003,0,0,0,1,1,1,1,0,0,0
180950,Avna,,,,0,7,0,0,100731,105241,105242,105243,1,1,1,1,0,0,0
180960,Obisidian Commander's Tent,,,,0,10,0,0,102006,0,0,0,1,1,1,1,0,0,0
180961,Bud,,,,0,1,127,0,101214,0,0,0,1,1,1,1,0,0,0
180975,Obisidian Siege Forge,,,,0,10,0,0,102006,0,0,0,1,1,1,1,0,0,0
180976,Obisidian Challenge,,,,0,10,0,0,102006,0,0,0,1,1,1,1,0,0,0
180983,Djaradin Summoning Ritual,,,,0,10,0,0,102013,0,0,0,1,1,1,1,0,0,0
180987,Djaradin Summoning Ritual,,,,0,10,0,0,102013,0,0,0,1,1,1,1,0,0,0
181038,Rock Climber's Camp - OLD DO NOT USE,,,,0,10,0,0,102020,0,0,0,1,1,1,1,0,0,0
181050,Teleport Tether,,,,0,10,0,0,102006,0,0,0,1,1,1,1,0,0,0
181053,Kodethi,,Dark Talons,,0,7,0,0,102030,104821,0,0,0,1,1,1,194888,0,0
181054,Scalecommander Emberthal,,The Adamant Vigil,,0,7,0,0,102031,0,0,0,1,1,1,1,0,0,0
181055,Scalecommander Cindrethresh,,Dark Talons,,0,7,0,0,102033,107101,0,0,1,0,1,1,0,0,0
181056,Scalecommander Azurathel,,Obsidian Warders,,0,7,0,0,102032,107028,0,0,1,0,1,1,191694,0,0
181077,Ambient Sound Controller,,,,6,10,0,3,90874,11686,0,0,0,1,1,1,0,0,0
181089,Kettle of Unfinished Stone Soup,,,,0,10,0,0,102058,0,0,0,1,1,1,1,0,0,0
181097,Simon Sezdans,,Dance Master,,0,7,0,0,102044,0,0,0,1,1,1,1,0,0,0
181124,Dance Enthusiast,,Resolution,,0,7,0,0,102046,102047,0,0,1,1,1,1,0,0,0
181125,Dance Enthusiast,,Destiny,,0,7,0,0,102055,102056,0,0,1,1,1,1,0,0,0
181126,Dance Enthusiast,,Mechabomb,,0,7,0,0,102048,102049,102050,102051,1,1,1,1,0,0,0
181127,Dance Enthusiast,,,,0,7,0,0,83127,76219,79944,59619,1,1,1,1,0,0,0
181129,[DND] Dance Controller,,,,0,7,0,0,21955,73437,0,0,0,1,1,1,0,0,0
181136,[DND] Quest Target - Easy Pass,,,,0,7,0,0,21955,73437,0,0,0,1,1,1,0,0,0
181137,[DND] Quest Target - Easy Victory,,,,0,7,0,0,21955,73437,0,0,0,1,1,1,0,0,0
181138,[DND] Quest Target - Medium Pass,,,,0,7,0,0,21955,73437,0,0,0,1,1,1,0,0,0
181139,[DND] Quest Target - Medium Victory,,,,0,7,0,0,21955,73437,0,0,0,1,1,1,0,0,0
181140,[DND] Quest Target - Hard Pass,,,,0,7,0,0,21955,73437,0,0,0,1,1,1,0,0,0
181141,[DND] Quest Target - Hard Victory,,,,0,7,0,0,21955,73437,0,0,0,1,1,1,0,0,0
181142,[DND] Quest Target - Fail,,,,0,7,0,0,21955,73437,0,0,0,1,1,1,0,0,0
181150,Kaarisma,,,,0,7,0,0,102111,0,0,0,1,1,1,1,0,0,0
181151,Beyvel,,Destiny,,0,7,0,0,102097,0,0,0,1,1,1,1,0,0,0
181152,Jason Trost,,,,0,7,0,0,102098,0,0,0,1,1,1,1,0,0,0
181153,Groovin' Gitah,,,,0,7,0,0,102099,0,0,0,1,1,1,1,0,0,0
181154,Haun Fleethoof,,,,0,7,0,0,102100,0,0,0,1,1,1,1,0,0,0
181155,Fereda,,,,0,7,0,0,102102,0,0,0,1,1,1,1,0,0,0
181156,Colum Bootbright,,,,0,7,0,0,102103,0,0,0,1,1,1,1,0,0,0
181157,K.C. R1C3,,Mechabomb,,0,7,0,0,102104,0,0,0,1,1,1,1,0,0,0
181158,Fuhn'ki,,,,0,7,0,0,102105,0,0,0,1,1,1,1,0,0,0
181159,Raith,,,,0,7,0,0,102087,0,0,0,1,1,1,1,0,0,0
181160,Anthony Volt,,,,0,7,0,0,102106,0,0,0,1,1,1,1,0,0,0
181161,Trellar Snowglove,,,,0,7,0,0,102107,0,0,0,1,1,1,1,0,0,0
181162,Ginger Brightstep,,,,0,7,0,0,102109,0,0,0,1,1,1,1,0,0,0
181163,Wilfred A. Stare,,,,0,7,0,0,102110,0,0,0,1,1,1,1,0,0,0
181164,Jianyu,,Resolution,,0,7,0,0,102096,0,0,0,1,1,1,1,0,0,0
181183,Highlord Bolvar Fordragon,,Knights of the Ebon Blade,,1,7,0,0,95194,0,0,0,1,1,1,1,177838,0,0
181203,Mal'Ganis,,,,1,3,0,0,99100,0,0,0,1,1,1,1,0,0,0
181217,Sansok Khan,,,,1,7,0,0,102115,0,0,0,1,1,1,1,0,0,0
181218,Basran,,,,0,1,52,0,101603,0,0,0,1,1,1,1,0,0,0
181220,Balakar Khan,,,,0,7,0,0,102116,0,0,0,1,1,1,1,0,0,0
181228,Lady Jaina Proudmoore,,,,1,7,0,0,104817,0,0,0,1,1,1,1,153575,0,0
181229,Highlord Bolvar Fordragon,,Knights of the Ebon Blade,,1,7,0,0,95194,0,0,0,1,1,1,1,177838,0,0
181230,Taelia Fordragon,,,,0,7,0,0,104818,0,0,0,1,1,1,1,166781,0,0
181231,Calia Menethil,,,,0,7,0,0,92900,0,0,0,1,1,1,1,0,0,0
181232,Thrall,,,,1,7,0,0,104820,0,0,0,1,1,1,1,168268,0,0
181250,Taelia Fordragon,,,,0,7,0,0,104818,0,0,0,1,1,1,1,166781,0,0
181276,Wrathion,,The Black Prince,,1,2,0,3,107146,107945,0,0,0,1,1,1,0,0,0
181277,Lady Jaina Proudmoore,,,,1,7,0,0,104817,0,0,0,1,1,1,1,153575,0,0
181279,Taelia Fordragon,,,,0,7,0,0,104818,0,0,0,1,1,1,1,166781,0,0
181280,Highlord Bolvar Fordragon,,Knights of the Ebon Blade,,1,7,0,0,95194,0,0,0,1,1,1,1,177838,0,0
181282,Thrall,,,,1,7,0,0,104820,0,0,0,1,1,1,1,168268,0,0
181284,Anduin Wrynn,,,,0,7,0,0,105302,0,0,0,1,1,1,1,191026,191027,0
181286,Sylvanas Windrunner,,,,0,7,0,0,102134,0,0,0,1,1,1,1,0,0,0
181308,Archetype of Focus,,,,0,12,0,3,105573,0,0,0,1,1,1,1,0,0,0
181328,Ve'nish,,Aquisitions Specialist,,0,7,0,0,101355,0,0,0,1,1,1,1,0,0,0
181335,Resonant Echo,,,,0,12,0,3,105575,0,0,0,1,1,1,1,0,0,0
181336,Omnipotential Core,,,,0,12,0,3,105574,0,0,0,1,1,1,1,0,0,0
181337,Geordy,,,,0,12,0,3,105576,0,0,0,1,1,1,1,0,0,0
181361,Bufonid Croaker,,,,0,8,0,0,103756,103751,0,0,1,1,1,1,0,0,0
181362,Bufonid Croaker,,,,0,14,0,0,103756,103751,0,0,1,1,1,1,0,0,0
181367,Highlord Bolvar Fordragon,,Knights of the Ebon Blade,,1,7,0,0,95194,0,0,0,1,1,1,1,177838,0,0
181372,Taelia Fordragon,,,,0,7,0,0,104818,0,0,0,1,1,1,1,166781,0,0
181378,Kurog Grimtotem,,The Grand Summoner,,1,7,0,2,106792,0,0,0,1,1,1,1,0,0,0
181379,Highlord Bolvar Fordragon,,Knights of the Ebon Blade,,1,7,0,0,95194,0,0,0,1,1,1,1,177838,0,0
181388,Taelia Fordragon,,,,0,7,0,0,104818,0,0,0,1,1,1,1,166781,0,0
181390,Lady Jaina Proudmoore,,,,1,7,0,0,104817,0,0,0,1,1,1,1,153575,0,0
181391,Anduin Wrynn,,,,0,7,0,0,105302,0,0,0,1,1,1,1,191026,191027,0
181393,Sylvanas Windrunner,,,,0,7,0,0,102134,0,0,0,1,1,1,1,0,0,0
181394,Thrall,,,,1,7,0,0,104820,0,0,0,1,1,1,1,168268,0,0
181429,Injured Ranger,,,,0,7,0,0,97355,97600,97598,95771,1,1,1,1,179503,0,176022
181432,Vorquin,,,,0,2,151,0,104647,0,0,0,1,1,1,1,0,0,0
181454,Roc Hatchling,,,,0,8,0,0,68719,0,0,0,1,1,1,1,0,0,0
181461,The Stonewright,,Harvester of Wrath,,1,7,0,0,104819,0,0,0,1,1,1,1,0,0,0
181462,Controlled Automa Shell,,,,1,9,0,0,101803,0,0,0,1,1,1,1,0,0,0
181463,Controlled Automa Shell,,,,1,9,0,0,105024,0,0,0,1,1,1,1,0,0,0
181486,Highlord Bolvar Fordragon,,Knights of the Ebon Blade,,1,7,0,0,95194,0,0,0,1,1,1,1,177838,0,0
181488,Archetype of Discovery,,,,0,12,0,0,102174,0,0,0,1,1,1,1,0,0,0
181494,Dervishian,,Obsidian Warders,,0,7,0,0,102175,102176,0,0,1,0,1,1,0,0,0
181535,Murkastrasza,,,,0,12,0,0,102298,0,0,0,1,1,1,1,0,0,0
181540,Confused Automa,,,,0,9,0,0,101949,0,0,0,1,1,1,1,0,0,0
181541,Ebyssian,,,,1,2,0,0,63690,105532,0,0,0,1,1,1,0,0,0
181547,Tunneling Vombata,,,,0,12,0,0,98969,0,0,0,1,1,1,1,0,0,0
181550,Automa Servitor,,,,0,9,0,0,100129,0,0,0,1,1,1,1,0,0,0
181555,Motivated Servitor,,,,0,9,0,0,100128,0,0,0,1,1,1,1,0,0,0
181561,Firim,,,,0,7,0,0,100915,0,0,0,1,1,1,1,0,0,0
181569,Automa Bulwark,,,,0,9,0,0,98796,0,0,0,1,1,1,1,0,0,0
181570,Automa Sentry,,,,0,9,0,0,100850,0,0,0,1,1,1,1,0,0,185612
181573,Chain Stalker,,,,6,10,0,3,90874,11686,0,0,0,1,1,1,0,0,0
181575,Drakks,,,,0,12,0,0,102304,0,0,0,1,1,1,1,0,0,0
181578,Archetype of Motion,,,,0,12,0,2,105556,0,0,0,1,1,1,1,0,0,0
181585,Automa Deconstructor,,,,0,9,0,0,100130,0,0,0,1,1,1,1,0,0,0
181597,Scalecommander Azurathel,,Obsidian Warders,,0,7,0,0,102032,0,0,0,1,1,1,1,0,0,0
181600,Generic Bunny,,,,0,10,0,3,22903,11686,0,0,0,1,1,1,0,0,0
181615,Archetype of Animation,,,,0,12,0,0,105570,0,0,0,1,1,1,1,0,0,0
181648,Automa Scryer,,,,0,9,0,0,98788,0,0,0,1,1,1,1,0,0,0
181668,Dreadlord Saboteur,,,,0,3,0,0,100797,100798,0,0,1,1,1,1,0,0,0
181724,Stoneborn,,,,0,7,0,3,102240,0,0,0,1,1,1,1,0,0,0
181739,Secutor Mevix,,,,1,7,0,0,96754,0,0,0,1,1,1,1,176543,176718,0
181745,Cache Guardian,,,,2,6,0,3,94703,0,0,0,1,1,1,1,0,0,0
181785,Thrall,,,,1,7,0,0,104820,0,0,0,1,1,1,1,168268,0,0
181786,Lady Jaina Proudmoore,,,,1,7,0,0,104817,0,0,0,1,1,1,1,153575,0,0
181789,Sylvanas Windrunner,,,,1,7,0,0,102134,0,0,0,1,1,1,1,0,0,0
181799,Sylvanas Windrunner,,,,1,7,0,0,102133,0,0,0,1,1,1,1,0,0,0
181814,General Draven,,,,0,7,0,0,104814,0,0,0,1,1,1,1,174639,0,0
181842,Dematerializing Worldeater,,,,1,15,0,0,101924,0,0,0,1,1,1,1,0,0,0
181843,Warped Mastermind,,,,1,15,0,0,101977,0,0,0,1,1,1,1,0,0,0
181844,Engorged Mite,,,,0,15,0,3,101922,0,0,0,1,1,1,1,0,0,0
181845,Unstable Geomental,,,,0,4,0,0,98822,0,0,0,1,1,1,1,0,0,0
181846,Vespoid Drone,,,,0,1,0,3,98861,0,0,0,1,1,1,1,0,0,0
181847,Warped Pack Hunter,,,,0,15,0,0,101919,0,0,0,1,1,1,1,0,0,0
181848,Warped Orb Smasher,,,,0,15,0,0,101914,0,0,0,1,1,1,1,0,0,0
181872,Pelagos,,,,0,7,0,0,97681,0,0,0,1,1,1,1,0,0,0
181883,Highlord Darion Mograine,,Horseman of the Ebon Blade,,1,7,0,0,27153,0,0,0,1,1,1,1,40276,40276,0
181886,Mawsworn Ruiner,,,,0,7,0,0,98527,0,0,0,1,1,1,1,0,0,0
181889,Mawsworn Herald,,,,0,7,0,3,96828,0,0,0,1,1,1,1,138829,0,0
181890,Mawsworn Siphoner,,,,0,7,0,0,92779,0,0,0,1,1,1,1,179725,0,0
181891,Mawsworn Hulk,,,,1,5,0,0,102159,0,0,0,1,1,1,1,0,0,0
181893,Accelerated Helicid,,,,0,1,292,0,98846,0,0,0,1,1,1,1,0,0,0
181894,Overgrown Protector,,,,0,9,0,0,101056,0,0,0,1,1,1,1,185583,0,0
181896,Outmoded Servitor,,,,0,9,0,0,101057,0,0,0,1,1,1,1,185583,0,0
181897,Overgrown Constructor,,,,0,9,0,0,98792,0,0,0,1,1,1,1,0,0,0
181898,Carnivorous Overgrowth,,,,0,15,0,0,80463,0,0,0,1,1,1,1,0,0,0
181903,Portal to Oribos,,,,0,10,0,0,46003,41199,0,0,0,1,1,1,0,0,0
181931,Pelagos,,,,0,7,0,0,97681,0,0,0,1,1,1,1,0,0,0
181932,Automa Sentry,,,,0,9,0,0,101052,101122,0,0,1,1,1,1,0,0,0
181939,Automa Servitor,,,,0,9,0,0,100128,100996,101005,0,1,1,1,1,0,0,0
181942,Chrysalis Shaper,,,,0,9,0,0,98788,98791,0,0,1,0,1,1,0,0,0
181947,The Stonewright,,Harvester of Wrath,,1,7,0,0,104819,0,0,0,1,1,1,1,0,0,0
181948,Highlord Bolvar Fordragon,,Knights of the Ebon Blade,,1,7,0,0,105586,0,0,0,1,1,1,1,177838,0,0
181949,Empty Vessel,,,,0,9,0,0,102192,0,0,0,1,1,1,1,0,0,0
181966,Mawsworn Invader,,,,0,7,0,0,92411,0,0,0,1,1,1,1,179726,0,0
181969,General Draven,,,,0,7,0,0,104814,0,0,0,1,1,1,1,174639,0,0
182004,Sharpeye Collector,,,,0,1,26,0,98816,98818,0,0,1,1,1,1,0,0,0
182016,Venomous Bufonid,,,,0,8,0,0,103757,0,0,0,1,1,1,1,0,0,0
182019,Venomous Bufonid,,,,0,14,0,0,103757,0,0,0,1,1,1,1,0,0,0
182033,Hunt-Captain Korayn,,,,0,7,0,0,95248,0,0,0,1,1,1,1,180024,0,176024
182080,Progenitor Bot,,,,0,7,0,0,102000,0,0,0,1,1,1,1,0,0,0
182081,Archetype of Serenity,,,,0,12,0,0,103758,0,0,0,1,1,1,1,0,0,0
182140,Trub'ul,,,,0,12,0,0,103091,0,0,0,1,1,1,1,0,0,0
182151,Saezurah,,,,1,9,0,3,102301,0,0,0,1,1,1,1,0,0,0
182153,Firim,,,,0,9,0,0,100915,0,0,0,1,1,1,1,0,0,0
182170,Dracthyr Talon,,<TEMP MODEL>,,0,7,0,0,102136,0,0,0,1,1,1,1,0,0,0
182171,Kleia,,,,0,7,0,0,97487,0,0,0,1,1,1,1,171132,0,0
182182,Oracle Voraxxi,,,,1,7,0,3,103099,0,0,0,1,1,1,1,185379,0,0
182183,Archetype of Multiplicity,,,,0,12,0,0,100376,0,0,0,1,1,1,1,0,0,0
182184,Creche Seal,,,,0,10,0,0,94431,0,0,0,1,1,1,1,0,0,0
182188,Secutor Mevix,,,,1,7,0,0,96754,0,0,0,1,1,1,1,176543,176718,0
182192,Hunt-Captain Korayn,,,,0,7,0,0,95248,0,0,0,1,1,1,1,180024,0,176024
182200,Progenitor Snake,,[BESTIARY CREATURE - CHANGE ME],,0,14,0,0,101997,0,0,0,1,1,1,1,0,0,0
182201,Mawsworn Darkcaster,,,,0,7,0,0,94392,0,0,0,1,1,1,1,0,0,0
182216,Vicious Leporid,,,,0,14,0,0,100381,100378,0,0,1,1,1,1,0,0,0
182218,Vicious Leporid,,,,0,8,0,0,100381,100378,0,0,1,1,1,1,0,0,0
182234,Timid Leporid,,,,0,14,0,0,100377,100379,0,0,1,1,1,1,0,0,0
182244,Hunt-Captain Korayn,,,,0,7,0,0,95248,0,0,0,1,1,1,1,180024,0,176024
182245,Timid Leporid,,,,0,8,0,0,100377,100379,0,0,1,1,1,1,0,0,0
182248,Dimensional Anchor,,,,0,11,0,0,11686,0,0,0,1,1,1,1,0,0,0
182255,Sylvari Ranger,,,,0,7,0,0,97355,97600,97598,95771,1,1,1,1,179503,0,176022
182257,Vilo,,Enlightened Quartermaster,,0,7,0,0,101775,0,0,0,1,1,1,1,0,0,0
182259,Proto Avian Fledgling,,,,0,8,0,3,105557,105558,0,0,1,1,1,1,0,0,0
182260,Proto Avian Fledgling,,,,0,14,0,3,105557,105558,0,0,1,1,1,1,0,0,0
182264,Archetype of Metamorphosis,,,,0,12,0,0,100452,0,0,0,1,1,1,1,0,0,0
182265,Undying Commander,,,,1,6,0,0,95379,95966,0,0,1,1,1,1,176549,0,0
182266,Sinfall Warrior,,,,0,7,0,0,96747,94616,94024,94015,1,1,1,1,0,0,0
182267,Grove Hunter,,,,0,7,0,0,95866,95880,95747,95742,1,1,1,1,180024,0,0
182268,Undying Blademaster,,,,0,6,0,0,96060,96196,96210,0,1,1,1,1,176549,0,0
182274,Scalecommander Azurathel,,Obsidian Warders,,0,7,0,0,102032,0,0,0,1,1,1,1,0,0,0
182283,Droman Aliothe,,Court of Night,,1,7,0,0,102021,0,0,0,1,1,1,1,0,0,0
182294,Scarlet Proto Avian,,,,0,14,0,3,105568,0,0,0,1,1,1,1,0,0,0
182295,Scarlet Proto Avian,,,,0,8,0,3,105568,0,0,0,1,1,1,1,0,0,0
182318,General Zarathura,,Army of the Endless,,2,3,0,0,100980,0,0,0,1,1,1,1,138757,0,0
182339,Zovaal,,The Jailer,,1,7,0,0,100456,0,0,0,1,1,1,1,185504,0,0
182340,Anduin Wrynn,,PHASED NPC,,1,7,0,0,99092,0,0,0,1,1,1,1,183938,0,0
182346,Tamra,,,,0,7,0,0,103135,0,0,0,1,1,1,1,0,0,0
182347,E'rnee,,,,0,1,0,0,105201,0,0,0,1,1,1,1,0,0,0
182349,Injured Talon,,The Healing Wings,,0,7,0,0,104834,104835,104836,104837,1,1,1,1,0,0,0
182355,Basal Raptora,,,,0,1,26,3,98828,98829,0,0,1,1,1,1,0,0,0
182361,Automa Forge,,,,0,10,0,0,103521,0,0,0,1,1,1,1,0,0,0
182393,Archetype of Predation,,,,0,12,0,0,104061,0,0,0,1,1,1,1,0,0,0
182437,Tarachnid Stalker,,,,0,14,0,0,104058,104059,0,0,1,1,1,1,0,0,0
182438,Tarachnid Stalker,,,,0,8,0,0,104015,104016,0,0,1,1,1,1,0,0,0
182473,Tarachnid Ambusher,,,,0,14,0,0,104063,0,0,0,1,1,1,1,0,0,0
182474,Tarachnid Ambusher,,,,0,8,0,0,104062,0,0,0,1,1,1,1,0,0,0
182488,Windscourge Dragon,,,,1,2,26,3,105198,0,0,0,1,1,1,1,0,0,0
182492,Raszageth,,The Storm-Eater,,1,2,0,3,103255,0,0,0,1,1,1,1,0,0,0
182504,Archetype of Survival,,,,0,12,0,0,104587,0,0,0,1,1,1,1,0,0,0
182568,Metallic Scarabid,,,,0,14,0,0,100375,104583,104586,0,1,1,1,1,0,0,0
182569,Metallic Scarabid,,,,0,8,0,0,104586,100375,104583,0,1,1,1,1,0,0,0
182589,Injured Blademaster,,,,0,7,0,0,96060,96196,96210,0,1,1,1,1,176549,0,0
182596,Injured Aspirant,,,,0,7,0,0,94108,99348,99290,99229,1,1,1,1,0,0,0
182611,Scalecommander Sarkareth,,The Ebon Scales,,1,7,0,0,104904,0,0,0,1,1,1,1,0,0,0
182617,Prime Bladeguard,,,,0,7,0,0,95968,0,0,0,1,1,1,1,178918,176724,0
182618,Prime Bladeguard,,,,0,7,0,0,95395,0,0,0,1,1,1,1,176551,0,0
182619,Prime Gatecrasher,,,,1,6,0,0,96292,0,0,0,2,1,1,1,0,0,0
182620,Sylvari Protector,,,,0,7,0,0,95908,0,0,0,1,1,1,1,178660,178660,0
182621,Grove Guardian,,,,0,4,0,0,95679,0,0,0,1,1,1,1,0,0,0
182622,Vorkai Guardian,,,,0,7,0,0,95254,0,0,0,1,1,1,1,175987,0,180074
182626,Sinfall Guarantor,,,,0,7,0,0,96175,0,0,0,1,1,1,1,175849,0,0
182628,Stoneborn Legionnaire,,,,1,7,0,3,97039,0,0,0,1,1,1,1,0,0,0
182629,Peerless Eye,,,,0,7,0,0,96597,0,0,0,1,1,1,1,32841,0,0
182631,Anima Wyrm,,,,0,10,0,0,94449,0,0,0,1,1,1,1,0,0,0
182632,Hunt-Captain Korayn,,,,0,7,0,0,95248,0,0,0,1,1,1,1,180024,0,176024
182638,Stoneborn Legionnaire,,,,1,7,0,3,97039,0,0,0,1,1,1,1,0,0,0
182650,Vorkai Guardian,,,,0,7,0,0,95254,0,0,0,1,1,1,1,175987,0,180074
182651,Sylvari Protector,,The Wild Hunt,,0,7,0,0,95908,0,0,0,1,1,1,1,178660,178660,0
182654,Prime Gatecrasher,,,,1,6,0,0,96292,0,0,0,2,1,1,1,0,0,0
182655,Peerless Eye,,,,0,7,0,0,96597,0,0,0,1,1,1,1,32841,0,0
182676,Nathrezim Infiltrator,,,,0,3,0,0,103962,0,0,0,1,1,1,1,0,0,0
182687,Attendant Functionary,,,,0,3,0,0,105535,0,0,0,1,1,1,1,0,0,0
182691,Emerald Scarabid,,,,0,14,0,0,104584,0,0,0,1,1,1,1,0,0,0
182692,Emerald Scarabid,,,,0,8,0,0,104584,0,0,0,1,1,1,1,0,0,0
182712,Baine Bloodhoof,,High Chieftain,,1,7,0,0,81646,0,0,0,1,1,1,1,0,0,0
182725,Shikaar Preyseeker,,,,0,7,0,0,104114,104115,0,0,1,1,1,1,0,0,198358
182727,Shikaar Beastmaster,,,,0,7,0,0,104154,104155,0,0,1,1,1,1,198363,0,0
182735,Archetype of Cunning,,,,0,12,0,0,101994,0,0,0,1,1,1,1,0,0,0
182758,Red Viperid,,,,0,14,0,0,101998,101992,0,0,1,1,1,1,0,0,0
182759,Red Viperid,,,,0,8,0,0,101998,101992,0,0,1,1,1,1,0,0,0
182760,King Viperid,,,,0,14,0,0,101988,0,0,0,1,1,1,1,0,0,0
182761,King Viperid,,,,0,8,0,0,101988,0,0,0,1,1,1,1,0,0,0
182764,Highlord Darion Mograine,,Horseman of the Ebon Blade,,1,7,0,0,27153,0,0,0,1,1,1,1,40276,40276,0
182765,Kleia,,,,0,7,0,3,97487,0,0,0,1,1,1,1,171132,0,0
182766,Pelagos,,,,0,7,0,0,97681,0,0,0,1,1,1,1,0,0,0
182768,Green Viperid,,,,0,14,0,0,101990,101996,0,0,1,1,1,1,0,0,0
182769,Green Viperid,,,,0,8,0,0,101990,101996,0,0,1,1,1,1,0,0,0
182773,Black Skeletal Warhorse,,,,0,6,0,0,70481,0,0,0,1,1,1,1,0,0,0
182775,Shrieker,,,,0,12,0,0,10723,0,0,0,1,1,1,1,0,0,0
182800,Ring,,,,0,10,0,3,21955,110503,0,0,0,1,1,1,0,0,0
182802,Ring,,,,0,10,0,3,21955,110503,0,0,0,1,1,1,0,0,0
182803,Ring,,,,0,10,0,3,21955,110503,0,0,0,1,1,1,0,0,0
182840,Archetype of Malice,,,,0,12,0,3,105485,0,0,0,1,1,1,1,0,0,0
182847,Target,,,,0,10,0,3,21955,23767,0,0,0,1,1,1,0,0,0
182861,Ring,,,,0,10,0,3,21955,110503,0,0,0,1,1,1,0,0,0
182862,Ring,,,,0,10,0,3,21955,110503,0,0,0,1,1,1,0,0,0
182865,Ring,,,,0,10,0,3,21955,110503,0,0,0,1,1,1,0,0,0
182866,Ring,,,,0,10,0,3,21955,23767,0,0,0,1,1,1,0,0,0
182867,Ring,,,,0,10,0,3,21955,23767,0,0,0,1,1,1,0,0,0
182868,Ring,,,,0,10,0,3,21955,23767,0,0,0,1,1,1,0,0,0
182869,Ring,,,,0,10,0,3,21955,110503,0,0,0,1,1,1,0,0,0
182876,Bloodsucker Vespoid,,,,0,14,0,3,100558,105486,105488,0,1,1,1,1,0,0,0
182877,Bloodsucker Vespoid,,,,0,8,0,3,100558,105486,105488,0,1,1,1,1,0,0,0
182878,Uther the Lightbringer,,,,0,7,0,0,105509,0,0,0,1,1,1,1,173369,0,0
183142,Vombata Pup,,,,0,14,0,0,104972,0,0,0,1,1,1,1,0,0,0
183143,Vombata Pup,,,,0,8,0,0,104965,0,0,0,1,1,1,1,0,0,0
183150,Winged Soul Eater,,,,0,1,0,0,97308,0,0,0,1,1,1,1,0,0,0
183158,Momma Vombata,,,,0,14,0,0,104977,0,0,0,1,1,1,1,0,0,0
183159,Momma Vombata,,,,0,8,0,0,104978,0,0,0,1,1,1,1,0,0,0
183202,Mawsworn Warden,,,,1,7,0,3,104594,94392,0,0,1,1,1,1,179726,0,0
183203,Mawsworn Deathguard,,,,0,7,0,3,92418,0,0,0,1,1,1,1,188747,0,0
183206,Winged Soul Eater,,,,1,1,0,3,97315,0,0,0,1,1,1,1,0,0,0
183230,Mawtouched Geomental,,,,0,14,0,0,105572,0,0,0,1,1,1,1,0,0,0
183231,Mawtouched Geomental,,,,0,8,0,0,105572,0,0,0,1,1,1,1,0,0,0
183261,Pelagos,,,,0,7,0,0,97681,0,0,0,1,1,1,1,0,0,0
183270,Ambystan Snapper,,,,0,8,0,0,100453,0,0,0,1,1,1,1,0,0,0
183275,Protoform Forge,,,,0,10,0,0,103521,0,0,0,1,1,1,1,0,0,0
183276,Protoform Forge,,,,0,10,0,0,103521,0,0,0,1,1,1,1,0,0,0
183277,Ambystan Snapper,,,,0,14,0,0,100453,0,0,0,1,1,1,1,0,0,0
183281,Aurelid Floater,,,,0,14,0,2,104734,0,0,0,1,1,1,1,0,0,0
183282,Aurelid Floater,,,,0,8,0,2,104734,0,0,0,1,1,1,1,0,0,0
183285,Enraged Poultrid,,,,0,14,0,0,101987,0,0,0,1,1,1,1,0,0,0
183286,Enraged Poultrid,,,,0,8,0,0,101987,0,0,0,1,1,1,1,0,0,0
183292,Predatory Helicid,,,,0,14,0,0,105579,0,0,0,1,1,1,1,0,0,0
183293,Predatory Helicid,,,,0,8,0,0,105579,0,0,0,1,1,1,1,0,0,0
183360,[PH] Aucodah - IGC,,,,1,9,0,0,98800,0,0,0,1,1,1,1,0,0,0
183395,Zovaal,,The Jailer,,1,7,0,0,100456,0,0,0,1,1,1,1,185504,0,0
183455,Huntress Laikeer,,,,0,7,0,0,95256,0,0,0,1,1,1,1,180024,0,0
183458,Ava'zer,,,,0,7,0,0,96861,0,0,0,1,1,1,1,0,0,0
183465,Alonis,,,,0,7,0,0,95158,0,0,0,1,1,1,1,0,0,0
183517,Boulder,,,,0,10,0,2,69306,0,0,0,1,1,1,1,0,0,0
183527,General Draven,,,,0,7,0,0,104814,0,0,0,1,1,1,1,174639,0,0
183547,Obsidian Warder,,,,0,7,0,0,104843,104844,104845,104846,1,1,1,1,0,0,0
183549,Dark Talon,,,,0,7,0,0,104839,104840,104841,104842,1,1,1,1,0,0,0
183550,Ebon Scale,,,,0,7,0,0,104727,104726,104831,104833,1,1,1,1,0,0,0
183551,Talon Mender,,The Healing Wings,,0,7,0,0,104834,104835,104836,104836,1,1,1,1,0,0,0
183552,Senegos,,,,1,2,0,0,66481,0,0,0,1,1,1,1,0,0,0
183555,Emmigosa,,,,0,2,0,0,108192,0,0,0,1,1,1,1,0,0,0
183556,Archmage Khadgar,,,,1,7,0,0,107041,0,0,0,1,1,1,1,23998,0,0
183557,Archetype of Satisfaction,,,,0,12,0,0,101984,0,0,0,1,1,1,1,0,0,0
183560,Mysterious Automa,,,,0,9,0,0,102001,0,0,0,1,1,1,1,0,0,0
183561,Firim,,,,0,7,0,0,100915,0,0,0,1,1,1,1,0,0,0
183564,Saezurah,,,,1,9,0,0,98800,0,0,0,1,1,1,1,0,0,0
183567,Ancient Primalist,,,,0,7,0,0,102970,102969,102958,102957,1,1,1,1,0,0,0
183568,Ancient Giant,,,,0,5,0,0,100214,0,0,0,1,1,1,1,0,0,0
183570,Ancient Proto-Dragon,,,,1,2,0,3,103252,0,0,0,1,1,1,1,0,0,0
183576,Vorquin Foal,,,,6,2,0,0,106707,0,0,0,1,1,1,1,0,0,0
183607,Knight of the Ebon Blade,,,,1,7,0,0,96328,0,0,0,1,1,1,1,117049,0,0
183608,Knight of the Ebon Blade,,,,1,7,0,0,96327,0,0,0,1,1,1,1,117049,0,0
183623,Vorquin Foal,,,,6,2,0,0,106707,0,0,0,1,1,1,1,0,0,0
183638,Ichabod,,,,0,12,0,0,104773,0,0,0,1,1,1,1,0,0,0
183639,Watchful Servitor,,,,0,9,0,0,101049,0,0,0,1,1,1,1,0,0,0
183640,Nadjia the Mistblade,,,,0,7,0,0,93210,0,0,0,1,1,1,1,175847,0,0
183644,Tactician Sakaa,,,,0,7,0,0,95536,0,0,0,1,1,1,1,0,0,0
183664,Lady Jaina Proudmoore,,,,1,7,0,0,104817,0,0,0,1,1,1,1,153575,0,0
183665,Uther the Lightbringer,,,,1,7,0,0,105509,0,0,0,1,1,1,1,173369,0,0
183666,Sylvanas Windrunner,,,,1,7,0,0,102134,0,0,0,1,1,1,1,0,0,42775
183676,Sylvanas Windrunner,,,,1,7,0,0,102133,0,0,0,1,1,1,1,0,0,0
183677,Uther the Lightbringer,,,,0,7,0,0,105509,0,0,0,1,1,1,1,173369,0,0
183685,Pocopoc,,Saezurah's Minion,,0,9,0,0,102001,0,0,0,1,1,1,1,0,0,0
183686,Pippin,,,,0,12,0,0,104794,0,0,0,1,1,1,1,0,0,0
183708,Egbob,,,,0,12,0,0,104798,0,0,0,1,1,1,1,0,0,0
183711,Arbiter Pelagos,,,,1,7,0,0,104788,0,0,0,1,1,1,1,0,0,0
183712,Kleia,,,,0,7,0,3,104815,0,0,0,1,1,1,1,171132,0,0
183714,Graktho the Automa-eater,,,,1,15,0,0,101924,0,0,0,1,1,1,1,0,0,0
183717,Lady Jaina Proudmoore,,,,1,7,0,0,104817,0,0,0,1,1,1,1,153575,0,0
183720,Tal-Inara,,Honored Voice,,0,7,0,0,98194,0,0,0,1,1,1,1,0,0,0
183724,Lady Jaina Proudmoore,,,,1,7,0,0,104817,0,0,0,1,1,1,1,153575,0,0
183741,Sylvanas Windrunner,,,,0,7,0,0,104802,0,0,0,1,1,1,1,0,0,42775
183757,General Scorxia,,,,1,2,0,3,105592,0,0,0,1,1,1,1,0,0,0
183759,Kyrian Avenger,,,,0,7,0,3,93631,93631,0,0,0,0,1,1,176074,176818,0
183761,Scalecommander Azurathel,,Obsidian Warders,,0,7,0,0,102032,0,0,0,1,1,1,1,0,0,0
183766,Dervishian,,Obsidian Warders,,0,7,0,0,102175,102176,0,0,1,0,1,1,0,0,0
183772,Lightless Tormentor,,,,0,12,0,0,98523,0,0,0,1,1,1,1,0,0,0
183794,Mage Talon,,The Ebon Scales,,0,7,0,0,104726,104833,104727,104831,1,1,1,1,0,0,0
183821,Siaszerathel,,The Timewalkers,,0,7,0,0,104861,0,0,0,1,1,1,1,197837,192169,0
183829,Awakening Tarasek,,,,0,2,0,0,109404,0,0,0,1,1,1,1,0,0,0
183830,Arbiter Pelagos,,,,1,7,0,0,104789,0,0,0,1,1,1,1,0,0,0
183831,Great-father Winter,,,,0,7,0,0,13370,0,0,0,100,1,1,1,12856,0,0
183833,The Abominable Greench,,,,1,7,0,0,39021,0,0,0,0,1,1,1,0,0,0
183842,Burrow Stalker,,,,0,10,0,0,1126,11686,0,0,0,1,1,1,0,0,0
183849,Deathwingurlugull,,,,1,2,0,0,109551,0,0,0,1,1,1,1,0,0,0
183851,Alliance Footsoldier,,,,0,7,0,0,73351,0,0,0,1,1,1,1,115802,0,0
183852,Horde Footsoldier,,,,0,7,0,0,73352,0,0,0,1,1,1,1,115802,0,0
183854,Varian Wryngrrlgulgll,,,,0,7,0,0,109679,0,0,0,1,1,1,1,0,0,0
183855,Thrallgrulgulgul,,,,0,7,0,0,109678,0,0,0,1,1,1,1,0,0,0
183856,Murloc You,,,,0,7,0,0,73351,0,0,0,1,1,1,1,0,0,0
183858,Andantenormu,,The Timewalkers,,0,2,0,0,106950,0,0,0,1,1,1,1,0,0,0
183859,Pocopoc,,,,0,9,0,0,102001,0,0,0,1,1,1,1,0,0,0
183860,Soridormi,,,,1,2,0,0,108314,0,0,0,1,1,1,1,0,0,0
183862,Infinite Dragon,,,,1,7,0,0,27813,0,0,0,1,1,1,1,0,0,0
183863,Mogu Overlord,,,,0,7,0,0,42524,43506,40802,41175,1,1,1,1,0,0,0
183864,Pandaren Freedomfighter,,,,0,7,0,0,69004,68999,69005,66082,1,1,1,1,0,0,0
183865,Mogu Overlord,,,,0,7,0,0,103271,0,0,0,1,1,1,1,0,0,0
183866,Stormwind Defender,,,,0,7,0,0,99951,99950,99949,99947,1,1,1,1,0,0,0
183880,Attendant Protector,,Shield of the Arbiter,,1,7,0,0,95660,0,0,0,1,1,1,1,180611,0,0
183882,Venerable Denizen,,,,0,7,0,0,96737,93979,94489,94485,1,1,1,1,0,0,0
183885,Apprentice Ritualist,,,,0,7,0,0,94992,95769,95991,97668,1,1,1,1,0,0,0
183887,Angry Soul,,,,0,7,0,0,97529,97533,97530,97534,1,1,1,1,0,0,0
183922,Stormwind Footsoldier,,,,0,7,0,0,99389,99389,3257,3167,1,1,1,1,4991,0,0
183923,Gnoll Invader,,,,0,7,0,0,103186,103204,103268,103296,1,1,1,1,0,0,0
183937,Skolex,,The Insatiable Ravener,,1,15,0,0,101983,0,0,0,1,1,1,1,0,0,0
183938,Mawsworn Val'kyr,,,,0,7,0,3,94399,0,0,0,1,1,1,1,179726,0,0
183939,Primal Fire Elemental,,,,0,4,0,0,102504,0,0,0,1,1,1,1,0,0,0
183940,Silithid Ravager,,,,0,4,0,0,109593,109594,0,0,1,1,1,1,0,0,0
183941,Ragnaros,,,,1,4,0,0,38630,0,0,0,0,1,1,1,17182,0,0
183942,Primal Water Elemental,,,,0,4,0,0,102376,0,0,0,1,1,1,1,0,0,0
183943,Primal Earth Elemental,,,,0,4,0,0,102508,0,0,0,1,1,1,1,0,0,0
183944,Therazane,,,,1,4,0,0,69270,0,0,0,0,1,1,1,0,0,0
183955,Your Shadow,,,,0,15,0,0,93157,0,0,0,1,1,1,1,0,0,0
183960,Dervishian,,Obsidian Warders,,0,7,0,0,102175,102176,0,0,1,0,1,1,194888,0,0
183979,Zip Line Camp,,,,0,10,0,0,102020,0,0,0,1,1,1,1,0,0,0
183982,Zip Line Anchor,,,,0,10,0,0,104865,104866,0,0,1,0,1,1,0,0,0
183994,Kaldorei Starcaller,,,,0,7,0,0,92852,92853,92854,92855,1,1,1,1,162986,0,0
184000,Pelagos,,,,0,7,0,0,97681,0,0,0,1,1,1,1,0,0,0
184008,Captive Wyrmtongue,,,,0,3,0,0,104895,0,0,0,1,1,1,1,0,0,0
184035,Elder Ara,,,,0,7,0,0,104562,0,0,0,1,1,1,1,0,0,0
184066,Death Sentence Stalker,,,,6,10,0,3,92725,0,0,0,1,1,1,1,0,0,0
184088,Genn Greymane,,King of Gilneas,,1,7,0,0,62093,0,0,0,1,1,1,1,0,0,0
184095,Taelia Fordragon,,,,0,7,0,0,104818,0,0,0,1,1,1,1,166781,0,0
184097,Vereesa Windrunner,,Ranger-General of the Silver Covenant,,1,7,0,0,28222,0,0,0,1,1,1,1,0,0,42140
184099,Thrall,,,,1,7,0,0,104820,0,0,0,1,1,1,1,168268,0,0
184112,Calia Menethil,,,,0,7,0,0,92900,0,0,0,1,1,1,1,0,0,0
184116,Trapdoor Controller,,,,6,10,0,3,92725,104903,0,0,1,0,1,1,0,0,0
184129,The Primus,,,,1,7,0,0,99095,0,0,0,1,1,1,1,0,185955,0
184152,Bluefeather Hatchling,,,,0,1,26,0,68923,0,0,0,1,1,1,1,0,0,0
184183,Ambystan Darter,,,,0,12,0,0,100454,0,0,0,1,1,1,1,0,0,0
184184,Fierce Scarabid,,,,0,12,0,0,104582,0,0,0,1,1,1,1,0,0,0
184186,Archetype of Renewal,,,,0,12,0,2,104730,0,0,0,1,1,1,1,0,0,0
184187,Archetype of Vigilance,,,,0,12,0,0,105577,0,0,0,1,1,1,1,0,0,0
184189,Violent Poultrid,,,,0,12,0,0,101985,0,0,0,1,1,1,1,0,0,0
184190,Multichicken,,,,0,12,0,0,101986,0,0,0,1,1,1,1,0,0,0
184191,Stabilized Geomental,,,,0,12,0,0,105571,0,0,0,1,1,1,1,0,0,0
184192,Terror Jelly,,,,0,12,0,0,104733,0,0,0,1,1,1,1,0,0,0
184193,Prototickles,,,,0,12,0,0,104732,0,0,0,1,1,1,1,0,0,0
184194,Leaping Leporid,,,,0,12,0,0,100380,0,0,0,1,1,1,1,0,0,0
184195,Microlicid,,,,0,12,0,0,105581,0,0,0,1,1,1,1,0,0,0
184196,Shelly,,,,0,12,0,0,105580,0,0,0,1,1,1,1,0,0,0
184197,Viperid Menace,,,,0,12,0,0,101993,0,0,0,1,1,1,1,0,0,0
184205,Oracle,,,,1,9,0,0,98800,0,0,0,1,1,1,1,0,0,0
184206,Malicious Imp,,,,6,3,0,0,18038,0,0,0,1,1,1,1,0,0,0
184221,Elder Kreth,,,,0,7,0,0,104867,0,0,0,1,1,1,1,185491,0,0
184222,Elder Ara,,,,0,7,0,0,104562,0,0,0,1,1,1,1,0,0,0
184223,Elder Zoor,,,,0,7,0,0,104868,0,0,0,1,1,1,1,0,0,0
184227,Mawsworn Deadeye,,,,0,7,0,0,92413,0,0,0,1,1,1,1,109042,0,179729
184228,Mawsworn Charger,,,,0,7,0,0,92410,0,0,0,1,1,1,1,179726,0,0
184229,Mawsworn Binder,,,,0,7,0,0,92779,0,0,0,1,1,1,1,179725,0,0
184230,Anima Seeker,,,,6,1,52,0,92628,0,0,0,1,1,1,1,0,0,0
184231,Sylvanas Windrunner,,,,0,7,0,0,102134,0,0,0,1,1,1,1,0,0,0
184232,Anduin Wrynn,,,,0,7,0,0,82047,0,0,0,1,1,1,1,0,0,0
184233,Mawsworn Purger,,,,1,5,0,0,98535,0,0,0,1,1,1,1,0,0,0
184234,Maiev Shadowsong,,,,1,7,0,0,89313,0,0,0,1,1,1,1,32425,0,32740
184246,Bloated Mite,,,,0,15,0,3,101922,0,0,0,1,1,1,1,0,0,0
184247,Bloated Hunter,,,,0,15,0,0,101919,0,0,0,1,1,1,1,0,0,0
184273,Lord Herne,,The Wild Hunt,,1,7,0,0,95245,0,0,0,1,1,1,1,180024,0,0
184274,Nadjia the Mistblade,,,,1,7,0,0,93210,0,0,0,1,1,1,1,175847,0,0
184275,Prince Renathal,,,,1,7,0,0,94910,0,0,0,1,1,1,1,0,0,0
184276,Lady Moonberry,,Court of Night,,1,7,0,0,94286,0,0,0,1,1,1,1,0,0,0
184277,Baroness Vashj,,Matron of Spies,,1,7,0,0,96138,0,0,0,1,1,1,1,0,0,156712
184278,Dori'thur,,Tyrande's Companion,,1,1,46,3,90230,0,0,0,1,1,1,1,0,0,0
184283,Scalecommander Cindrethresh,,Dark Talons,,0,7,0,0,102033,0,0,0,1,1,1,1,0,0,0
184285,Gnomelia Gearheart,,S.A.F.E. Pilot,,0,12,0,0,105003,0,0,0,1,1,1,1,0,0,0
184292,Heart of the Aspects,,,,0,1,0,0,40029,0,0,0,0,1,1,1,0,0,0
184293,Sylverian Dreamer,,,,0,1,0,0,90396,0,0,0,1,1,1,1,0,0,0
184294,Steamscale Incinerator,,,,0,1,0,0,96554,0,0,0,1,1,1,1,0,0,0
184295,Brusier Gor,,,,4,7,0,0,86425,0,0,0,1,1,1,1,41185,37681,0
184299,Vikthrus Crafting Area,,,,0,10,0,0,102006,0,0,0,1,1,1,1,0,0,0
184308,Scalecommander Sarkareth,,The Ebon Scales,,1,7,0,0,104904,0,0,0,1,1,1,1,0,0,0
184309,Scalecommander Azurathel,,Obsidian Warders,,0,7,0,0,102032,0,0,0,1,1,1,1,0,0,0
184310,Scalecommander Viridia,,The Healing Wings,,1,7,0,0,104555,0,0,0,1,1,1,1,0,0,0
184313,Cervid Grazer,,,,0,1,151,0,100976,0,0,0,1,1,1,1,0,0,0
184316,Timid Leporid,,,,0,8,0,0,100379,0,0,0,1,1,1,1,0,0,0
184321,Guardian Centurion,,,,0,9,0,0,92191,0,0,0,1,1,1,1,0,0,0
184322,Injured Aspirant,,,,0,9,0,0,99248,0,0,0,1,1,1,1,0,0,0
184374,Umbrastrasz,,,,0,7,0,0,105018,0,0,0,1,1,1,1,0,0,0
184381,General Draven,,,,0,7,0,3,104814,0,0,0,1,1,1,1,174639,0,0
184405,Honored Aspirant,,,,0,7,0,0,94108,99348,99290,99229,1,1,1,1,0,0,0
184406,Enlightened Pilgrim,,,,0,7,0,0,100731,105241,105242,105243,1,1,1,1,0,0,0
184417,Dreadlord Infiltrator,,,,0,3,0,0,100797,100798,0,0,1,1,1,1,0,0,0
184420,Azuresworn Drakonid,,,,0,2,0,0,105787,105788,0,0,1,1,1,1,192519,0,0
184423,Latif,,,,0,7,0,0,102043,0,0,0,1,1,1,1,0,0,0
184427,Mysterious Core,,,,1,9,0,0,105152,0,0,0,1,1,1,1,0,0,0
184428,Neltharion,,,,1,2,0,0,105639,0,0,0,0,1,1,1,0,0,0
184458,Elder Ara,,,,0,7,0,0,104562,0,0,0,1,1,1,1,0,0,0
184460,Taelia Fordragon,,,,0,7,0,0,104818,0,0,0,1,1,1,1,166781,0,0
184468,Latif,,,,0,7,0,0,102043,0,0,0,1,1,1,1,0,0,0
184473,Dervishian,,Obsidian Warders,,0,7,0,0,102175,102176,0,0,1,0,1,1,0,0,0
184476,Neltharion,,,,1,2,0,0,21063,0,0,0,0,1,1,1,0,0,0
184477,Proto-dragon,,,,1,2,0,3,104142,0,0,0,1,1,1,1,0,0,0
184486,Tamra,,,,0,7,0,0,103135,0,0,0,1,1,1,1,0,0,0
184487,E'rnee,,,,0,1,0,0,100453,0,0,0,1,1,1,1,0,0,0
184488,E'rnee,,,,0,1,0,0,105200,0,0,0,1,1,1,1,0,0,0
184492,The Oracle,,,,1,9,0,0,103099,0,0,0,1,1,1,1,0,0,0
184529,Dausegne - IGC,,The Fallen Oracle,,1,9,0,0,101913,0,0,0,1,1,1,1,0,0,0
184531,Cosmic Core,,,,0,10,0,0,1126,11686,0,0,0,1,1,1,0,0,0
184536,The Oathmaker,,,,1,10,0,3,39449,21342,0,0,0,1,1,1,0,0,0
184575,Background,,,,0,10,0,0,105103,0,0,0,1,1,1,1,0,0,0
184589,Firim,,,,0,7,0,0,100915,0,0,0,1,1,1,1,185331,0,0
184593,E'rnee,,,,0,1,0,0,105121,0,0,0,1,1,1,1,0,0,0
184594,Curious Bufonid,,,,0,1,0,0,105126,0,0,0,1,1,1,1,0,0,0
184595,Ohn Seshteng,,,,0,7,0,0,105127,0,0,0,1,1,1,1,187992,0,0
184597,Lady Jaina Proudmoore,,,,1,7,0,0,80015,0,0,0,1,1,1,1,153575,0,0
184599,Thrall,,,,1,7,0,0,100684,0,0,0,1,1,1,1,168268,0,0
184600,Incubus,,,,0,3,302,0,77396,0,0,0,1,1,1,1,190185,0,0
184601,Highlord Bolvar Fordragon,,Knights of the Ebon Blade,,1,7,0,0,95194,0,0,0,1,1,1,1,177838,0,0
184602,Concubus,,,,0,3,17,0,105009,0,0,0,1,1,1,1,0,0,0
184605,Sylvanas Windrunner,,,,1,7,0,0,102134,0,0,0,1,1,1,1,0,0,0
184631,Lilian Voss,,,,1,7,0,0,85799,0,0,0,1,1,1,1,160500,160501,0
184656,Loyal Bakar,,,,0,1,52,0,101603,101602,0,0,1,1,1,1,0,0,0
184657,Shikaar Hunter,,,,0,7,0,0,103855,103856,108412,108413,1,1,1,1,0,0,198358
184688,Sindragosa,,,,1,2,0,0,104535,38398,0,0,0,1,1,1,0,0,0
184689,Malygos,,The Spell-Weaver,,1,2,0,0,26761,0,0,0,1,1,1,1,0,0,0
184698,Highlord Bolvar Fordragon,,Knights of the Ebon Blade,,1,7,0,0,95194,0,0,0,1,1,1,1,177838,0,0
184714,Lady Jaina Proudmoore,,,,1,7,0,0,104817,0,0,0,1,1,1,1,153575,0,0
184722,Baine Bloodhoof,,High Chieftain,,1,7,0,0,81646,0,0,0,1,1,1,1,0,0,0
184726,Highlord Darion Mograine,,Horseman of the Ebon Blade,,1,7,0,0,27153,0,0,0,1,1,1,1,40276,40276,0
184727,Shandris Feathermoon,,General of the Sentinel Army,,1,7,0,0,86964,0,0,0,1,1,1,1,45078,0,55048
184743,Onlooker,,,,0,7,0,0,94504,94506,94507,94508,1,1,1,1,0,0,0
184744,Stoneborn Legionnaire,,,,1,7,0,3,97039,0,0,0,1,1,1,1,0,0,0
184745,Spell Bunny,,,,0,10,0,3,1126,11686,0,0,0,1,1,1,0,0,0
184765,Ebyssian,,,,1,2,0,3,63690,105532,0,0,0,1,1,1,0,0,0
184766,Wrathion,,The Black Prince,,1,2,0,0,107146,107945,0,0,0,1,1,1,0,0,0
184794,Protector Captain,,Shield of the Arbiter,,1,7,0,0,97347,0,0,0,1,1,1,1,180610,0,0
184802,Uther the Lightbringer,,,,0,7,0,0,105509,0,0,0,1,1,1,1,173369,0,0
184828,Winged Soul Eater,,,,1,1,0,3,97315,0,0,0,1,1,1,1,0,0,0
184831,Generic Facing Bunny,,,,0,10,0,3,22903,11686,0,0,0,1,1,1,0,0,0
184832,Enlightened Guardian,,,,0,7,0,0,105239,0,0,0,1,1,1,1,185590,0,0
184833,Enlightened Guardian,,,,0,7,0,0,105239,100732,0,0,1,1,1,1,185590,0,0
184839,Tyrande Whisperwind,,The Night Warrior,,1,7,0,0,101941,0,0,0,1,1,1,1,164726,0,0
184850,Mawsworn Warden,,,,1,7,0,3,104594,94392,0,0,1,1,1,1,179726,0,0
184870,Naleidea Rivergleam,,,,0,7,0,0,105169,0,0,0,1,1,1,1,0,0,0
184882,Mawsworn Warden,,,,1,7,0,3,104594,94392,0,0,1,1,1,1,179726,0,0
184884,Mawsworn Warden,,,,1,7,0,3,104594,94392,0,0,1,1,1,1,179726,0,0
184898,Productive Servitor,,,,0,9,0,0,100128,0,0,0,1,1,1,1,0,0,0
184901,Lihuvim,,Principal Architect,,1,9,0,0,105434,0,0,0,1,1,1,1,0,0,0
184923,E'rnee,,,,0,12,0,0,100455,0,0,0,1,1,1,1,0,0,0
184949,Pocopoc,,Saezurah's Minion,,0,9,0,0,102001,0,0,0,1,1,1,1,0,0,0
184955,Empty Vessel,,,,0,9,0,0,102192,0,0,0,1,1,1,1,0,0,0
184971,Tal-Inara,,Honored Voice,,0,7,0,0,98194,0,0,0,1,1,1,1,0,0,0
184978,Onlooker,,,,0,7,0,0,94504,94506,94507,94508,1,1,0.5,0.5,0,0,0
184979,Onlooker,,,,0,7,0,0,94992,95769,95991,97668,1,1,1,1,0,0,0
184980,Onlooker,,,,0,7,0,0,95904,95906,95918,95916,1,1,1,1,0,0,0
184981,Onlooker,,,,0,7,0,0,96737,93979,94489,94485,1,1,1,1,0,0,0
184995,Caravan Wagon,,,,0,10,0,0,108985,0,0,0,1,1,1,1,0,0,0
185090,E'deero,,,,0,8,2,0,98508,0,0,0,1,1,1,1,0,0,0
185145,Uther the Lightbringer,,,,1,7,0,0,105509,0,0,0,1,1,1,1,173369,0,0
185156,Overgrown Bulwark,,,,1,9,0,0,100116,0,0,0,1,1,1,1,0,0,0
185157,Uther,,,,0,7,0,0,105509,0,0,0,1,1,1,1,0,0,0
185167,Sylvanas Windrunner,,,,0,7,0,0,102134,0,0,0,1,1,1,1,0,0,0
185172,Obsidian Warder,,,,0,7,0,0,104843,104844,104845,104846,1,1,1,1,0,0,0
185305,Grimhowl,,,,0,1,52,0,8181,0,0,0,1,1,1,1,0,0,0
185322,Lil' Maka'jin,,,,0,12,0,0,83638,0,0,0,1,1,1,1,0,0,0
185324,Drazka'zet the Wrathful,,,,0,12,0,0,105301,0,0,0,1,1,1,1,0,0,0
185405,Niena Bladeleaf,,,,0,7,0,0,105324,0,0,0,1,1,1,1,171490,0,0
185406,Synthanos Wintersong,,,,0,7,0,0,105325,0,0,0,1,1,1,1,38632,0,0
185411,Raszageth,,The Storm-Eater,,1,2,0,0,103255,0,0,0,1,1,1,1,0,0,0
185419,Ebyssian,,,,1,2,0,3,63690,105532,0,0,0,1,1,1,0,0,0
185421,The Jailer,,,,1,7,0,0,100456,0,0,0,1,1,1,1,185436,0,0
185425,Helpful Workshop Bot,,,,0,12,0,0,105333,0,0,0,1,1,1,1,0,0,0
185431,Ebyssian,,,,1,2,0,3,63690,102299,0,0,0,1,1,1,0,0,0
185437,Neltharion,,The Earth Warder,,1,2,0,0,21063,0,0,0,0,1,1,1,0,0,0
185454,Fishing Shack,,,,0,10,0,0,75120,0,0,0,1,1,1,1,0,0,0
185475,Tezpet,Test Pet,,,0,14,0,0,92261,0,0,0,1,1,1,1,0,0,0
185477,Pocopoc,,,,0,12,0,0,102001,0,0,0,1,1,1,1,0,0,0
185503,Pocopoc,,,,0,10,0,0,1126,11686,0,0,0,1,1,1,0,0,0
185512,Calia Menethil,,,,1,7,0,0,92900,0,0,0,1,1,1,1,0,0,0
185513,Lilian Voss,,,,1,7,0,0,85799,0,0,0,1,1,1,1,160500,160501,0
185514,Dark Ranger Velonara,,,,1,7,0,0,105389,0,0,0,1,1,1,1,45085,45085,166783
185515,Deathstalker Commander Belmont,,,,1,7,0,0,90381,0,0,0,1,1,1,1,57195,57195,0
185516,Master Apothecary Faranell,,,,1,7,0,0,90372,0,0,0,1,1,1,1,2199,3695,0
185518,Lorash,,,,0,7,0,0,90185,0,0,0,1,1,1,1,34449,34449,0
185519,Aelthalyste,,,,0,7,0,0,105390,0,0,0,1,1,1,1,0,0,0
185520,Captain Amalia Stone,,,,0,7,0,0,86073,0,0,0,1,1,1,1,0,0,0
185522,Derek Proudmoore,,,,1,7,0,0,89429,0,0,0,1,1,1,1,0,0,0
185523,Calia Menethil,,,,1,7,0,0,92900,0,0,0,1,1,1,1,0,0,0
185524,Snatched Hatchling,,,,0,1,26,3,68923,0,0,0,1,1,1,1,0,0,0
185541,Enlightened Pilgrim,,,,0,7,0,0,100731,105241,105242,105243,1,1,1,1,0,0,0
185572,Vekkalis,,Junior Assistant Banker,,0,2,0,0,105401,0,0,0,1,1,1,1,0,0,0
185584,Blasphemy,,,,0,3,108,0,110568,0,0,0,1,1,1,1,0,0,0
185586,Lil' Ursoc,,,,0,12,0,0,105408,0,0,0,1,1,1,1,0,0,0
185587,Rafiq,,Relic Seeker,,0,7,0,0,101775,0,0,0,1,1,1,1,0,0,0
185599,Masud the Wise,,,,0,7,0,0,105421,0,0,0,1,1,1,1,0,0,0
185602,Cataloger's Camp,,,,0,10,0,0,102020,0,0,0,1,1,1,1,0,0,0
185603,Glania of the Blessed Ones,,,,0,7,0,0,105422,0,0,0,1,1,1,1,0,0,0
185604,Buzzworth,,,,0,12,0,2,111370,0,0,0,1,1,1,1,0,0,0
185606,Garrlok,,,,0,12,0,0,105423,0,0,0,1,1,1,1,0,0,0
185608,Khuri,,Fishing Trainer,,0,7,0,0,105424,0,0,0,1,1,1,1,0,0,0
185611,Crushhoof,,,,0,12,0,0,105425,0,0,0,1,1,1,1,0,0,0
185613,Grimhowl,,,,0,1,52,0,105428,0,0,0,1,1,1,1,0,0,0
185616,Kalecgos,,Mirror Image,,1,2,0,0,105430,23487,0,0,1,0,1,1,0,0,0
185621,Watcher of the Huntress,,,,0,12,0,3,105429,0,0,0,1,1,1,1,0,0,0
185625,Kalecgos,,,,1,2,0,3,105921,0,0,0,1,1,1,1,0,0,0
185635,RTC Watched - Kill Credit,,,,1,7,0,0,98196,0,0,0,1,1,1,1,0,0,0
185674,Pelagos,,,,0,7,0,0,105457,0,0,0,1,1,1,1,0,0,0
185676,Tyrande Whisperwind,,,,0,7,0,0,105462,0,0,0,1,1,1,1,0,0,0
185679,Sylvanas Windrunner,,,,0,7,0,0,105463,0,0,0,1,1,1,1,0,0,0
185681,Dori'thur,,,,0,7,0,0,105473,0,0,0,1,1,1,1,0,0,0
185682,Kleia,,,,0,7,0,0,105464,0,0,0,1,1,1,1,171132,0,0
185688,Enlightened Pilgrim,,,,0,7,0,0,100731,105241,105242,105243,1,1,1,1,0,0,0
185702,E'ko,,,,0,8,2,0,98508,0,0,0,1,1,1,1,0,0,0
185713,Hadja,,Enlightened Provisioner,,0,7,0,0,105245,0,0,0,1,1,1,1,0,0,0
185750,Spell Bunny,,,,0,10,0,3,1126,11686,0,0,0,1,1,1,0,0,0
185756,Buttercup,,,,0,12,0,0,105497,0,0,0,1,1,1,1,0,0,0
185775,Unstable Arcane Energy,,,,0,4,0,0,97174,0,0,0,1,1,1,1,0,0,0
185792,Dark Ranger Velonara,,,,1,7,0,0,105389,0,0,0,1,1,1,1,45085,45085,166783
185793,Lilian Voss,,,,1,7,0,0,85799,0,0,0,1,1,1,1,160500,160501,0
185794,Master Apothecary Faranell,,,,1,7,0,0,90372,0,0,0,1,1,1,1,2199,3695,0
185797,Calia Menethil,,,,1,7,0,0,92900,0,0,0,1,1,1,1,0,0,0
185801,Lilian Voss,,,,1,7,0,0,85799,0,0,0,1,1,1,1,160500,160501,0
185802,Lilian Voss,,,,1,7,0,0,85799,0,0,0,1,1,1,1,160500,160501,0
185803,Calia Menethil,,,,1,7,0,0,92900,0,0,0,1,1,1,1,0,0,0
185826,Calia Menethil,,,,1,7,0,0,92900,0,0,0,1,1,1,1,0,0,0
185827,Overthrown Artisan,,,,1,9,0,0,101970,0,0,0,1,1,1,1,0,0,0
185829,Lilian Voss,,,,1,7,0,0,85799,0,0,0,1,1,1,1,160500,160501,0
185831,Master Apothecary Faranell,,,,1,7,0,0,90372,0,0,0,1,1,1,1,2199,3695,0
185839,Calia Menethil,,,,1,7,0,0,92900,0,0,0,1,1,1,1,0,0,0
185842,Winged Soul Eater,,,,1,1,0,3,97315,0,0,0,1,1,1,1,0,0,0
185845,Knight of the Ebon Blade,,Forward Scout,,0,7,0,0,96331,0,0,0,1,1,1,1,174488,0,0
185846,Knight of the Ebon Blade,,,,0,7,0,0,96084,96086,96325,96326,1,1,1,1,117049,0,0
185847,Knight of the Ebon Blade,,Forward Scout,,0,7,0,0,96327,0,0,0,1,1,1,1,75223,0,0
185848,Calia Menethil,,,,1,7,0,0,92900,0,0,0,1,1,1,1,0,0,0
185849,Master Apothecary Faranell,,,,1,7,0,0,90372,0,0,0,1,1,1,1,2199,3695,0
185850,Deathstalker Commander Belmont,,,,1,7,0,0,90381,0,0,0,1,1,1,1,57195,57195,0
185851,Dark Ranger Velonara,,,,1,7,0,0,105389,0,0,0,1,1,1,1,45085,45085,166783
185852,Lilian Voss,,,,1,7,0,0,85799,0,0,0,1,1,1,1,160500,160501,0
185857,Sylvanas Windrunner,,,,0,7,0,0,102134,0,0,0,1,1,1,1,0,0,186414
185871,Frosty Woodpecker,,,,0,8,0,3,100834,100836,0,0,1,1,1,1,0,0,0
185876,Containment Field,,,,0,7,0,0,104834,104835,104836,104836,0,0,0,0,0,0,0
185882,Scout Tomul,,,,0,7,0,0,105533,0,0,0,1,1,1,1,0,0,189505
185883,Blazing Proto-Dragon,,,,1,2,0,0,106024,0,0,0,1,1,1,1,0,0,0
185884,Cosmic Core,,,,0,10,0,0,1126,11686,0,0,0,1,1,1,0,0,0
185893,Calia Menethil,,,,1,7,0,0,92900,0,0,0,1,1,1,1,0,0,0
185895,Lilian Voss,,,,1,7,0,0,85799,0,0,0,1,1,1,1,160500,160501,0
185905,Alexstrasza the Life-Binder,,Queen of the Dragons,,1,2,0,0,28227,92146,0,0,1,0,1,1,189547,0,0
185908,Containment Field,,,,0,7,0,0,104834,104835,104836,104836,0,0,0,0,0,0,0
185910,Calia Menethil,,,,1,7,0,0,92900,0,0,0,1,1,1,1,0,0,0
185915,Andantenormu,,The Timewalkers,,0,2,0,0,105538,0,0,0,1,1,1,1,0,0,0
185920,Okir,,Interpreter to the Khan,,0,7,0,0,105539,0,0,0,1,1,1,1,189523,0,0
185950,Dori'thur,,,,0,7,0,0,105473,0,0,0,1,1,1,1,0,0,0
185951,Anduin Wrynn,,,,0,7,0,0,82047,0,0,0,1,1,1,1,0,0,0
186051,Koresath,,,,0,2,0,0,105565,0,0,0,1,1,1,1,94830,0,0
186052,Reth,,,,0,2,0,0,105569,0,0,0,1,1,1,1,94830,0,0
186090,Calia Menethil,,The Pallid Lady,,1,7,0,0,92900,0,0,0,1,1,1,1,0,0,0
186091,Lilian Voss,,Desolate Council,,1,7,0,0,85799,0,0,0,1,1,1,1,160500,160501,0
186092,Master Apothecary Faranell,,Desolate Council,,1,7,0,0,90372,0,0,0,1,1,1,1,2199,3695,0
186093,Deathstalker Commander Belmont,,Desolate Council,,1,7,0,0,90381,0,0,0,1,1,1,1,57195,57195,0
186094,Dark Ranger Velonara,,Desolate Council,,1,7,0,0,105389,0,0,0,1,1,1,1,45085,45085,166783
186100,Captain Amalia Stone,,,,0,7,0,0,86073,0,0,0,1,1,1,1,0,0,0
186101,Derek Proudmoore,,Champion of the Pallid Lady,,1,7,0,0,89429,0,0,0,1,1,1,1,0,0,0
186104,Aelthalyste,,,,0,7,0,0,105390,0,0,0,1,1,1,1,0,0,0
186126,Big Kinook,,Master of Soups,,0,7,0,0,105782,0,0,0,1,1,1,1,0,0,0
186129,Wrathion,,The Black Prince,,1,2,0,0,107146,93870,0,0,1,0,1,1,0,0,0
186132,Ebyssian,,,,1,2,0,3,63690,105532,0,0,0,1,1,1,0,0,0
186134,Wrathion,,The Black Prince,,1,2,0,0,107146,107945,0,0,0,1,1,1,0,0,0
186145,Ebyssian,,,,1,2,0,3,63690,105532,0,0,0,1,1,1,0,0,0
186157,Ruriq,,,,0,7,0,0,105616,0,0,0,1,1,1,1,157585,0,0
186175,Belika,,,,0,7,0,0,105625,0,0,0,1,1,1,1,0,0,189502
186176,Aru,,,,0,7,0,0,105626,0,0,0,1,1,1,1,0,0,189502
186177,Kalecgos,,,,1,2,0,0,75614,23487,0,0,1,0,1,1,197918,197919,0
186179,Brena,,Iskaara Chieftain,,0,7,0,0,104719,0,0,0,1,1,1,1,0,0,0
186181,Norukk,,,,0,7,0,0,105628,0,0,0,1,1,1,1,0,0,0
186182,Alonsus Faol,,Bishop of Secrets,,1,7,0,0,67043,0,0,0,1,1,1,1,0,0,0
186186,Hanu,,,,0,7,0,0,105635,0,0,0,1,1,1,1,192798,192091,0
186188,Sindragosa,,Arcane Simulacrum,,1,2,0,0,104535,0,0,0,1,1,1,1,0,0,0
186194,Twisted Ancient,,,,1,4,0,0,106287,0,0,0,1,1,1,1,0,0,0
186197,Popoak,,,,0,7,0,0,105658,0,0,0,1,1,1,1,0,0,0
186205,Calia Menethil,,,,1,7,0,0,92900,0,0,0,1,1,1,1,0,0,0
186210,Dervishian,,Obsidian Warders,,0,7,0,0,102175,102176,0,0,1,0,1,1,0,0,0
186212,Wayun,,,,0,7,0,0,105903,0,0,0,1,1,1,1,45120,0,0
186218,Dervishian,,Obsidian Warders,,0,7,0,0,102175,102176,0,0,1,0,1,1,0,0,0
186223,Brena,,Iskaara Chieftain,,0,7,0,0,104719,0,0,0,1,1,1,1,0,0,0
186228,Brena,,Iskaara Chieftain,,0,7,0,0,104719,0,0,0,1,1,1,1,0,0,0
186230,Wizened Stormrider,,Primalists,,1,2,0,3,105198,0,0,0,1,1,1,1,0,0,0
186231,Vexalgos,,,,0,2,0,0,105701,0,0,0,1,1,1,1,0,0,0
186232,Tharkago,,,,0,2,0,0,105702,0,0,0,1,1,1,1,0,0,0
186233,Stellagosa,,,,1,2,0,0,61799,105227,0,0,1,0,1,1,0,0,0
186240,Senegos,,,,1,2,0,0,105703,65851,0,0,1,0,1,1,0,0,0
186263,Chromie,,,,1,2,0,0,96559,0,0,0,1,1,1,1,0,0,0
186274,Wrathion,,The Black Prince,,1,2,0,0,107146,107945,107055,0,1,0,0,1,0,0,0
186276,Eragosa,,,,0,2,0,0,105709,0,0,0,1,1,1,1,0,0,0
186280,Kalecgos,,,,1,2,0,0,75614,23487,0,0,1,0,1,1,197918,197919,0
186283,Windscourge Drake,,Primalists,,1,2,0,3,107561,0,0,0,1,1,1,1,0,0,0
186301,Archmage Khadgar,,,,1,7,0,0,107041,0,0,0,1,1,1,1,23998,0,0
186312,Left,,Blacktalon Bodyguard,,1,7,0,0,51337,0,0,0,1,1,1,1,1493,0,76351
186314,Right,,Blacktalon Bodyguard,,1,7,0,0,51336,0,0,0,1,1,1,1,1493,0,76351
186322,Grak'i,,,,0,7,0,0,105902,0,0,0,1,1,1,1,118206,0,0
186328,Fiery Carver,,,,0,7,0,0,102963,102964,102965,102966,1,1,1,1,0,0,0
186361,Rotting Treant,,,,0,4,0,0,107351,107352,107353,107354,1,1,1,1,0,0,0
186362,Brackenhide Rotflinger,,,,0,7,0,0,103406,103405,103404,103403,1,1,1,1,0,0,0
186363,Brackenhide Putrifier,,,,0,7,0,0,103166,103167,103169,103168,1,1,1,1,0,0,0
186386,Kauj,,Kauriq Chieftain,,0,7,0,0,105850,0,0,0,1,1,1,1,192159,0,0
186389,Night Elf Soul,,,,0,6,0,0,105741,105743,105744,105745,1,1,1,1,0,0,0
186395,Kauriq the Gleamfisher,,,,0,7,0,3,105751,0,0,0,1,1,1,1,0,0,0
186405,Vorquin,,,,0,2,151,0,104648,0,0,0,1,1,1,1,0,0,0
186419,Eternus,,,,1,2,0,0,106055,0,0,0,1,1,1,1,0,0,0
186432,Chromie,,,,1,2,0,0,96559,107733,107134,0,1,0,0,1,0,0,0
186446,Elder Nappa,,Innkeeper,,0,7,0,0,105777,0,0,0,1,1,1,1,0,0,0
186448,Elder Poa,,Weaver of Tales,,0,7,0,0,105778,0,0,0,1,1,1,1,0,0,0
186449,Arvik,,Repairs,,0,7,0,0,110251,0,0,0,1,1,1,1,116918,0,0
186455,Black Dragon,,,,1,2,0,3,105527,0,0,0,1,1,1,1,0,0,0
186459,Night Elf Soul,,,,0,6,0,0,105795,105796,105797,105798,1,1,1,1,0,0,0
186462,Tatto,,Stable Master,,0,7,0,0,105793,0,0,0,1,1,1,1,0,0,0
186463,Frostmaul,,,,4,1,4,0,101247,0,0,0,1,1,1,1,0,0,0
186480,Brena,,Iskaara Chieftain,,0,7,0,0,104719,0,0,0,1,1,1,1,0,0,0
186499,Chromie,,,,1,2,0,0,105811,0,0,0,1,1,1,1,0,0,0
186538,Iskaara Fisher,,,,0,7,0,0,105760,105762,105640,105827,1,1,1,1,34784,0,0
186547,Lil Ki,,Soup Assistant,,0,7,0,0,105831,0,0,0,1,1,1,1,0,0,0
186554,Nunvuq,,Fishing Trainer,,0,7,0,0,105834,0,0,0,1,1,1,1,34784,0,0
186556,Elder Kinaa,,Cooking Trainer,,0,7,0,0,105835,0,0,0,1,1,1,1,0,0,0
186558,Junnik,,Fish Vendor,,0,7,0,0,105836,0,0,0,1,1,1,1,0,0,0
186568,Bukarakikk,,Skinning Trainer,,0,7,0,0,105839,0,0,0,1,1,1,1,10772,0,0
186571,Wood Duckling,,,,0,8,0,0,104673,104675,0,0,1,1,1,1,0,0,0
186574,Brightail Butterfly,,,,0,8,0,3,104043,104040,0,0,1,1,1,1,0,0,0
186578,Garden Widow,,,,0,8,0,0,105840,107817,0,0,1,1,1,1,0,0,0
186587,Tarasek Scavenger,,,,0,2,0,0,109439,109437,109438,0,1,1,1,1,0,0,0
186688,Archmage Khadgar,,Mirror Image,,1,7,0,0,106239,0,0,0,1,1,1,1,0,0,0
186706,Black Drake,,,,1,2,0,3,105866,105867,105868,0,1,1,1,1,0,0,0
186707,Flying Squirrel,,,,6,8,0,0,100353,0,0,0,1,1,1,1,0,0,0
186709,Proto-whelp,,,,0,8,0,0,28345,0,0,0,1,1,1,1,0,0,0
186711,Chromie,,,,1,2,0,0,107733,0,0,0,1,1,1,1,0,0,0
186717,Baby Thunder Lizard,,,,0,8,0,0,100951,0,0,0,1,1,1,1,0,0,0
186718,Baby Primal Beaver,,,,0,8,0,0,102824,102825,102826,102827,1,1,1,1,0,0,0
186734,Norukk,,,,0,7,0,0,105628,0,0,0,1,1,1,1,0,0,0
186743,Elynae Dawnbreaker,,,,0,7,0,0,105843,0,0,0,1,1,1,1,0,0,0
186747,Lialyn Summersong,,,,0,7,0,0,105847,0,0,0,1,1,1,1,0,0,0
186753,Valandrus Shadowstar,,,,0,7,0,0,105872,0,0,0,1,1,1,1,0,0,0
186754,Tyre Coppercog,,,,0,7,0,0,105858,0,0,0,1,1,1,1,0,0,0
186760,Fizzle Swiftsprocket,,,,0,7,0,0,105877,0,0,0,1,1,1,1,0,0,0
186767,Majordomo Selistra,,,,1,2,0,0,107040,108032,108822,0,1,0,0,1,0,0,0
186779,Archmage Khadgar,,Mirror Image,,1,7,0,0,106239,0,0,0,1,1,1,1,0,0,0
186790,Animated Mountain,,,,1,5,0,0,107013,0,0,0,1,1,1,1,0,0,0
186844,Jeweled Onyx Whelpling,,,,0,12,0,0,107454,0,0,0,1,1,1,1,0,0,0
186854,Lapisagos,,The Spellsworn,,1,2,0,0,105529,0,0,0,1,1,1,1,0,0,0
186884,Test Beetle,,,,0,14,0,0,100375,0,0,0,1,1,1,1,0,0,0
186886,Test Beetle,,,,0,8,0,0,100375,0,0,0,1,1,1,1,0,0,0
186930,Nozdormu,,,,1,2,0,0,105959,0,0,0,1,1,1,1,0,0,0
186931,Nozdormu,,,,1,2,0,0,38754,0,0,0,1,1,1,1,0,0,0
186992,Ring,,,,0,10,0,3,21955,23767,0,0,0,1,1,1,0,0,0
186993,Ring,,,,0,10,0,3,21955,23767,0,0,0,1,1,1,0,0,0
186994,Ring,,,,0,10,0,3,21955,23767,0,0,0,1,1,1,0,0,0
186995,Ring,,,,0,10,0,3,21955,23767,0,0,0,1,1,1,0,0,0
186996,Ring,,,,0,10,0,3,21955,23767,0,0,0,1,1,1,0,0,0
186997,Ring,,,,0,10,0,3,21955,23767,0,0,0,1,1,1,0,0,0
186998,Ring,,,,0,10,0,3,21955,23767,0,0,0,1,1,1,0,0,0
186999,Ring,,,,0,10,0,3,21955,23767,0,0,0,1,1,1,0,0,0
187000,Ring,,,,0,10,0,3,21955,23767,0,0,0,1,1,1,0,0,0
187001,Ring,,,,0,10,0,3,21955,23767,0,0,0,1,1,1,0,0,0
187002,Ring,,,,0,10,0,3,21955,23767,0,0,0,1,1,1,0,0,0
187003,Ring,,,,0,10,0,3,21955,23767,0,0,0,1,1,1,0,0,0
187004,Ring,,,,0,10,0,3,21955,23767,0,0,0,1,1,1,0,0,0
187005,Ring,,,,0,10,0,3,21955,23767,0,0,0,1,1,1,0,0,0
187006,Ring,,,,0,10,0,3,21955,23767,0,0,0,1,1,1,0,0,0
187007,Ring,,,,0,10,0,3,21955,23767,0,0,0,1,1,1,0,0,0
187008,Ring,,,,0,10,0,3,21955,23767,0,0,0,1,1,1,0,0,0
187009,Ring,,,,0,10,0,3,21955,23767,0,0,0,1,1,1,0,0,0
187010,Ring,,,,0,10,0,3,21955,23767,0,0,0,1,1,1,0,0,0
187011,Ring,,,,0,10,0,3,21955,23767,0,0,0,1,1,1,0,0,0
187034,Kalecgos,,,,1,2,0,0,75614,0,0,0,1,1,1,1,0,0,0
187131,Drakonid Crechebound,,,,0,2,0,0,105787,105788,0,0,1,1,1,1,192514,0,0
187136,Examiner Rowe,,,,0,7,0,0,106063,0,0,0,1,1,1,1,0,0,0
187138,Drakonid Crechebound,,,,0,2,0,0,105787,105788,0,0,1,1,1,1,0,0,0
187156,Aelnara,,,,0,7,0,0,106065,0,0,0,1,1,1,1,0,0,0
187163,Dark Widow,,,,0,8,0,0,116786,0,0,0,1,1,1,1,0,0,0
187164,Invasive Salamanther,,,,0,8,0,0,104666,0,0,0,1,1,1,1,0,0,0
187165,Dark Talon,,,,0,7,0,0,104839,104840,104841,104842,1,1,1,1,0,0,0
187167,Obsidian Warder,,,,0,7,0,0,104843,104844,104845,104846,1,1,1,1,0,0,0
187198,LOU-C Fitzcog,,,,0,7,0,0,106067,0,0,0,1,1,1,1,126938,0,0
187223,Kodethi,,Dark Talons,,0,7,0,0,104821,102030,0,0,1,0,1,1,0,0,0
187251,Toddy Whiskers,,,,0,7,0,0,105170,0,0,0,1,1,1,1,194962,0,0
187272,Forgemaster Bazentus,,Obsidian Forgemaster,,1,2,0,0,102286,0,0,0,1,1,1,1,189688,0,0
187296,Jump,,,,0,10,0,3,21955,23767,0,0,0,1,1,1,0,0,0
187344,Andantenormu,,The Timewalkers,,0,2,0,0,105538,0,0,0,1,1,1,1,0,0,0
187354,Night Elf Soul,,,,0,7,0,0,33363,0,0,0,1,1,1,1,0,0,0
187364,Mawsworn Binder,,,,0,7,0,0,92780,0,0,0,1,1,1,1,179725,0,0
187365,Mawsworn Binder,,,,0,7,0,0,92781,0,0,0,1,1,1,1,179725,0,0
187368,Night Elf Soul,,,,0,7,0,0,36681,0,0,0,1,1,1,1,0,0,0
187369,Night Elf Soul,,,,0,7,0,0,33370,0,0,0,1,1,1,1,0,0,0
187370,Night Elf Soul,,,,0,7,0,0,33369,0,0,0,1,1,1,1,0,0,0
187371,Night Elf Soul,,,,0,7,0,0,2257,0,0,0,1,1,1,1,0,0,0
187372,Night Elf Soul,,,,0,7,0,0,11680,0,0,0,1,1,1,1,0,0,0
187373,Night Elf Soul,,,,0,7,0,0,2258,0,0,0,1,1,1,1,0,0,0
187374,Night Elf Soul,,,,0,7,0,0,2260,0,0,0,1,1,1,1,0,0,0
187375,Night Elf Soul,,,,0,7,0,0,74951,0,0,0,1,1,1,1,0,0,0
187376,Night Elf Soul,,,,0,7,0,0,2231,0,0,0,1,1,1,1,0,0,0
187377,Night Elf Soul,,,,0,7,0,0,7123,0,0,0,1,1,1,1,0,0,0
187380,Night Elf Soul,,,,0,7,0,0,2212,0,0,0,1,1,1,1,0,0,0
187381,Night Elf Soul,,,,0,7,0,0,2218,0,0,0,1,1,1,1,0,0,0
187382,Night Elf Soul,,,,0,7,0,0,74959,0,0,0,1,1,1,1,0,0,0
187420,Gleamfish,,,,6,8,0,0,100953,0,0,0,1,1,1,1,0,0,0
187423,Neltharion,,The Earth Warder,,1,2,0,0,106141,0,0,0,0,1,1,1,0,0,0
187435,Andantenormu,,The Timewalkers,,0,2,0,0,105538,0,0,0,1,1,1,1,0,0,0
187437,Mythrax,,,,1,4,0,0,84615,0,0,0,0,1,1,1,0,0,0
187438,Grotesque Bulwark,,,,1,15,0,0,92767,0,0,0,0,1,1,1,0,0,0
187439,Bubbled Duckling,,,,6,8,0,3,104672,0,0,0,1,1,1,1,0,0,0
187453,Slyvern Pup,,,,0,8,0,3,102067,102069,102068,102066,1,1,1,1,0,0,0
187458,Copse Hopskipper,,,,0,8,0,0,100271,100358,100359,100360,1,1,1,1,0,0,0
187460,Vibrant Mudhopper,,,,0,8,0,0,28501,78834,78835,14932,2,2,2,1,0,0,0
187471,Trapped Turtle Hatchling,,,,6,8,0,3,104009,104012,104011,0,1,1,1,1,0,0,0
187491,Pond Duckling,,,,6,8,0,3,104672,0,0,0,1,1,1,1,0,0,0
187492,Gladefly,,,,6,8,0,3,103842,0,0,0,1,1,1,1,0,0,0
187516,South Hold Guardian,,,,0,7,0,0,106173,106172,106171,106170,1,1,1,1,0,0,0
187524,Obsidian Bladewing,,,,1,2,0,3,100197,0,0,0,1,1,1,1,0,0,0
187530,Evorian,,,,1,2,0,3,106199,0,0,0,1,1,1,1,0,0,0
187590,Merithra,,The Dreamer,,1,2,0,0,113000,0,0,0,1,1,1,1,0,0,0
187621,Jump,,,,0,10,0,3,21955,23767,0,0,0,1,1,1,0,0,0
187632,Winter Queen,,,,1,7,0,0,95678,0,0,0,1,1,1,1,0,0,0
187658,Alexstrasza the Life-Binder,,Queen of the Dragons,,1,2,0,0,28227,0,0,0,1,1,1,1,0,0,0
187669,Nozdormu,,,,1,2,0,0,38754,108926,107130,0,0,1,0,1,0,0,0
187671,Treeflitter,,,,0,8,0,0,100350,100353,0,0,1,1,1,1,0,0,0
187674,Neelo,,,,0,7,0,0,106220,0,0,0,1,1,1,1,0,0,0
187676,Kalecgos,,,,1,2,0,0,75614,116648,111427,0,0,1,0,1,0,0,0
187678,Alexstrasza the Life-Binder,,Queen of the Dragons,,1,2,0,0,28227,92146,107052,0,0,1,0,1,0,0,0
187679,Nau,,,,0,7,0,0,106221,0,0,0,1,1,1,1,0,0,0
187680,Scaps,,,,0,7,0,0,106222,0,0,0,1,1,1,1,0,0,0
187683,Waking Duck,,,,6,1,125,0,104678,0,0,0,1,1,1,1,0,0,0
187695,Race Controller,,,,0,7,0,0,21955,23767,0,0,0,1,1,1,0,0,0
187718,Archmage Khadgar,,,,1,7,0,0,106239,0,0,0,1,1,1,1,0,0,0
187719,Avian Fledgling,,,,0,8,0,3,105558,0,0,0,1,1,1,1,0,0,0
187720,Archmage Khadgar,,,,1,7,0,0,107041,0,0,0,1,1,1,1,0,0,0
187734,Taelia Fordragon,,,,0,7,0,0,104818,0,0,0,1,1,1,1,166781,0,0
187738,Boost,,,,0,10,0,3,21955,108199,0,0,0,1,1,1,0,0,0
187755,Nurtured Duckling,,,,0,8,0,0,104673,104675,0,0,1,1,1,1,0,0,0
187757,Rustpine Rabbit,,,,0,8,0,0,100358,0,0,0,1,1,1,1,0,0,0
187789,Energy,,,,0,10,0,3,21955,23767,0,0,0,1,1,1,0,0,0
187799,Reed Skimmer,,,,0,8,0,3,103843,103841,0,0,1,1,1,1,0,0,0
187818,Baby Scalebiter,,,,0,8,0,0,104664,104665,104667,0,2,2,1,1,0,0,0
187864,Ysera,,,,1,2,0,0,105956,0,0,0,1,1,1,1,0,0,0
187869,Tikukk,,,,0,7,0,0,105647,0,0,0,1,1,1,1,0,0,0
187870,Tika,,,,0,7,0,0,102843,0,0,0,1,1,1,1,0,0,0
187871,Oopa,,,,0,1,300,0,100386,0,0,0,1,1,1,1,0,0,0
187873,Kalecgos,,Mirror Image,,1,2,0,0,105430,23487,0,0,1,0,1,1,0,0,0
187891,Ohn'ahra,,,,1,1,0,3,106285,0,0,0,1,1,1,1,0,0,0
187904,Injured Drakonid,,,,0,2,0,0,105787,105788,0,0,1,1,1,1,0,0,0
187929,Winter Queen,,,,1,7,0,0,95678,0,0,0,1,1,1,1,0,0,0
187974,Geoscanner 289-07,,,,0,10,0,0,328,27823,0,0,0,1,1,1,0,0,0
187990,Niqu,,,,0,7,0,0,104919,0,0,0,1,1,1,1,0,0,0
187992,Kirin Tor Mage,,,,0,7,0,0,107299,106319,106320,106321,1,1,1,1,0,0,0
187995,Random,,,,0,10,0,3,21955,23767,0,0,0,1,1,1,0,0,0
188029,Sprightly Butterfly,,,,0,8,0,3,104040,104042,104041,0,1,1,1,1,0,0,0
188076,Kill Credit Vines,,,,0,10,0,0,11686,0,0,0,1,1,1,1,0,0,0
188094,Meadowhoof Musken,,,,0,1,157,0,106586,106584,106583,0,1,1,1,1,0,0,0
188133,Narsysix,,,,1,2,0,3,106199,0,0,0,0,1,1,1,0,0,0
188135,Zepharion,,,,1,2,0,0,107875,107873,107874,0,1,0,0,1,0,0,0
188136,Exadria,,,,1,2,0,3,107705,0,0,0,0,1,1,1,0,0,0
188141,Malsiran,,,,1,2,0,3,106199,0,0,0,0,1,1,1,0,0,0
188143,Myridian,,,,1,2,0,3,106199,0,0,0,0,1,1,1,0,0,0
188158,Baskilan,,,,1,2,0,0,107533,107214,107215,0,1,1,0,1,0,0,0
188191,Kirin Tor Mage,,,,0,7,0,0,106319,0,0,0,1,1,1,1,0,0,0
188192,Kirin Tor Mage,,,,0,7,0,0,106324,0,0,0,1,1,1,1,0,0,0
188193,Kirin Tor Mage,,,,0,7,0,0,106322,0,0,0,1,1,1,1,0,0,0
188194,Kirin Tor Mage,,,,0,7,0,0,107299,0,0,0,1,1,1,1,0,0,0
188195,Kirin Tor Mage,,,,0,7,0,0,106320,0,0,0,1,1,1,1,0,0,0
188196,Kirin Tor Mage,,,,0,7,0,0,106325,0,0,0,1,1,1,1,0,0,0
188201,Healing Wing,,,,0,7,0,0,104834,104835,104836,104836,1,1,1,1,0,0,0
188246,Sansok Khan,,,,1,7,0,0,102115,0,0,0,1,1,1,1,0,0,0
188266,Cowering Crab,,,,6,8,0,0,103847,103846,103850,103852,1,1,1,1,0,0,0
188267,Unsettled Seagull,,,,6,8,0,3,103904,0,0,0,1,1,1,1,0,0,0
188278,Garden Filly,,,,0,8,0,0,104722,104723,0,0,1,1,1,1,0,0,0
188280,Excited Vorquin,,,,0,8,0,0,104722,104723,0,0,1,1,1,1,0,0,0
188290,Arcane Energy,,,,6,10,0,0,106425,0,0,0,1,1,1,1,0,0,0
188332,Mythexthia,,,,1,2,0,3,106199,0,0,0,0,1,1,1,0,0,0
188438,Balakar Khan,,,,1,7,0,0,102116,0,0,0,1,1,1,1,0,0,0
188441,Barrel Bomb,,,,0,10,0,0,21955,23767,0,0,0,1,1,1,0,0,0
188601,Khanam Matra Sarest,,,,1,7,0,0,102101,0,0,0,1,1,1,1,0,0,0
188621,Injured Talon,,The Healing Wings,,0,7,0,0,104834,104835,104836,104837,1,1,1,1,0,0,0
188652,Atrenosh Hailstone,,,,1,2,0,0,104293,0,0,0,1,1,1,1,0,0,0
188653,Atrenosh Hailstone,,,,1,2,0,0,104293,0,0,0,1,1,1,1,0,0,0
188663,Flittering Flutterwing,,,,6,8,0,3,103845,103844,103843,103842,1,1,1,1,0,0,0
188690,Decaying Animal,,,,0,8,0,0,100271,70447,100353,0,1,1,1,1,0,0,0
188709,Shaggy,,,,0,12,0,0,106517,0,0,0,1,1,1,1,0,0,0
188756,Potion Cauldron of Ultimate Power |A:Professions-Icon-Quality-Tier1-Small:20:20|a,,,,0,10,0,0,106568,0,0,0,1,1,1,1,0,0,0
188792,Snowy Treeflitter,,,,0,14,0,0,106597,0,0,0,1,1,1,1,0,0,0
188819,Atrenosh Hailstone,,,,1,2,0,0,104293,0,0,0,1,1,1,1,191687,0,0
188821,Wakyn,,,,0,12,0,3,106642,0,0,0,1,1,1,1,0,0,0
188839,Potion Cauldron of Ultimate Power |A:Professions-Icon-Quality-Tier2-Small:20:20|a,,,,0,10,0,0,106568,0,0,0,1,1,1,1,0,0,0
188841,Potion Cauldron of Ultimate Power |A:Professions-Icon-Quality-Tier3-Small:20:20|a,,,,0,10,0,0,106568,0,0,0,1,1,1,1,0,0,0
188849,Violet Violence,,,,0,12,0,0,106676,0,0,0,1,1,1,1,0,0,0
188853,Lutokk,,,,0,7,0,0,106381,0,0,0,1,1,1,1,0,0,0
188854,Kaqiata,,,,0,7,0,0,106337,0,0,0,1,1,1,1,0,0,0
188855,Tuyuki,,,,0,7,0,0,105768,0,0,0,1,1,1,1,0,0,0
188856,Nomurok,,,,0,7,0,0,105856,0,0,0,1,1,1,1,0,0,0
188861,Secretive Frogduck,,,,0,12,0,0,106677,0,0,0,1,1,1,1,0,0,0
188878,Alexstrasza the Life-Binder,,Queen of the Dragons,,1,2,0,3,92146,0,0,0,1,1,1,1,189547,0,0
188882,Raszageth,,The Storm-Eater,,1,2,0,3,111371,0,0,0,1,1,1,1,0,0,0
188885,Crystalline Mini-Monster,,,,0,12,0,0,106690,0,0,0,1,1,1,1,0,0,0
188901,Mister Muskoxeles,,,,0,12,0,0,106681,0,0,0,1,1,1,1,0,0,0
188955,Lesser Cauldron of the Pooka,,,,0,10,0,0,106726,0,0,0,1,1,1,1,0,0,0
188997,Cauldron of the Pooka,,,,0,10,0,0,106726,0,0,0,1,1,1,1,0,0,0
188998,Greater Cauldron of the Pooka,,,,0,10,0,0,106726,0,0,0,1,1,1,1,0,0,0
189004,Elemental Proto-Drake,,,,0,2,0,3,100190,0,0,0,1,1,1,1,0,0,0
189064,Waddles the Rescued Duckling,,,,6,8,0,3,104672,0,0,0,1,1,1,1,0,0,0
189071,Jadzigeth,,,,1,2,0,3,107575,0,0,0,1,1,1,1,0,0,0
189072,Erzigeth,,,,1,2,0,3,107440,0,0,0,1,1,1,1,0,0,0
189075,Seagull,,,,6,8,0,3,103903,0,0,0,1,1,1,1,0,0,0
189093,Pricklefury Hare,,,,0,14,0,0,106594,106595,106596,0,69,30,1,1,0,0,0
189094,Magma Slug,,,,0,14,0,0,108234,0,0,0,1,1,1,1,0,0,0
189095,Alvin the Anvil,,,,0,12,0,0,108279,0,0,0,1,1,1,1,0,0,0
189096,Chestnut,,,,0,12,0,0,106604,0,0,0,1,1,1,1,0,0,0
189097,Treeflitter,,,,0,14,0,0,106609,106608,106605,0,80,19,1,1,0,0,0
189098,Time-Lost Treeflitter,,,,0,12,0,0,106606,0,0,0,1,1,1,1,0,0,0
189099,Pistachio,,,,0,12,0,3,106607,0,0,0,1,1,1,1,0,0,0
189101,Bronze Racing Enthusiast,,,,0,12,0,3,109095,0,0,0,1,1,1,1,0,0,0
189102,Shyfly,,,,0,14,0,2,109132,0,0,0,1,1,1,1,0,0,0
189103,Scruffy Ottuk,,,,0,14,0,0,106610,106614,106611,0,75,20,5,1,0,0,0
189104,Swoglet,,,,0,14,303,0,108296,108297,0,0,1,1,1,1,0,0,0
189105,Whiskuk,,,,0,12,0,0,106612,0,0,0,1,1,1,1,0,0,0
189106,Luvvy,,,,0,12,0,0,106613,0,0,0,1,1,1,1,0,0,0
189107,Snowlemental,,,,0,14,0,0,108315,0,0,0,1,1,1,1,0,0,0
189108,Mister Toots,,,,0,12,0,0,106615,0,0,0,1,1,1,1,0,0,0
189110,Trunkalumpf,,,,0,14,0,0,106617,106616,106618,0,60,39,1,1,0,0,0
189111,Ghostflame,,,,0,12,0,0,109301,0,0,0,1,1,1,1,0,0,0
189112,Echo of the Inferno,,,,0,12,0,0,109369,0,0,0,1,1,1,1,0,0,0
189113,Bunbo,,,,0,12,0,0,106619,0,0,0,1,1,1,1,0,0,0
189115,Scruffles,,,,0,12,0,0,106620,0,0,0,1,1,1,1,0,0,0
189117,Phoenix Wishwing,,,,0,12,0,0,106643,0,0,0,1,1,1,1,0,0,0
189118,Ashenwing,,,,0,12,0,3,106644,0,0,0,1,1,1,1,0,0,0
189119,Gerald,,,,0,12,0,3,106645,0,0,0,1,1,1,1,0,0,0
189120,[PH] Blue Baby Water Salamander (no frills),,,,0,12,0,0,106621,0,0,0,1,1,1,1,0,0,0
189121,Igneoid,,,,0,14,0,0,108322,0,0,0,1,1,1,1,0,0,0
189122,Palamanther,,,,0,14,0,0,106623,106622,106626,0,78,20,2,1,0,0,0
189123,Time-Lost Salamanther,,,,0,12,0,0,106624,0,0,0,1,1,1,1,0,0,0
189124,[PH] Pink Baby Water Salamander (no frills),,,,0,12,0,0,106625,0,0,0,1,1,1,1,0,0,0
189125,[PH] Purple Baby Water Salamander (no frills),,,,0,12,0,0,106626,0,0,0,1,1,1,1,0,0,0
189126,[PH] Green Baby Water Salamander (has frills),,,,0,12,0,0,106627,0,0,0,1,1,1,1,0,0,0
189127,[PH] Orange Baby Water Salamander (has frills),,,,0,12,0,0,106628,0,0,0,1,1,1,1,0,0,0
189128,Pink Salamanther,,,,0,12,0,0,106629,0,0,0,1,1,1,1,0,0,0
189130,Echo of the Depths,,,,0,12,0,2,109371,0,0,0,1,1,1,1,0,0,0
189131,Ironbeak Duck,,,,0,14,0,0,106632,106634,106631,0,49,49,2,1,0,0,0
189132,Echo of the Heights,,,,0,12,0,2,109374,0,0,0,1,1,1,1,0,0,0
189133,Viridescent Duck,,,,0,12,0,3,106633,0,0,0,1,1,1,1,0,0,0
189134,Ohuna Companion,,,,0,12,0,3,109378,0,0,0,1,1,1,1,0,0,0
189135,Time-Lost Duck,,,,0,12,0,3,106635,0,0,0,1,1,1,1,0,0,0
189136,Wild Duckling,,,,0,14,0,0,106636,0,0,0,1,1,1,1,0,0,0
189137,Arcane Missile,,,,1,10,0,0,109770,0,0,0,1,1,1,1,0,0,0
189138,Pilot,,,,0,12,0,0,106637,0,0,0,1,1,1,1,0,0,0
189140,Mallard Duckling,,,,0,12,0,0,106638,0,0,0,1,1,1,1,0,0,0
189142,Quack-E,,,,0,12,0,0,106639,0,0,0,1,1,1,1,0,0,0
189144,Plucky Duckling,,,,0,14,0,0,106640,0,0,0,1,1,1,1,0,0,0
189145,Time-Lost Duckling,,,,0,12,0,0,106641,0,0,0,1,1,1,1,0,0,0
189150,Groundshaker,,,,0,12,0,0,106649,0,0,0,1,1,1,1,0,0,0
189152,Lubbins,,,,0,12,0,3,108969,0,0,0,1,1,1,1,0,0,0
189153,Grassland Stomper,,,,0,14,0,0,106651,0,0,0,1,1,1,1,0,0,0
189154,Hoofhelper,,,,0,12,0,0,106652,0,0,0,1,1,1,1,0,0,0
189155,Thunderfoot Calf,,,,0,14,0,0,106653,0,0,0,1,1,1,1,0,0,0
189156,Blackfeather Nester,,,,0,12,0,3,106654,0,0,0,1,1,1,1,0,0,0
189157,Woodbiter Piculet,,,,0,14,0,3,106655,106657,0,0,98,1,1,1,0,0,0
189158,Brightfeather,,,,0,12,0,3,106656,0,0,0,1,1,1,1,0,0,0
189159,Bakar Companion,,,,0,12,0,0,109382,0,0,0,1,1,1,1,0,0,0
189160,Black Slyvern Pup,,,,0,14,0,3,106658,0,0,0,1,1,1,1,0,0,0
189204,Yipper,,,,0,12,0,3,106659,0,0,0,1,1,1,1,0,0,0
189209,Whitewhisker,,,,0,14,0,3,106660,0,0,0,1,1,1,1,0,0,0
189211,Time-Lost Slyvern,,,,0,12,0,3,106661,0,0,0,1,1,1,1,0,0,0
189216,Sludge,,,,0,10,0,3,21955,23767,0,0,0,1,1,1,0,0,0
189264,Blade Wall,,,,0,10,0,3,21955,23767,0,0,0,1,1,1,0,0,0
189271,Funeral Boat,,,,0,10,0,0,107929,0,0,0,0,1,1,1,0,0,0
189272,Boat,,,,0,10,0,0,106019,0,0,0,0,1,1,1,0,0,0
189273,Ponoliak,,,,0,7,0,0,106867,0,0,0,1,1,1,1,0,0,0
189275,Moona,,,,0,8,0,0,102067,0,0,0,1,1,1,1,0,0,0
189311,Toddy Whiskers,,,,0,7,0,0,105170,0,0,0,1,1,1,1,0,0,0
189317,Wyrmrest Protector,,,,1,7,0,0,26747,26749,26748,26741,1,1,1,1,73423,0,0
189322,Wrathion,,The Black Prince,,1,2,0,0,107146,107945,0,0,1,0,1,1,0,0,0
189324,Scalecommander Azurathel,,Obsidian Warders,,0,7,0,0,102032,107028,0,0,1,0,1,1,0,0,0
189325,Dervishian,,Obsidian Warders,,0,7,0,0,102175,102176,0,0,1,0,1,1,0,0,0
189330,Dervishian,,Obsidian Warders,,0,7,0,0,102175,102176,0,0,0,1,1,1,0,0,0
189333,Naleidea Rivergleam,,,,0,7,0,0,105169,0,0,0,1,1,1,1,0,0,0
189376,Swog,,,,0,14,303,0,106894,0,0,0,1,1,1,1,0,0,0
189386,Spiritwalker Ebonhorn,,,,1,2,0,0,63690,105532,0,0,1,0,1,1,0,0,0
189389,Scalecommander Cindrethresh,,Dark Talons,,0,7,0,0,102033,107101,0,0,1,0,1,1,0,0,0
189390,Kodethi,,Dark Talons,,0,7,0,0,102030,104821,0,0,0,1,1,1,0,0,0
189393,Baine Bloodhoof,,High Chieftain,,1,7,0,0,30272,0,0,0,1,1,1,1,58367,0,0
189396,Mayla Highmountain,,High Chieftain,,1,7,0,0,63703,0,0,0,1,1,1,1,34058,0,0
189397,Brookfly,,,,0,8,0,3,103845,103844,0,0,1,1,1,1,0,0,0
189398,Kodethi,,Dark Talons,,0,7,0,0,102030,104821,0,0,0,1,1,1,0,0,0
189425,Ring,,,,0,10,0,3,21955,23767,0,0,0,1,1,1,0,0,0
189426,Ring,,,,0,10,0,3,21955,23767,0,0,0,1,1,1,0,0,0
189427,Ring,,,,0,10,0,3,21955,23767,0,0,0,1,1,1,0,0,0
189428,Ring,,,,0,10,0,3,21955,23767,0,0,0,1,1,1,0,0,0
189429,Ring,,,,0,10,0,3,21955,23767,0,0,0,1,1,1,0,0,0
189430,Ring,,,,0,10,0,3,21955,23767,0,0,0,1,1,1,0,0,0
189431,Ring,,,,0,10,0,3,21955,23767,0,0,0,1,1,1,0,0,0
189432,Ring,,,,0,10,0,3,21955,23767,0,0,0,1,1,1,0,0,0
189433,Ring,,,,0,10,0,3,21955,23767,0,0,0,1,1,1,0,0,0
189434,Ring,,,,0,10,0,3,21955,23767,0,0,0,1,1,1,0,0,0
189458,Kalecgos,,,,1,2,0,0,105921,0,0,0,1,1,1,1,0,0,0
189483,Frenzied Tarasek,,,,1,2,0,0,106213,0,0,0,1,1,1,1,0,0,0
189484,Dervishian,,Obsidian Warders,,0,7,0,0,102175,102176,0,0,1,0,1,1,0,0,0
189498,Basket of Fish,,,,0,10,0,0,106909,0,0,0,1,1,1,1,0,0,0
189502,Naleidea Rivergleam,,,,0,7,0,0,105169,0,0,0,1,1,1,1,0,0,0
189506,Race Controller,,,,0,7,0,0,21955,23767,0,0,0,1,1,1,0,0,0
189509,Primalist Ideologue,,,,0,7,0,0,108627,0,0,0,1,1,1,1,0,0,0
189518,Koroleth,,,,1,7,0,0,107111,0,0,0,1,1,1,1,0,0,0
189523,Tuskarr,,,,0,7,0,0,105777,0,0,0,1,1,1,1,0,0,0
189524,Shikaar Ranger,,Tier 1 Melee,,0,7,0,0,103522,103520,0,0,1,1,1,1,110458,0,0
189534,Spell Bunny,,,,0,10,0,0,1126,11686,0,0,0,1,1,1,0,0,0
189538,Magmatalon,,,,0,2,0,0,106933,106933,0,0,1,0,1,1,0,0,0
189540,Nozdormu,,,,1,2,0,0,105959,0,0,0,1,1,1,1,0,0,0
189584,Kalecgos,,,,1,2,0,0,75614,0,0,0,1,1,1,1,0,0,0
189586,Nunvuq,,Fishing Trainer,,0,7,0,0,105834,0,0,0,1,1,1,1,0,0,0
189599,Merithra,,,,1,2,0,0,91239,0,0,0,1,1,1,1,0,0,0
189600,High Exarch Turalyon,,Lord Commander of Alliance Forces,,1,7,0,0,100074,0,0,0,1,1,1,1,150577,0,0
189606,Highcrest Recluse,,,,0,2,0,0,107641,0,0,0,1,1,1,1,0,0,0
189619,Tragically Deceased Crab,,,,6,8,0,0,103847,103846,103850,103852,1,1,1,1,0,0,0
189642,Hanu,,,,0,7,0,0,105635,0,0,0,1,1,1,1,192798,192091,0
189649,Spell Bunny,,,,0,10,0,0,1126,11686,0,0,0,1,1,1,0,0,0
189655,Backswimmer Timbertooth,,,,0,12,0,0,106663,0,0,0,1,1,1,1,0,0,0
189657,Dusky Timbertooth,,,,0,14,0,0,106664,0,0,0,1,1,1,1,0,0,0
189658,Tiny Timbertooth,,,,0,14,0,0,106665,106666,0,0,85,15,1,1,0,0,0
189660,Storm-Touched Timbertooth,,,,0,14,0,0,109390,0,0,0,1,1,1,1,0,0,0
189661,Buckie,,,,0,12,0,0,106667,0,0,0,1,1,1,1,0,0,0
189662,Elder Poa,,Weaver of Tales,,0,7,0,0,105778,0,0,0,1,1,1,1,156974,0,0
189663,Azure Frillfish,,,,0,12,0,3,106668,0,0,0,1,1,1,1,0,0,0
189694,Emmah,,,,0,12,0,3,106669,0,0,0,1,1,1,1,0,0,0
189695,Jean's Lucky Fish,,,,0,12,0,3,106670,0,0,0,1,1,1,1,0,0,0
189696,Patos,,,,0,12,0,3,106671,0,0,0,1,1,1,1,0,0,0
189702,Elder Poa,,Weaver of Tales,,0,7,0,0,105778,0,0,0,1,1,1,1,156974,0,0
189704,Norukk,,,,0,7,0,0,105628,0,0,0,1,1,1,1,0,0,0
189705,Hanu,,,,0,7,0,0,105635,0,0,0,1,1,1,1,192798,192091,0
189708,Brena,,Iskaara Chieftain,,0,7,0,0,104719,0,0,0,1,1,1,1,0,0,0
189713,Blacktalon Avenger,,,,0,7,0,0,102434,102433,102432,102431,1,1,1,1,108925,0,0
189714,Blacktalon Assassin,,,,0,7,0,0,102377,102378,102379,102370,1,1,1,1,152426,152426,0
189754,Kill Credit Carcass,,,,0,10,0,0,11686,0,0,0,1,1,1,1,0,0,0
189761,Kill Credit Carcass,,,,0,10,0,0,11686,0,0,0,1,1,1,1,0,0,0
189769,Dying Mage,,,,0,7,0,0,107299,106319,106320,106321,1,1,1,1,0,0,0
189776,Qalashi Bonebreaker,,,,1,7,0,0,106990,106993,0,0,1,1,1,1,163608,0,0
189777,Djaradin Wallcrasher,,,,1,7,0,0,102482,102481,102480,102479,1,1,1,1,108970,0,0
189778,Lava Burst,,,,0,10,0,3,22903,11686,0,0,0,1,1,1,0,0,0
189790,Green Dragon,,,,1,2,0,3,106714,106872,105511,0,0.75,1,1,1,0,0,0
189793,Kalecgos,,,,1,2,0,0,75614,23487,0,0,1,0,1,1,0,0,0
189804,Firefly,,,,0,8,0,3,108081,108080,108079,0,1,1,1,1,0,0,0
189805,Alexstrasza the Life-Binder,,Queen of the Dragons,,1,2,0,0,28227,92146,0,0,1,0,1,1,189547,0,0
189807,Bronze Dragon,,,,1,2,0,3,106713,105893,105525,0,0.75,1,1,1,0,0,0
189828,Merithra,,,,1,2,0,3,106002,0,0,0,1,1,1,1,0,0,0
189843,Fire Elemental,,,,1,4,0,0,102563,0,0,0,1,1,1,1,0,0,0
189851,Ritual Scout,,,,1,2,0,0,107014,0,0,0,1,1,1,1,0,0,0
189854,Red Dragon,,,,1,2,0,3,106715,107057,105528,106938,0.75,1,1,1,0,0,0
189855,Black Dragon,,,,1,2,0,3,106711,105527,106199,0,0.75,1,1,1,0,0,0
189856,Blue Dragon,,,,1,2,0,3,106214,105526,105529,106712,1,1,1,0.75,0,0,0
189860,Fire Blast,,,,0,10,0,3,22903,11686,0,0,0,1,1,1,0,0,0
189862,Electrical Disturbance,,,,0,8,0,3,107088,0,0,0,1,1,1,1,0,0,0
189866,Scalecommander Emberthal,,,,0,7,0,0,102031,0,0,0,1,1,1,1,0,0,0
189867,Fire Blast,,,,0,10,0,3,22903,11686,0,0,0,1,1,1,0,0,0
189869,Valdrakken Citizen,,,,0,2,0,0,102202,104178,103828,104323,0.25,1,1,1,0,0,0
189895,Valdrakken Citizen,,,,0,7,0,0,107023,107024,107025,107026,1,1,1,0.5,0,0,0
189902,Kalecgos,,The Spellweaver,,1,2,0,3,105921,0,0,0,1,1,1,1,0,0,0
189908,Turbulent Gust,,,,0,4,0,3,102511,0,0,0,1,1,1,1,0,0,0
189914,Kurog Grimtotem,,The Grand Summoner,,1,7,0,2,106356,0,0,0,1,1,1,1,0,0,0
189929,Blacktalon Sentry,,,,0,2,0,0,102198,102199,102200,102201,1,1,1,1,56912,0,0
189934,Ebon Scale,,,,0,7,0,0,104727,104726,104831,104833,1,1,1,1,0,0,0
189938,Raszageth,,The Storm-Eater,,1,2,0,3,103255,0,0,0,1,1,1,1,0,0,0
189952,Custodian Cynegos,,Inscription Trainer,,0,7,0,0,107042,0,0,0,1,1,1,1,0,0,0
189958,Emerald Drake,,,,1,2,0,3,110763,110764,110765,110766,1,1,1,1,0,0,0
189959,Emerald Serpent,,,,1,2,0,3,106225,106226,0,0,1,1,1,1,0,0,0
189984,Grateful Gull,,,,6,8,0,0,103904,0,0,0,1,1,1,1,0,0,0
189988,Thing From Beyond,,,,0,15,0,0,90740,0,0,0,1,1,1,1,0,0,0
189991,Kalecgos,,,,1,2,0,3,105921,0,0,0,1,1,1,1,0,0,0
189996,Archmage Khadgar,,,,1,8,0,3,32546,0,0,0,1,1,1,1,0,0,0
189997,Kalecgos,,,,0,10,0,3,22903,11686,0,0,0,1,1,1,0,0,0
189998,Senegos,,,,1,2,0,0,65851,0,0,0,0,1,1,1,0,0,0
189999,Stellagosa,,,,1,2,0,0,105227,0,0,0,1,1,1,1,0,0,0
190000,Kalecgos,,,,1,2,0,0,75614,0,0,0,1,1,1,1,197918,197919,0
190001,Caddy Scattershot,,,,0,7,0,0,107761,0,0,0,1,1,1,1,169863,0,0
190050,Ice Protodragon,,,,1,2,0,3,105199,0,0,0,1,1,1,1,0,0,0
190073,Primal Proto-Dragon,,,,0,2,0,3,104140,0,0,0,1,1,1,1,0,0,0
190081,Ruriq,,,,0,7,0,0,105616,0,0,0,1,1,1,1,157585,0,0
190096,Shikaar Fighter,,,,0,7,0,0,105145,105146,0,0,1,1,1,1,0,0,108491
190100,Pack Musken,,,,0,1,157,0,65866,65863,65774,0,1,1,1,1,0,0,0
190109,Majordomo Selistra,,,,1,2,0,0,104141,0,0,0,1,1,1,1,0,0,0
190114,Magmasworn Trueborn,,,,0,2,0,3,107660,107645,0,0,1,1,1,1,0,0,0
190118,Winds of the Isles,,,,0,10,0,3,21955,23767,108324,0,0,0,1,1,0,0,0
190132,Shikaar Ohuna,,,,0,1,26,0,100537,102071,0,0,1,1,1,1,0,0,0
190150,Archivist Edress,,,,0,2,0,0,102202,0,0,0,1,1,1,1,133303,0,0
190159,[DNT][PH] Kill Credit Hunting,,,,0,10,0,0,11686,0,0,0,1,1,1,1,0,0,0
190177,Ruby Shrineguard,,,,1,2,0,0,102765,102764,102763,102762,1,1,1,1,94830,0,0
190200,Scalecharger,,,,0,8,0,3,107088,0,0,0,1,1,1,1,0,0,0
190230,Windscourge Drake,,Primalists,,1,2,0,0,107770,0,0,0,1,1,1,1,0,0,0
190236,Dervishian,,Obsidian Warders,,0,7,0,0,102175,102176,0,0,1,0,1,1,0,0,0
190238,Hanu,,,,0,7,0,0,105635,0,0,0,1,1,1,1,192798,192091,0
190250,Dervishian,,Obsidian Warders,,0,7,0,0,102175,102176,0,0,1,0,1,1,0,0,0
190254,Murloc You,,,,0,7,0,0,73352,0,0,0,1,1,1,1,115802,0,0
190255,Divo Songscale,,,,0,7,0,0,107345,0,0,0,1,1,1,1,0,0,0
190263,"""Captain"" Cookie",,,,0,7,0,0,1305,0,0,0,1,1,1,1,5197,0,0
190264,Old Murk-Eye,,,,0,7,0,0,5243,0,0,0,1,1,1,1,3368,0,0
190265,Scalecommander Cindrethresh,,Dark Talons,,0,7,0,0,102033,0,0,0,1,1,1,1,0,0,0
190268,Murkdeep,,,,0,7,0,0,1079,0,0,0,1,1,1,1,1983,0,0
190270,Mmmrrrggglll,,,,0,7,0,0,1773,0,0,0,1,1,1,1,5747,0,0
190271,Sir Finley Mrrgglton,,,,0,7,0,0,31,0,0,0,1,1,1,1,109636,0,0
190272,Grrvrgull the Conqueror,,,,0,7,0,0,5293,0,0,0,1,1,1,1,42920,77408,0
190274,Azuresworn Drakonid,,,,0,2,0,0,105787,105788,0,0,1,1,1,1,192519,0,0
190276,Sefin,,,,0,7,0,0,96258,0,0,0,1,1,1,1,157017,157017,0
190277,Baine Blrrgfin,,,,0,7,0,0,105017,0,0,0,1,1,1,1,0,0,0
190287,Ruriq,,,,0,7,0,0,105616,0,0,0,1,1,1,1,157585,0,0
190303,Murloc You,,,,0,7,0,0,73352,0,0,0,1,1,1,1,115802,0,0
190305,Murloc You,,,,0,7,0,0,73351,0,0,0,1,1,1,1,115802,0,0
190314,Broodmother Dracasia,,,,1,2,0,0,107104,0,0,0,0,1,1,1,0,0,0
190356,Alliance Footsoldier,,,,0,7,0,0,73351,0,0,0,1,1,1,1,115802,0,0
190357,Horde Footsoldier,,,,0,7,0,0,73352,0,0,0,1,1,1,1,115802,0,0
190367,Finduin Wryngrrlgulgll,,,,0,7,0,0,74831,0,0,0,1,1,1,1,147378,0,0
190369,Gillvanas,,,,0,7,0,0,93312,0,0,0,1,1,1,1,146114,0,0
190383,Solethus,,,,1,2,0,0,108675,0,0,0,1,1,1,1,0,0,0
190437,Dreamtail Nymph,,,,0,8,0,3,104044,104045,0,0,1,1,1,1,0,0,0
190439,Nozdormu,,,,1,2,0,0,38754,105959,107130,0,1,1,1,1,0,0,0
190448,Chromie,,,,1,2,0,0,96559,105811,107134,0,1,0,0,1,0,0,0
190480,Atrenosh Hailstone,,,,1,2,0,0,104293,0,0,0,1,1,1,1,191687,0,0
190494,Dracthyr Talon,,,,0,7,0,0,104841,104839,104840,104842,1,1,1,1,0,0,0
190506,Horde Footsoldier,,,,0,7,0,0,73352,0,0,0,1,1,1,1,115802,0,0
190507,Alliance Footsoldier,,,,0,7,0,0,73351,0,0,0,1,1,1,1,115802,0,0
190515,Kalecgos,,,,1,2,0,0,107150,0,0,0,1,1,1,1,0,0,0
190529,Tactical Mender,,The Healing Wings,,0,7,0,0,104834,104835,104836,104837,1,1,1,1,0,0,0
190534,Majordomo Selistra,,,,1,2,0,0,107040,0,0,0,1,1,1,1,0,0,0
190552,Tyrggrln Webbedring,,,,0,7,0,0,51990,0,0,0,1,1,1,1,115802,0,0
190554,Vrglrok Saurfin,,,,0,7,0,0,61127,0,0,0,1,1,1,1,115802,0,0
190578,Flame Spout,,,,0,8,0,3,107166,0,0,0,1,1,1,1,0,0,0
190591,Wardruid Loti,,Zanchuli Council,,1,7,0,0,78971,0,0,0,1,1,1,1,128100,0,0
190600,Bubbled Duckling,,,,6,8,0,3,104672,0,0,0,1,1,1,1,0,0,0
190619,Wardruid Loti,,Zanchuli Council,,1,7,0,0,80063,0,0,0,1,1,1,1,0,0,0
190740,Sabellian,,,,1,2,0,0,104559,104558,0,0,1,0,1,1,0,0,0
190754,Wrathion & Sabellian,,,,1,2,0,0,93216,0,0,0,1,1,1,1,171194,0,0
190765,Mysterious Apparition,,,,0,7,0,0,107254,0,0,0,1,1,1,1,0,0,0
190775,[DNT] Spell Bunny,,,,0,10,0,0,1126,11686,0,0,0,1,1,1,0,0,0
190826,Nokhud Dragonslayer,,,,0,7,0,0,100207,0,0,0,1,1,1,1,118363,0,0
190837,Kill Credit River,,,,0,10,0,0,11686,0,0,0,1,1,1,1,0,0,0
190842,Andantenormu,,The Timewalkers,,0,2,0,0,105538,0,0,0,1,1,1,1,0,0,0
190871,Dragon,,,,1,2,0,3,106715,107057,105528,106938,0.75,1,1,1,0,0,0
190889,Amella,,Head Egg-Tender,,0,2,0,0,107296,0,0,0,1,1,1,1,0,0,0
190901,Commander Lethanak,,Leader of the Shrineguard,,0,2,0,0,107112,0,0,0,1,1,1,1,0,0,0
190903,Alexstrasza the Life-Binder,,Queen of the Dragons,,1,2,0,0,92146,0,0,0,1,1,1,1,0,0,0
190910,Evorian,,,,1,2,0,0,107303,107304,107305,0,1,1,1,1,0,0,0
190970,Wrathion,,The Black Prince,,1,2,0,0,107146,107945,0,0,1,0,1,1,0,0,0
191007,Maruu,,,,0,7,0,0,107319,0,0,0,1,1,1,1,0,0,0
191008,Oon,,,,0,1,300,0,100386,0,0,0,1,1,1,1,0,0,0
191026,Tata,,,,0,7,0,0,102834,0,0,0,1,1,1,1,0,0,0
191072,Kill Credit,,,,0,10,0,0,11686,0,0,0,1,1,1,1,0,0,0
191102,Shikaar Ohuna,,,,0,1,26,0,102070,101439,101442,0,1,1,1,1,0,0,0
191112,Kaldorei Defender,,,,0,7,0,0,92852,92853,92854,92855,1,1,1,1,165348,165352,0
191116,Guardian Velomir,,2.2/1.2,,0,2,0,0,107067,0,0,0,1,1,1,1,89897,0,0
191117,Commander Eranog,,,,1,2,0,0,106198,105614,0,0,1,0,1,1,169757,0,0
191118,Commander Eranog,,,,1,2,0,0,105614,0,0,0,1,1,1,1,169757,0,0
191119,zz[PH] Brown Duck,,,,0,12,0,0,106632,0,0,0,1,1,1,1,0,0,0
191146,Wind Resistance,,,,0,10,0,0,1126,11686,0,0,0,1,1,1,0,0,0
191156,Tigari Khan,,,,1,7,0,0,102113,0,0,0,1,1,1,1,0,0,0
191186,Pyroclasmic Flamestone,,,,0,10,0,0,92243,0,0,0,1,1,1,1,0,0,0
191187,Savage Wasp,,,,0,1,0,3,57451,0,0,0,1,1,1,1,0,0,0
191204,Pleasant Yearling,,,,0,2,151,0,104647,104648,0,0,1,1,1,1,0,0,0
191205,Hemet Nesingwary,,Retired,,0,7,0,0,107387,0,0,0,1,1,1,1,0,0,0
191234,Lookout Tower Door,,,,0,10,0,0,107421,0,0,0,1,1,1,1,0,0,0
191248,Ohn'ahra,,,,1,1,0,3,106285,0,0,0,1,1,1,1,0,0,0
191249,Sansok Khan,,,,1,7,0,0,102115,0,0,0,1,1,1,1,0,0,189505
191283,Sansok Khan,,,,1,7,0,0,102115,0,0,0,1,1,1,1,0,0,0
191287,Berylmane,,,,0,12,0,0,106672,0,0,0,1,1,1,1,0,0,0
191288,Basran,,,,0,1,52,0,101603,0,0,0,1,1,1,1,0,0,0
191290,Mogu Overlord,,,,0,7,0,0,42524,43506,40802,41175,1,1,1,1,0,0,0
191294,Okir,,Interpreter to the Khan,,0,7,0,0,105539,0,0,0,1,1,1,1,189523,0,0
191298,Time-Lost Vorquin Foal,,,,0,12,0,0,106673,0,0,0,1,1,1,1,0,0,0
191300,Kurog Grimtotem,,The Grand Summoner,,1,7,0,2,106356,0,0,0,1,1,1,1,0,0,0
191314,Okir,,Interpreter to the Khan,,0,7,0,0,105539,0,0,0,1,1,1,1,189523,0,0
191316,Pale Baby Vorquin,,,,0,14,0,0,106675,0,0,0,1,1,1,1,0,0,0
191323,Vorquin Runt,,,,0,14,0,0,106674,0,0,0,1,1,1,1,0,0,0
191326,[PH] Flowered Porcupine - Blue,,,,0,12,0,0,106682,0,0,0,1,1,1,1,0,0,0
191336,Colossal Inferno,,,,1,4,0,0,102563,0,0,0,1,1,1,1,0,0,0
191343,Ohn Seshteng,,,,0,7,0,0,105127,0,0,0,1,1,1,1,187992,0,0
191345,Rymek,,,,0,7,0,0,106983,0,0,0,1,1,1,1,0,0,0
191350,Rymek,,,,0,7,0,0,106478,0,0,0,1,1,1,1,0,0,0
191372,Avatar of the Storm,,,,1,4,0,0,107145,0,0,0,1,1,1,1,0,0,0
191381,Spyragos,,,,0,12,0,3,107463,0,0,0,1,1,1,1,0,0,0
191383,Jeweled Sapphire Whelpling,,,,0,12,0,3,107455,0,0,0,1,1,1,1,0,0,0
191384,Jeweled Amber Whelpling,,,,0,12,0,3,107456,0,0,0,1,1,1,1,0,0,0
191385,Jeweled Ruby Whelpling,,,,0,12,0,3,107458,0,0,0,1,1,1,1,0,0,0
191386,Jeweled Emerald Whelpling,,,,0,12,0,3,107457,0,0,0,1,1,1,1,0,0,0
191387,Primal Stormling,,,,0,12,0,0,108961,0,0,0,1,1,1,1,0,0,0
191402,Healing Bunny,,,,0,10,0,0,1126,11686,0,0,0,1,1,1,0,0,0
191411,Debuff Bunny,,,,0,10,0,0,1126,11686,0,0,0,1,1,1,0,0,0
191420,Injured Imbu Waterseer,,,,0,7,0,0,107245,0,0,0,1,1,1,1,0,0,0
191435,Kobaldt,,,,0,12,0,0,111668,0,0,0,1,1,1,1,0,0,0
191458,Brightail Monarch,,,,0,1,26,3,104051,104047,104046,104048,1,1,1,0.1,0,0,0
191470,Gerithus,,Son of the Dream,,1,2,0,0,106968,0,0,0,1,1,1,1,0,0,0
191477,Gral,,,,0,1,0,0,12209,0,0,0,1,1,1,1,0,0,0
191478,Meadowhoof Calf,,,,6,1,157,0,107545,0,0,0,1,1,1,1,0,0,0
191485,Scout Tomul,,,,0,7,0,0,105533,0,0,0,1,1,1,1,0,0,189505
191495,Gerithus,,Son of the Dream,,1,2,0,0,106968,0,0,0,1,1,1,1,0,0,0
191499,Blacktalon Avenger,,,,0,7,0,0,102435,102434,102433,102432,1,1,1,1,108925,0,0
191500,Avatar of the Storm,,,,1,4,0,0,107145,101201,0,0,0,1,1,1,0,0,0
191501,Djaradin Wallcrasher,,,,1,7,0,0,102482,102481,102480,102479,1,1,1,1,108970,0,0
191502,Sabellian,,,,1,2,0,3,104558,0,0,0,0,1,1,1,0,0,0
191504,Sabellian,,,,1,2,0,0,104559,0,0,0,1,1,1,1,0,0,0
191505,Armored Magmammoth Mount,,,,0,1,300,0,107507,0,0,0,1,1,1,1,0,0,0
191514,Wrathion,,The Black Prince,,1,2,0,3,107945,0,0,0,0,1,1,1,0,0,0
191516,Frost Shackler,,,,0,7,0,0,102896,102897,102898,102899,1,1,1,1,0,0,0
191518,Blue Drakonid Fighter,,,,1,2,0,0,104300,104299,104298,104297,1,1,1,1,0,0,0
191519,Emerald Scaleguard,,,,0,7,0,0,104417,104418,104419,104421,1,1,1,1,189518,0,0
191522,Baskilan,,,,1,2,0,0,107214,0,0,0,1,1,1,1,0,0,0
191531,Raszageth,,The Storm-Eater,,1,2,0,0,103255,0,0,0,1,1,1,1,0,0,0
191533,Avvara,,,,0,7,0,3,102071,0,0,0,1,1,1,1,0,0,0
191542,Archmage Khadgar,,,,1,7,0,0,107041,0,0,0,1,1,1,1,23998,0,0
191586,Atrenosh Hailstone,,,,1,2,0,0,104293,0,0,0,1,1,1,1,0,0,0
191595,Ohn Seshteng,,,,0,7,0,0,105127,0,0,0,1,1,1,1,187992,0,0
191599,Beetle,,,,6,8,0,0,7511,15467,8971,15468,1,1,1,1,0,0,0
191601,Brena,,Iskaara Chieftain,,0,7,0,0,107555,0,0,0,1,1,1,1,0,0,0
191627,Lord Basilton,,,,0,12,0,0,106686,0,0,0,1,1,1,1,0,0,0
191633,Kill Credit Ravine,,,,0,10,0,0,11686,0,0,0,1,1,1,1,0,0,0
191634,Kill Credit Plains,,,,0,10,0,0,11686,0,0,0,1,1,1,1,0,0,0
191636,Tome of Spellflinging,,,,0,10,154,0,102040,0,0,0,1,1,1,1,0,0,0
191638,Tome of Spellflinging,,,,0,10,154,0,102040,0,0,0,1,1,1,1,0,0,0
191644,Musken Calf,,,,6,1,157,0,107545,0,0,0,1,1,1,1,0,0,0
191685,Ebyssian,,,,1,2,0,0,63690,105532,0,0,0,1,1,1,0,0,0
191689,Majordomo Selistra,,,,1,2,0,0,107040,0,0,0,1,1,1,1,0,0,0
191691,Brena,,Iskaara Chieftain,,0,7,0,0,104719,0,0,0,1,1,1,1,0,0,0
191692,Norukk,,,,0,7,0,0,105628,0,0,0,1,1,1,1,0,0,0
191715,To'tik,,,,0,7,0,0,107249,0,0,0,1,1,1,1,180336,0,0
191737,Wrathion,,The Black Prince,,1,2,0,0,107146,107945,107055,0,1,0,0,1,0,0,0
191741,Mysterious Apparition,,,,0,2,0,0,107254,0,0,0,1,1,1,1,0,0,0
191748,Burnished Ledgehopper,,,,0,2,151,0,104647,0,0,0,1,1,1,1,0,0,0
191750,Spell Bunny,,,,0,10,0,0,1126,11686,0,0,0,1,1,1,0,0,0
191751,Arvik,,Repairs,,0,7,0,0,105763,0,0,0,1,1,1,1,116918,0,0
191764,Andantenormu,,The Timewalkers,,0,2,0,0,105538,0,0,0,1,1,1,1,0,0,0
191769,Ebyssian,,,,1,2,0,0,63690,105532,0,0,0,1,1,1,0,0,0
191776,Tikukk,,,,0,7,0,0,105647,0,0,0,1,1,1,1,0,0,0
191782,Kill Credit Proof of Might,,,,0,10,0,0,11686,0,0,0,1,1,1,1,0,0,0
191783,Kill Credit Proof of Cunning,,,,0,10,0,0,11686,0,0,0,1,1,1,1,0,0,0
191863,Wrathion,,The Black Prince,,1,2,0,0,107146,107945,0,0,0,1,1,1,0,0,0
191875,Wrathion,,The Black Prince,,1,2,0,0,107146,107945,0,0,1,0,1,1,0,0,0
191906,Proto-Drake,,,,1,2,0,3,107174,107173,107172,107171,1,1,1,1,0,0,0
191916,Drakonid Hero,,,,0,2,0,0,107254,0,0,0,1,1,1,1,0,0,0
191923,Ancient Dreadsquall,,,,1,1,26,3,104574,0,0,0,1,1,1,1,0,0,0
191989,Dragon Glyph,,,,0,10,0,3,21955,23767,0,0,0,1,1,1,0,0,0
192004,Tuskarr Fisher,,,,0,7,0,0,105760,105762,105640,105827,1,1,1,1,34784,0,0
192008,Funeral Boat,,,,0,10,0,0,107929,0,0,0,0,1,1,1,0,0,0
192013,Wild Duckling,,,,0,8,0,0,106636,0,0,0,1,1,1,1,0,0,0
192014,Plucky Duckling,,,,0,8,0,0,106640,0,0,0,1,1,1,1,0,0,0
192017,Black Slyvern Pup,,,,0,8,0,3,106658,0,0,0,1,1,1,1,0,0,0
192019,Whitewhisker,,,,0,8,0,3,106660,0,0,0,1,1,1,1,0,0,0
192028,Trunkalumpf,,,,0,8,0,0,106617,106616,106618,0,60,39,1,1,0,0,0
192029,Storm-Touched Stomper,,,,0,14,0,0,109393,0,0,0,1,1,1,1,0,0,0
192031,Generic Bunny,,,,0,10,0,3,22903,11686,0,0,0,1,1,1,0,0,0
192035,Garden Filly,,,,0,8,0,0,104722,104723,0,0,1,1,1,1,0,0,0
192042,Dusky Timbertooth,,,,0,8,0,0,106664,0,0,0,1,1,1,1,0,0,0
192044,Tiny Timbertooth,,,,0,8,0,0,106665,106666,0,0,85,15,1,1,0,0,0
192046,Storm-Touched Timbertooth,,,,0,8,0,0,109390,0,0,0,1,1,1,1,0,0,0
192047,Scruffy Ottuk,,,,0,8,0,0,106610,106614,106611,0,75,20,5,1,0,0,0
192049,Swoglet,,,,0,8,0,0,108296,108297,0,0,1,1,1,1,0,0,0
192050,Snowlemental,,,,0,8,0,0,108315,0,0,0,1,1,1,1,0,0,0
192058,Igneoid,,,,0,8,0,0,108322,0,0,0,1,1,1,1,0,0,0
192059,Palamanther,,,,0,8,0,0,106623,106622,106626,0,78,20,2,1,0,0,0
192064,Storm-Touched Stomper,,,,0,8,0,0,109393,0,0,0,1,1,1,1,0,0,0
192065,Grassland Stomper,,,,0,8,0,0,106651,0,0,0,1,1,1,1,0,0,0
192067,Bloodbiter,,,,0,12,0,0,109396,0,0,0,1,1,1,1,0,0,0
192068,Thunderfoot Calf,,,,0,8,0,0,106653,0,0,0,1,1,1,1,0,0,0
192069,Vorquin Runt,,,,0,8,0,0,106674,0,0,0,1,1,1,1,0,0,0
192070,Pale Baby Vorquin,,,,0,8,0,0,106675,0,0,0,1,1,1,1,0,0,0
192082,Tuskarr Child,,,,0,7,0,0,106221,102846,102832,106408,1,1,1,1,0,0,0
192091,Archmage Khadgar,,,,1,7,0,0,107041,0,0,0,1,1,1,1,23998,0,0
192095,Ironbeak Duck,,,,0,8,0,0,106632,106634,106631,0,49,49,2,1,0,0,0
192097,Faceripper,,,,0,12,0,0,109395,0,0,0,1,1,1,1,0,0,0
192098,Storm-Touched Bluefeather,,,,0,8,0,3,109392,0,0,0,1,1,1,1,0,0,0
192099,Treeflitter,,,,0,8,0,0,106609,106608,106605,0,80,19,1,1,0,0,0
192100,[PH] Silver Flying Squirrel,,,,0,8,0,0,106608,0,0,0,1,1,1,1,0,0,0
192101,Shyfly,,,,0,8,0,2,109132,0,0,0,1,1,1,1,0,0,0
192102,Snowy Treeflitter,,,,0,8,0,0,106597,0,0,0,1,1,1,1,0,0,0
192103,Pricklefury Hare,,,,0,8,0,0,106594,106595,106596,0,69,30,1,1,0,0,0
192104,Magma Slug,,,,0,8,0,0,108234,0,0,0,1,1,1,1,0,0,0
192106,Tina,,,,0,12,0,0,109397,0,0,0,1,1,1,1,0,0,0
192107,Woodbiter Piculet,,,,0,8,0,3,106655,106657,0,0,1,1,1,1,0,0,0
192108,Scout,,,,0,12,0,0,110085,0,0,0,1,1,1,1,0,0,0
192110,Narsysix,,,,1,2,0,0,107704,107705,107703,0,1,0,0,1,0,0,0
192190,Target Bunny,,,,0,10,0,3,65939,11686,0,0,0,1,1,1,0,0,0
192203,Master Mathias Shaw,,Leader of SI:7,,1,7,0,0,72253,0,0,0,1,1,1,1,47104,47104,0
192232,Windscourge Dragon,,,,0,2,0,3,107754,0,0,0,1,1,1,1,0,0,0
192241,Scalecommander Azurathel,,Obsidian Warders,,0,7,0,0,102032,107028,0,0,1,0,1,1,0,0,0
192242,Steward Portos,,,,0,7,0,0,107764,0,0,0,1,1,1,1,0,0,0
192245,Kodethi,,Dark Talons,,0,7,0,0,102030,104821,0,0,0,1,1,1,0,0,0
192246,Dervishian,,Obsidian Warders,,0,7,0,0,102175,102176,0,0,1,0,1,1,0,0,0
192249,Grizzlefur Cub,,,,0,8,0,0,107767,0,0,0,1,1,1,1,0,0,0
192251,Razortooth Bear Cub,,,,0,14,0,0,107768,0,0,0,1,1,1,1,0,0,0
192252,Razortooth Bear Cub,,,,0,8,0,0,107768,0,0,0,1,1,1,1,0,0,0
192254,Stoneshell,,,,0,14,0,0,107772,107773,107769,0,70,25,5,1,0,0,0
192255,Stoneshell,,,,0,8,0,0,107772,107773,107769,0,70,25,5,1,0,0,0
192256,Storm-Touched Ottuk,,,,0,14,0,0,109391,0,0,0,1,1,1,1,0,0,0
192257,Storm-Touched Ottuk,,,,0,8,0,0,109391,0,0,0,1,1,1,1,0,0,0
192258,Echo of the Cave,,,,0,12,0,0,109303,0,0,0,1,1,1,1,0,0,0
192259,Storm-Touched Bluefeather,,,,0,14,0,3,109392,0,0,0,1,1,1,1,0,0,0
192260,Chalkshell Turtle,,,,0,14,0,0,107774,0,0,0,1,1,1,1,0,0,0
192261,Chalkshell Turtle,,,,0,8,0,0,107774,0,0,0,1,1,1,1,0,0,0
192265,Azure Crystalspine,,,,0,14,0,0,107776,0,0,0,1,1,1,1,0,0,0
192267,Azure Crystalspine,,,,0,8,0,0,107776,0,0,0,1,1,1,1,0,0,0
192268,Crimsonspine,,,,0,14,0,0,107778,0,0,0,1,1,1,1,0,0,0
192269,Crimsonspine,,,,0,8,0,0,107778,0,0,0,1,1,1,1,0,0,0
192308,Azuresworn Drakonid,,,,0,2,0,0,105787,105788,0,0,1,1,1,1,192519,0,0
192310,Dervishian,,Obsidian Warders,,0,7,0,0,102175,102176,0,0,1,0,1,1,191694,0,0
192311,Dark Talon,,,,0,7,0,0,104839,104840,104841,104842,1,1,1,1,0,0,0
192312,Kodethi,,Dark Talons,,0,7,0,0,102030,104821,0,0,0,1,1,1,0,0,0
192322,Archmage Khadgar,,,,1,7,0,0,107041,0,0,0,1,1,1,1,0,0,0
192323,Trapped Whelpling,,,,1,2,0,3,100197,0,0,0,1,1,1,1,0,0,0
192335,Arch Enchanter Celeste,,,,0,7,0,0,107809,0,0,0,1,1,1,1,43617,0,0
192337,Void Tendril,,,,0,15,0,0,100362,0,0,0,1,1,1,1,0,0,0
192338,Fire Elemental,,,,0,4,0,0,102504,0,0,0,1,1,1,1,0,0,0
192342,Race Disrupting Fire Elemental,,,,0,4,0,0,102504,0,0,0,1,1,1,1,0,0,0
192343,Snowclaw Cub,,,,0,12,0,0,107812,0,0,0,1,1,1,1,0,0,0
192349,Carrion Widow,,,,0,8,0,0,105841,77652,0,0,1,1,1,1,0,0,0
192350,Bugbiter Tortoise,,,,0,12,0,0,107818,0,0,0,1,1,1,1,0,0,0
192354,Obsidian Warder,,,,0,7,0,0,104843,104844,104845,104846,1,1,1,1,0,0,0
192355,Dark Talon,,,,0,7,0,0,104841,104842,104839,104840,1,1,1,1,0,0,0
192363,Diamond Crab,,,,0,12,0,0,107825,0,0,0,1,1,1,1,0,0,0
192365,Sapphire Crab,,,,0,12,0,0,107826,0,0,0,1,1,1,1,0,0,0
192366,Truesilver Crab,,,,0,12,0,0,107827,0,0,0,1,1,1,1,0,0,0
192368,Striped Snakebiter,,,,0,14,0,0,107830,0,0,0,1,1,1,1,0,0,0
192369,Roseate Hopper,,,,0,12,0,0,107831,0,0,0,1,1,1,1,0,0,0
192403,Soridormi,,,,1,2,0,0,106009,0,0,0,1,1,1,1,0,0,0
192404,Siaszerathel,,The Timewalkers,,0,7,0,0,104861,0,0,0,1,1,1,1,197837,192169,0
192406,Scalecommander Emberthal,,,,0,7,0,0,102031,0,0,0,1,1,1,1,0,0,0
192409,Scalecommander Emberthal,,,,0,7,0,0,102031,0,0,0,1,1,1,1,0,0,0
192474,Zepharion,,,,1,2,0,0,107875,107873,107874,0,1,0,0,1,0,0,0
192478,Ring,,,,0,10,0,3,21955,23767,0,0,0,1,1,1,0,0,0
192479,Ring,,,,0,10,0,3,21955,23767,0,0,0,1,1,1,0,0,0
192502,Fallen Iskaara Tuskarr,,,,0,7,0,0,105760,105759,105762,105640,1,1,1,1,0,0,0
192519,Monstrous Mud,,,,1,4,0,0,102565,0,0,0,1,1,1,1,0,0,0
192528,Winds of the Isles,,,,0,10,0,3,21955,23767,0,0,0,1,1,1,0,0,0
192535,Stormwind City Guard,,,,0,7,0,0,3167,0,0,0,1,1,1,1,1899,143,2551
192545,Stormwind Gryphon Rider,,,,0,7,0,3,37310,0,0,0,50,1,1,1,1899,143,2551
192552,Steward Saphos,,,,0,7,0,0,107910,0,0,0,1,1,1,1,0,0,0
192564,Myridian,,,,1,2,0,0,107921,107919,107920,0,1,0,0,1,0,0,0
192576,Grasstail Butterfly,,,,0,8,0,3,104044,104041,0,0,1,1,1,1,0,0,0
192577,Grove Widow,,,,0,8,0,0,45908,87862,0,0,1,1,1,1,0,0,0
192579,Mother Elion,,The Last Eggtender,,1,2,0,0,110043,0,0,0,1,1,1,1,0,0,0
192585,Hungry Eft,,,,0,8,0,0,106630,0,0,0,1,1,1,1,0,0,0
192593,Azure Defender,,,,0,7,0,0,107935,107932,107933,107934,1,1,1,1,162006,0,0
192602,Arch Instructor Celeste,,,,0,7,0,0,107809,0,0,0,1,1,1,1,43617,0,0
192604,Custodian Cynegos,,,,0,7,0,0,107042,0,0,0,1,1,1,1,0,0,0
192605,Steward Portos,,,,0,7,0,0,107764,0,0,0,1,1,1,1,0,0,0
192606,Steward Saphos,,,,0,7,0,0,107910,0,0,0,1,1,1,1,0,0,0
192607,Caddy Scattershot,,,,0,7,0,0,107761,0,0,0,1,1,1,1,169863,0,0
192615,Iskaara Fisher,,,,0,7,0,0,105828,0,0,0,1,1,1,1,0,0,0
192616,Iskaara Fisher,,,,0,7,0,0,105759,0,0,0,1,1,1,1,0,0,0
192638,Vorquin Filly,,,,0,8,0,0,104722,104723,0,0,1,1,1,1,0,0,0
192649,Malfurion Stormrage,,,,1,7,0,0,70004,0,0,0,1,1,1,1,0,0,0
192653,Tyrande Whisperwind,,,,1,7,0,0,101941,0,0,0,1,1,1,1,0,0,0
192655,Ysera,,,,1,2,0,0,104795,0,0,0,1,1,1,1,0,0,0
192656,Somnikus,,,,1,2,0,0,106210,0,0,0,1,1,1,1,0,0,0
192661,Evorian,,,,1,2,0,0,107947,107304,107305,0,1,1,1,1,0,0,0
192691,Race Disrupting Air Elemental,,,,0,4,0,0,102511,0,0,0,1,1,1,1,0,0,0
192724,Aru,,,,0,7,0,0,105626,0,0,0,1,1,1,1,0,0,189502
192731,Arcane Missile,,,,0,9,0,3,106809,0,0,0,1,1,1,1,0,0,0
192734,Osoria,,,,1,2,0,0,107198,0,0,0,1,1,1,1,0,0,0
192735,Evorian,,,,1,2,0,0,107304,0,0,0,1,1,1,1,0,0,0
192746,Generic Bunny,,,,0,10,0,3,22903,11686,0,0,0,1,1,1,0,0,0
192750,Miva Star-Eye,,,,0,7,0,0,107963,0,0,0,1,1,1,1,0,0,0
192751,Julk,,,,0,7,0,0,105827,0,0,0,1,1,1,1,0,0,0
192752,Arcane Detector,,,,0,4,0,0,57522,0,0,0,1,1,1,1,0,0,0
192753,Toolk,,,,0,7,0,0,102846,0,0,0,1,1,1,1,0,0,0
192756,Toolk,,,,0,7,0,0,102846,0,0,0,1,1,1,1,0,0,0
192757,Toolk,,,,0,7,0,0,102846,0,0,0,1,1,1,1,0,0,0
192758,Palv,,,,0,7,0,0,107964,0,0,0,1,1,1,1,0,0,0
192760,Shala,,,,0,7,0,0,105829,0,0,0,1,1,1,1,0,0,0
192793,Hungry Hatchling,,,,0,12,0,0,107818,0,0,0,1,1,1,1,0,0,0
192804,Hungry Slyvern Kit,,,,0,8,0,0,106660,0,0,0,1,1,1,1,0,0,0
192808,Hungry Otter Pup,,,,0,8,0,0,106610,0,0,0,1,1,1,1,0,0,0
192810,Hungry Swoglet,,,,6,2,303,0,109979,0,0,0,1,1,1,1,0,0,0
192819,Timewalker Warden,,The Timewalkers,,1,7,0,0,106125,106124,106122,106121,1,1,1,1,178670,107158,0
192823,Kalecgos,,,,1,2,0,0,105921,0,0,0,1,1,1,1,197918,197919,0
192893,Kodethi,,Dark Talons,,0,7,0,0,102030,104821,0,0,0,1,1,1,0,0,0
192904,Ring,,,,0,10,0,3,21955,23767,0,0,0,1,1,1,0,0,0
192905,Ring,,,,0,10,0,3,21955,23767,0,0,0,1,1,1,0,0,0
192906,Ring,,,,0,10,0,3,21955,23767,0,0,0,1,1,1,0,0,0
192907,Ring,,,,0,10,0,3,21955,23767,0,0,0,1,1,1,0,0,0
192908,Ring,,,,0,10,0,3,21955,23767,0,0,0,1,1,1,0,0,0
192909,Ring,,,,0,10,0,3,21955,23767,0,0,0,1,1,1,0,0,0
192910,Ring,,,,0,10,0,3,21955,23767,0,0,0,1,1,1,0,0,0
192911,Ring,,,,0,10,0,3,21955,23767,0,0,0,1,1,1,0,0,0
192912,Ring,,,,0,10,0,3,21955,23767,0,0,0,1,1,1,0,0,0
192913,Ring,,,,0,10,0,3,21955,23767,0,0,0,1,1,1,0,0,0
192958,Lightning Strike,,,,0,10,0,3,91578,11686,0,0,0,1,1,1,0,0,0
192970,Despondent Duckling,,,,0,12,0,0,106641,0,0,0,1,1,1,1,0,0,0
192971,Stormwind City Guard,,,,0,7,0,0,99391,0,0,0,1,1,1,1,1899,143,2551
192974,Obsidian Warder,,,,0,7,0,0,104843,0,0,0,1,1,1,1,0,0,0
192975,Obsidian Warder,,,,0,7,0,0,104844,0,0,0,1,1,1,1,0,0,0
192976,Obsidian Warder,,,,0,7,0,0,104846,0,0,0,1,1,1,1,0,0,0
192987,Ring,,,,0,10,0,3,21955,23767,0,0,0,1,1,1,0,0,0
192988,Ring,,,,0,10,0,3,21955,23767,0,0,0,1,1,1,0,0,0
192989,Ring,,,,0,10,0,3,21955,23767,0,0,0,1,1,1,0,0,0
192990,Ring,,,,0,10,0,3,21955,23767,0,0,0,1,1,1,0,0,0
192991,Ring,,,,0,10,0,3,21955,23767,0,0,0,1,1,1,0,0,0
192992,Ring,,,,0,10,0,3,21955,23767,0,0,0,1,1,1,0,0,0
192993,Ring,,,,0,10,0,3,21955,23767,0,0,0,1,1,1,0,0,0
192994,Ring,,,,0,10,0,3,21955,23767,0,0,0,1,1,1,0,0,0
192995,Ring,,,,0,10,0,3,21955,23767,0,0,0,1,1,1,0,0,0
192996,Ring,,,,0,10,0,3,21955,23767,0,0,0,1,1,1,0,0,0
193000,Kindlet,,,,0,14,0,0,108033,108034,0,0,5,1,1,1,0,0,0
193001,Kindlet,,,,0,8,0,0,108033,108034,0,0,5,1,1,1,0,0,0
193002,Fire Sphere,,,,0,4,0,0,108035,0,0,0,1,1,1,1,0,0,0
193003,Proto-Drake,,,,1,2,0,3,109684,109685,109686,109687,1,1,1,1,0,0,0
193024,Emberling,,,,0,14,0,0,108050,0,0,0,1,1,1,1,0,0,0
193026,Emberling,,,,0,8,0,0,108050,0,0,0,1,1,1,1,0,0,0
193033,Spell Bunny,,,,0,10,0,3,1126,11686,0,0,0,1,1,1,0,0,0
193045,Orgrimmar Grunt,,,,0,7,0,0,4260,0,0,0,1,1,1,1,5289,0,2507
193046,Orgrimmar Grunt,,,,0,7,0,0,99451,0,0,0,1,1,1,1,5289,0,2507
193047,Orgrimmar Grunt,,,,0,7,0,0,4259,0,0,0,1,1,1,1,5289,0,2507
193048,Orgrimmar Grunt,,,,0,7,0,0,99452,0,0,0,1,1,1,1,5289,0,2507
193050,Darkspear Headhunter,,,,0,7,0,0,48528,0,0,0,1,1,1,1,13631,0,0
193051,Darkspear Headhunter,,,,0,7,0,0,48526,0,0,0,1,1,1,1,13631,0,0
193055,Dark Talon,,,,0,7,0,0,104841,0,0,0,1,1,1,1,0,0,0
193056,Dark Talon,,,,0,7,0,0,104842,0,0,0,1,1,1,1,0,0,0
193057,Dark Talon,,,,0,7,0,0,104839,0,0,0,1,1,1,1,0,0,0
193058,Dark Talon,,,,0,7,0,0,104840,0,0,0,1,1,1,1,0,0,0
193168,Biryuk,,,,4,1,52,0,108100,0,0,0,1,1,1,1,0,0,0
193177,Beakers,,,,4,1,12,0,108103,108104,0,0,1,3,1,1,0,0,0
193185,Champion Ugi,,,,1,7,0,0,106458,0,0,0,1,1,1,1,88846,0,0
193186,Blacktalon Sentry,,,,0,2,0,0,102198,0,0,0,1,1,1,1,56912,0,0
193191,Champion Ugi's Mount,,,,1,7,0,0,42295,0,0,0,1,1,1,1,0,0,0
193213,Zepharion,,,,1,2,0,0,107873,0,0,0,0,1,1,1,0,0,0
193254,Bloodgullet,,,,4,1,46,0,108129,0,0,0,1,1,1,1,0,0,0
193272,Nalrusza,,,,4,1,7,0,107364,0,0,0,1,1,1,1,0,0,0
193289,Injured Mage,,,,0,7,0,0,107299,106319,106320,106321,1,1,1,1,0,0,0
193316,Race Disrupting Storm Elemental,,,,0,4,0,0,100212,0,0,0,1,1,1,1,0,0,0
193331,Evorian,,,,1,2,0,0,107303,0,0,0,1,1,1,1,0,0,0
193332,Vazallia,,,,1,2,0,0,107251,0,0,0,1,1,1,1,0,0,0
193334,Ekrazathal,,Brood of the Incarnate,,1,2,0,0,107315,0,0,0,1,1,1,1,0,0,0
193335,Scalecommander Sarkareth,,The Ebon Scales,,1,7,0,0,104904,0,0,0,1,1,1,1,0,0,0
193343,Kurog Grimtotem,,The Grand Summoner,,1,7,0,2,106356,0,0,0,1,1,1,1,0,0,0
193351,Snowball,,,,0,4,0,0,108191,0,0,0,1,1,1,1,0,0,0
193362,Sendrax,,,,0,2,0,0,107673,0,0,0,1,1,1,1,191706,193841,0
193363,Sendrax,,,,0,2,0,0,107673,0,0,0,1,1,1,1,191706,193841,0
193365,Toddy Whiskers,,,,0,7,0,0,105170,0,0,0,1,1,1,1,194962,0,0
193366,Naleidea Rivergleam,,,,0,7,0,0,105169,0,0,0,1,1,1,1,0,0,0
193371,Wrathion,,The Black Prince,,1,2,0,0,107146,107945,107055,0,1,0,0,1,0,0,0
193372,Majordomo Selistra,,,,1,2,0,0,108032,107040,108822,0,1,0,0,1,0,0,0
193377,Alexstrasza the Life-Binder,,Queen of the Dragons,,1,2,0,0,28227,92146,0,0,1,0,1,1,189547,0,0
193432,Trueborn Rainmaker,,Primalist,,0,2,0,0,106883,0,0,0,1,1,1,1,0,0,0
193435,Kyrakka,,,,1,2,0,0,107137,0,0,0,1,1,1,1,0,0,0
193436,Ruby Mallard,,,,6,1,125,0,104680,104676,0,0,1,1,1,1,0,0,0
193439,Sendrax,,,,0,2,0,0,110924,0,0,0,1,1,1,1,191706,193841,0
193440,Molten Primalist,,,,0,7,0,0,102963,102964,102965,102966,1,1,1,1,0,0,0
193528,Dragon Glyph,,,,0,10,0,3,21955,23767,0,0,0,1,1,1,0,0,0
193561,Oopa,,,,0,1,300,0,100386,0,0,0,1,1,1,1,0,0,0
193580,Overwrought Otter,,,,0,8,0,0,106610,0,0,0,1,1,1,1,0,0,0
193596,Scavenging Hullripper,,,,1,1,8,0,108237,0,0,0,1,1,1,1,0,0,0
193601,Despondent Duckling,,,,0,12,0,0,106641,0,0,0,1,1,1,1,0,0,0
193610,Player,,,,0,10,0,0,100014,0,0,0,1,1,1,1,0,0,0
193617,Keeper Tyr,,,,0,9,0,0,110388,0,0,0,1,1,1,1,0,0,0
193628,Anxious Eft,,,,0,8,0,0,106630,0,0,0,1,1,1,1,0,0,0
193630,Qalashi Magmammoth,,,,1,7,0,0,102633,0,0,0,1,1,1,1,0,0,0
193635,Polymorphed Sheep,,,,0,8,0,0,856,857,0,0,2,1,1,1,0,0,0
193637,Jinkutuk,,Herbalism Trainer,,0,7,0,0,108246,0,0,0,1,1,1,1,0,0,0
193638,Sorrowful Slyvern,,,,0,8,0,0,106660,0,0,0,1,1,1,1,0,0,0
193641,Qalashi Wallcrasher,,,,1,7,0,0,102482,102461,102492,102457,1,1,1,1,192105,192138,0
193642,Ancient Dreadsquall,,,,1,1,26,3,104574,0,0,0,1,1,1,1,0,0,0
193646,Qalashi Bonebreakers,,,,1,7,0,0,102498,102462,0,0,1,1,1,1,192045,0,0
193701,Bark Moth,,,,0,8,0,3,36953,36955,0,0,1,1,1,1,0,0,0
193742,Jump,,,,0,10,0,3,21955,23767,0,0,0,1,1,1,0,0,0
193779,Baby Scalebiter,,,,0,8,0,0,104667,104666,0,0,1,1,1,1,0,0,0
193831,Soridormi,,,,1,2,0,0,108314,0,0,0,1,1,1,1,0,0,0
193837,Archmage Khadgar,,,,1,7,0,0,107041,0,0,0,1,1,1,1,23998,0,0
193842,Arcane Disc,,,,6,7,0,3,108317,0,0,0,1,1,1,1,0,0,0
193844,Iskaara Fisher,,,,0,7,0,0,105760,105759,105762,105640,1,1,1,1,34784,0,0
193877,Lukoturukk,,Catch Counter,,0,7,0,0,108325,0,0,0,1,1,1,1,0,0,0
193878,Iristella,,Fishmonger's Assistant,,0,7,0,0,108356,0,0,0,1,1,1,1,0,0,0
193879,Iristimat,,,,0,7,0,0,108358,0,0,0,1,1,1,1,0,0,0
193903,Winds of the Isles,,,,0,10,0,3,21955,23767,0,0,0,1,1,1,0,0,0
193905,Wrathion,,The Black Prince,,1,2,0,0,107146,107945,0,0,0,1,1,1,0,0,0
193909,Raszageth,,The Storm-Eater,,1,2,0,3,103255,0,0,0,1,1,1,1,0,0,0
193910,Kalecgos,,,,1,2,0,3,105921,0,0,0,1,1,1,1,0,0,0
193929,Bunny,,,,0,10,0,3,100007,13069,0,0,0,1,1,1,0,0,0
193930,Kalecgos,,,,1,2,0,3,105921,0,0,0,1,1,1,1,0,0,0
193935,Bunny,,,,0,10,0,3,100007,13069,0,0,0,1,1,1,0,0,0
193954,Dervishian,,Obsidian Warders,,0,7,0,0,102175,102176,0,0,1,0,1,1,0,0,0
193964,Baine Bloodhoof,,High Chieftain,,1,7,0,0,30272,0,0,0,1,1,1,1,0,0,0
193977,Jakkerittua,,Catch Counter,,0,7,0,0,108326,0,0,0,1,1,1,1,10772,0,0
194004,Shiverweb Broodling,,,,0,12,0,0,100535,0,0,0,1,1,1,1,0,0,0
194010,Wrathion,,The Black Prince,,1,2,0,0,107146,0,0,0,1,1,1,1,0,0,0
194011,Wrathion,,The Black Prince,,1,2,0,3,107945,0,0,0,1,1,1,1,0,0,0
194012,Majordomo Selistra,,,,1,2,0,0,108032,0,0,0,1,1,1,1,0,0,0
194013,Majordomo Selistra,,,,1,2,0,3,107040,0,0,0,1,1,1,1,0,0,0
194022,Wrathion,,The Black Prince,,1,2,0,0,107146,107945,0,0,1,0,1,1,0,0,0
194029,Zahkrana,,,,1,2,0,0,102719,0,0,0,1,1,1,1,0,0,0
194030,Ruby Tender,,,,0,2,0,0,102657,102655,102654,102656,1,1,1,1,0,0,0
194031,Hanu,,,,0,7,0,0,105635,0,0,0,1,1,1,1,0,0,0
194032,Captain Drine,,First Talon of Valdrakken,,1,2,0,0,104938,0,0,0,1,1,1,1,0,0,0
194033,Khanam Matra Sarest,,,,1,7,0,0,102101,0,0,0,1,1,1,1,0,0,0
194034,Watcher Koranos,,,,1,9,0,0,105551,0,0,0,1,1,1,1,0,0,0
194037,Unpiat,,Catch Counter,,0,7,0,0,108323,0,0,0,1,1,1,1,0,0,0
194059,Rokkutuk,,Lead Craftsman,,0,7,0,0,105859,0,0,0,1,1,1,1,0,0,0
194090,Elder Tunipital,,,,0,7,0,0,108384,0,0,0,1,1,1,1,0,0,0
194126,Naleidea Rivergleam,,,,0,7,0,0,105169,0,0,0,1,1,1,1,0,0,0
194127,Toddy Whiskers,,,,0,7,0,0,105170,0,0,0,1,1,1,1,194962,0,0
194129,Sendrax,,,,0,2,0,0,107673,0,0,0,1,1,1,1,191706,193841,0
194136,Eraleshk,,,,0,7,0,0,108452,0,0,0,1,1,1,1,0,0,0
194137,Dracthyr's Wheelchair,,,,0,10,0,0,36356,0,0,0,1,1,1,1,0,0,0
194141,Growing Hoard of Draconic Delicacies,,,,0,10,0,0,108655,0,0,0,1,1,1,1,0,0,0
194148,Tuskarr Snow Head,,,,0,10,0,0,108398,0,0,0,0,1,1,1,0,0,0
194172,Somnikus,,,,1,2,0,0,105802,0,0,0,1,1,1,1,0,0,0
194173,Ysera,,,,1,2,0,0,105956,0,0,0,1,1,1,1,0,0,0
194189,Kill Credit,,,,0,10,0,0,11686,0,0,0,1,1,1,1,0,0,0
194198,Merithra,,,,1,2,0,0,91239,0,0,0,1,1,1,1,0,0,0
194217,Emerald Drake,,,,1,2,0,3,106223,106224,106229,106230,1,1,1,1,0,0,0
194237,Malicia,,,,1,2,0,0,108418,0,0,0,1,1,1,1,0,0,0
194271,Kirin Tor Mage,,,,0,7,0,0,106322,0,0,0,1,1,1,1,0,0,0
194323,Hudson,,,,0,7,0,0,108449,0,0,0,1,1,1,1,0,0,0
194327,Chronomancer Phosildral,,,,0,7,0,0,108454,0,0,0,1,1,1,1,0,0,0
194328,Scout Tomul,,,,0,7,0,0,105533,0,0,0,1,1,1,1,0,0,189505
194340,Spell Bunny,,,,0,10,0,3,1126,11686,0,0,0,1,1,1,0,0,0
194353,Dream Locus,,,,0,4,0,0,106662,0,0,0,1,1,1,1,0,0,0
194394,Sibrit Clacketpage,,,,0,7,0,0,108548,0,0,0,1,1,1,1,0,0,0
194442,Aru,,,,0,7,0,0,105626,0,0,0,1,1,1,1,0,0,198358
194443,Belika,,,,0,7,0,0,105625,0,0,0,1,1,1,1,198361,0,0
194479,Sprightly Butterfly,,,,0,8,0,3,104040,104042,104041,0,1,1,1,1,0,0,0
194498,Freezing Front,,,,0,7,0,0,101196,0,0,0,1,1,1,1,0,0,0
194499,Drenched Rager,,,,0,7,0,0,101201,0,0,0,1,1,1,1,0,0,0
194542,Alexstrasza the Life-Binder,,Queen of the Dragons,,1,2,0,0,108614,0,0,0,1,1,1,1,189547,0,0
194543,Magmasworn Trueborn,,,,0,2,0,3,107377,0,0,0,1,1,1,1,0,0,0
194546,Wrathion,,The Black Prince,,1,2,0,0,108616,0,0,0,1,1,1,1,189547,0,0
194571,Dracthyr's Wheelchair Wheel,,,,0,10,0,0,36355,0,0,0,0,1,1,1,0,0,0
194574,Primalist Ideologue,,,,0,7,0,0,102947,0,0,0,1,1,1,1,0,0,0
194579,Dracthyr's Wheelchair,,,,0,10,0,0,36356,0,0,0,1,1,1,1,0,0,0
194596,Kill Credit,,,,0,10,0,0,11686,0,0,0,1,1,1,1,0,0,0
194616,Crannog Wildhammer,,,,0,7,0,0,108649,0,0,0,1,1,1,1,0,0,0
194617,Scratchy,,,,0,7,0,0,108650,0,0,0,1,1,1,1,0,0,0
194619,Qalashi Scaleripper,,,,1,7,0,0,102486,102485,102484,102483,1,1,1,1,192073,192073,0
194620,Kill Credit,,,,0,10,0,0,11686,0,0,0,1,1,1,1,0,0,0
194636,Khanam Matra Sarest,,,,1,7,0,0,102101,0,0,0,1,1,1,1,0,0,0
194637,Bronze Worker,,,,0,2,0,0,107025,0,0,0,1,1,1,1,0,0,0
194639,Dragon Glyph,,,,0,10,0,3,21955,23767,0,0,0,1,1,1,0,0,0
194640,Tigari Khan,,,,1,7,0,0,102113,0,0,0,1,1,1,1,0,0,0
194641,Nokhud Brute,,,,0,7,0,0,107540,107541,0,0,1,1,1,1,198361,0,0
194669,Mistvale Physician,,,,0,2,0,0,104859,105084,0,0,1,1,1,1,0,0,0
194674,Expedition Provisioner,,,,0,7,0,0,84092,78478,88547,82693,1,1,1,1,0,0,0
194695,Dragon Glyph,,,,0,10,0,3,21955,23767,0,0,0,1,1,1,0,0,0
194709,Dragon Glyph,,,,0,10,0,3,21955,23767,0,0,0,1,1,1,0,0,0
194720,Grizzlefur Cub,,,,0,14,0,0,107767,0,0,0,1,1,1,1,0,0,0
194746,Pinkee Rizzo,,,,0,7,0,0,108676,0,0,0,1,1,1,1,0,0,0
194754,Wind Eagle,,T1 Melee,,0,1,26,3,101438,0,0,0,1,1,1,1,0,0,0
194774,Majordomo Selistra,,,,1,2,0,0,107040,108032,108822,0,1,0,0,1,0,0,0
194796,Ohn'ahra,,,,1,1,0,3,106285,0,0,0,1,1,1,1,0,0,0
194818,Dragon Glyph,,,,0,10,0,3,21955,23767,0,0,0,1,1,1,0,0,0
194819,Dragon Glyph,,,,0,10,0,3,21955,23767,0,0,0,1,1,1,0,0,0
194820,Dragon Glyph,,,,0,10,0,3,21955,23767,0,0,0,1,1,1,0,0,0
194821,Dragon Glyph,,,,0,10,0,3,21955,23767,0,0,0,1,1,1,0,0,0
194822,Maruukai Villager,,,,6,7,0,0,108225,108226,108227,108229,1,1,1,1,0,0,0
194823,Hearthkeeper Berulan,,Innkeeper,,0,7,0,0,107427,0,0,0,1,1,1,1,0,0,0
194893,Gray Marmoni,,,,0,12,0,0,108710,0,0,0,1,1,1,1,0,0,0
194927,Gemisath,,Emerald Emissary,,0,2,0,0,108716,0,0,0,1,1,1,1,0,0,0
194929,Pack Musken,,,,0,1,157,0,65866,65863,65774,0,1,1,1,1,0,0,0
194932,Ohn'ir Windsage,,,,0,7,0,0,104469,104468,0,0,1,1,1,1,0,0,0
194958,Boku,,,,0,7,0,0,106250,0,0,0,1,1,1,1,0,0,189505
194972,Dragon Glyph,,,,0,10,0,3,21955,23767,0,0,0,1,1,1,0,0,0
194982,Dragon Glyph,,,,0,10,0,3,21955,23767,0,0,0,1,1,1,0,0,0
194984,Dragon Glyph,,,,0,10,0,3,21955,23767,0,0,0,1,1,1,0,0,0
195017,Dragon Glyph,,,,0,10,0,3,21955,23767,0,0,0,1,1,1,0,0,0
195020,Dragon Glyph,,,,0,10,0,3,21955,23767,0,0,0,1,1,1,0,0,0
195021,Dragon Glyph,,,,0,10,0,3,21955,23767,0,0,0,1,1,1,0,0,0
195023,Dragon Glyph,,,,0,10,0,3,21955,23767,0,0,0,1,1,1,0,0,0
195025,Dragon Glyph,,,,0,10,0,3,21955,23767,0,0,0,1,1,1,0,0,0
195028,Dragon Glyph,,,,0,10,0,3,21955,23767,0,0,0,1,1,1,0,0,0
195029,Dragon Glyph,,,,0,10,0,3,21955,23767,0,0,0,1,1,1,0,0,0
195030,Dragon Glyph,,,,0,10,0,3,21955,23767,0,0,0,1,1,1,0,0,0
195031,Dragon Glyph,,,,0,10,0,3,21955,23767,0,0,0,1,1,1,0,0,0
195034,Dragon Glyph,,,,0,10,0,3,21955,23767,0,0,0,1,1,1,0,0,0
195044,Scout Tomul,,,,0,7,0,0,105533,0,0,0,1,1,1,1,0,0,189505
195065,Zooti Fizzlefury,,Kirin Tor,,0,7,0,0,60074,0,0,0,1,1,1,1,0,0,0
195066,Scrollsage Nola,,,,0,7,0,0,87378,0,0,0,1,1,1,1,0,0,0
195067,Dragon Glyph,,,,0,10,0,3,21955,23767,0,0,0,1,1,1,0,0,0
195068,Dragon Glyph,,,,0,10,0,3,21955,23767,0,0,0,1,1,1,0,0,0
195069,Dragon Glyph,,,,0,10,0,3,21955,23767,0,0,0,1,1,1,0,0,0
195070,Dragon Glyph,,,,0,10,0,3,21955,23767,0,0,0,1,1,1,0,0,0
195071,Dragon Glyph,,,,0,10,0,3,21955,23767,0,0,0,1,1,1,0,0,0
195073,Dragon Glyph,,,,0,10,0,3,21955,23767,0,0,0,1,1,1,0,0,0
195075,Dragon Glyph,,,,0,10,0,3,21955,23767,0,0,0,1,1,1,0,0,0
195076,Dragon Glyph,,,,0,10,0,3,21955,23767,0,0,0,1,1,1,0,0,0
195077,Dragon Glyph,,,,0,10,0,3,21955,23767,0,0,0,1,1,1,0,0,0
195078,Dragon Glyph,,,,0,10,0,3,21955,23767,0,0,0,1,1,1,0,0,0
195080,Chief Telemancer Oculeth,,,,0,7,0,0,73853,0,0,0,1,1,1,1,0,0,0
195100,Dragon Glyph,,,,0,10,0,3,21955,23767,0,0,0,1,1,1,0,0,0
195102,Dragon Glyph,,,,0,10,0,3,21955,23767,0,0,0,1,1,1,0,0,0
195105,Dragon Glyph,,,,0,10,0,3,21955,23767,0,0,0,1,1,1,0,0,0
195106,Dragon Glyph,,,,0,10,0,3,21955,23767,0,0,0,1,1,1,0,0,0
195109,Dragon Glyph,,,,0,10,0,3,21955,23767,0,0,0,1,1,1,0,0,0
195110,Dragon Glyph,,,,0,10,0,3,21955,23767,0,0,0,1,1,1,0,0,0
195111,Dragon Glyph,,,,0,10,0,3,21955,23767,0,0,0,1,1,1,0,0,0
195112,Dragon Glyph,,,,0,10,0,3,21955,23767,0,0,0,1,1,1,0,0,0
195113,Dragon Glyph,,,,0,10,0,3,21955,23767,0,0,0,1,1,1,0,0,0
195114,Dragon Glyph,,,,0,10,0,3,21955,23767,0,0,0,1,1,1,0,0,0
195153,Merithra,,,,1,2,0,0,91239,0,0,0,1,1,1,1,0,0,0
195169,Windsage Garuman,,,,0,7,0,0,108789,0,0,0,1,1,1,1,0,0,0
195185,Grasslands Calf,,,,6,1,157,0,107545,107547,107544,0,1,1,1,1,0,0,0
195203,Baby Scalebiter,,,,0,8,0,0,104664,104665,104667,0,2,2,1,1,0,0,0
195287,Swoglet,,,,0,14,303,0,108297,0,0,0,1,1,1,1,0,0,0
195295,Chromie,,,,1,2,0,3,105811,0,0,0,1,1,1,1,0,0,0
195317,Tuskarr,,,,0,7,0,0,105760,105759,105762,105640,1,1,1,1,0,0,0
195321,Caged Tuskarr,,,,0,7,0,0,105760,105759,105762,105640,1,1,1,1,0,0,0
195325,Acequian,,,,0,4,0,0,102546,0,0,0,1,1,1,1,0,0,0
195326,Tiny Drop,,,,6,8,0,0,104531,104530,0,0,1,1,1,1,0,0,0
195327,Nascent Stream,,,,6,4,0,2,102523,0,0,0,1,1,1,1,0,0,0
195350,Eager Freshscale,,,,0,7,0,0,108879,108881,108882,108883,1,1,1,1,0,0,0
195455,Avvara,,,,0,7,0,0,102071,0,0,0,1,1,1,1,0,0,0
195468,Eager Freshscale,,,,0,7,0,0,108879,108881,108882,108883,1,1,1,1,0,0,0
195484,Cavalier Drakerider,,,,0,2,0,0,108426,108427,108428,108431,1,1,1,1,0,0,0
195505,Grotesque Bulwark,,,,0,4,0,0,92767,0,0,0,0,1,1,1,0,0,0
195507,Aqir Harbinger,,,,0,15,0,0,91910,0,0,0,0,1,1,1,0,0,0
195510,Winged Ruin,,,,6,15,0,3,91809,0,0,0,0,1,1,1,0,0,0
195519,Cavalier Drakerider,,,,0,2,0,0,105268,0,0,0,1,1,1,1,0,0,0
195520,Cavalier Drakerider,,,,0,2,0,0,107056,0,0,0,1,1,1,1,0,0,0
195521,Shikaar Hunter,,,,0,7,0,0,108959,108960,0,0,1,1,1,1,0,0,0
195522,Cavalier Drakerider,,,,0,2,0,0,106003,0,0,0,1,1,1,1,0,0,0
195551,Eager Freshscale,,,,0,7,0,0,104187,103820,104321,0,1,1,1,1,0,0,0
195561,Race Controller,,,,0,7,0,0,21955,23767,0,0,0,1,1,1,0,0,0
195570,Dragonrider,,,,0,6,0,0,82305,0,0,0,1,1,1,1,0,0,0
195585,Stormbound Proto-Drake,,,,0,1,0,3,106434,0,0,0,1,1,1,1,0,0,0
195588,Salted Fish Credit,,,,0,10,0,0,11686,0,0,0,1,1,1,1,0,0,0
195589,Koroleth,,,,1,7,0,0,107111,0,0,0,1,1,1,1,115649,0,0
195590,Instructions Credit,,,,0,10,0,0,11686,0,0,0,1,1,1,1,0,0,0
195626,Race Controller,,,,0,7,0,0,21955,23767,0,0,0,1,1,1,0,0,0
195675,Tullek,,,,0,7,0,0,109380,0,0,0,1,1,1,1,0,0,0
195689,Peppersmelt Credit,,,,0,10,0,0,11686,0,0,0,1,1,1,1,0,0,0
195690,Dried Wyldermane Kelp Credit,,,,0,10,0,0,11686,0,0,0,1,1,1,1,0,0,0
195691,Hunk o' Blubber Credit,,,,0,10,0,0,11686,0,0,0,1,1,1,1,0,0,0
195692,Nappa's Famous Tea Credit,,,,0,10,0,0,11686,0,0,0,1,1,1,1,0,0,0
195693,Piping-Hot Orca Milk Credit,,,,0,10,0,0,11686,0,0,0,1,1,1,1,0,0,0
195694,Ancheevy Credit,,,,0,10,0,0,11686,0,0,0,1,1,1,1,0,0,0
195695,Tiny Leviathan Bone Credit,,,,0,10,0,0,11686,0,0,0,1,1,1,1,0,0,0
195745,Initiate Boku,,,,0,7,0,0,106250,0,0,0,1,1,1,1,0,0,0
195750,Jump,,,,0,10,0,3,21955,23767,0,0,0,1,1,1,0,0,0
195811,Sansok Khan,,,,1,7,0,0,102115,0,0,0,1,1,1,1,0,0,0
195812,Gerithus,,Son of the Dream,,1,2,0,0,106968,0,0,0,1,1,1,1,0,0,0
195829,Majordomo Selistra,,,,1,2,0,0,107040,108032,108822,0,0,1,0,1,0,0,0
195835,Scruffy Ottuk,,,,0,14,0,0,106614,106611,0,0,60,40,1,1,0,0,0
195856,Clubfish Credit,,,,0,10,0,0,11686,0,0,0,1,1,1,1,0,0,0
195857,Grungle Credit,,,,0,10,0,0,11686,0,0,0,1,1,1,1,0,0,0
195858,Iceback Sculpin Credit,,,,0,10,0,0,11686,0,0,0,1,1,1,1,0,0,0
195859,Lakkamuk Blenny Credit,,,,0,10,0,0,11686,0,0,0,1,1,1,1,0,0,0
195860,Manasucker Credit,,,,0,10,0,0,11686,0,0,0,1,1,1,1,0,0,0
195861,Rubbery Fish Head Credit,,,,0,10,0,0,11686,0,0,0,1,1,1,1,0,0,0
195862,Not-So-Tender Morsel Credit,,,,0,10,0,0,11686,0,0,0,1,1,1,1,0,0,0
195863,Tough Carp Credit,,,,0,10,0,0,11686,0,0,0,1,1,1,1,0,0,0
195864,Stirring Credit,,,,0,10,0,0,11686,0,0,0,1,1,1,1,0,0,0
195865,Tasting Credit,,,,0,10,0,0,11686,0,0,0,1,1,1,1,0,0,0
195866,Supervising Credit,,,,0,10,0,0,11686,0,0,0,1,1,1,1,0,0,0
195867,Escaped Fish Credit,,,,0,10,0,0,11686,0,0,0,1,1,1,1,0,0,0
195868,Bittershell Hermit Credit,,,,0,10,0,0,11686,0,0,0,1,1,1,1,0,0,0
195896,Chip,,,,0,12,0,0,109025,0,0,0,1,1,1,1,0,0,0
195899,Storm Huntress Suhrakka,,Storm Vendor,,0,7,0,0,72325,0,0,0,1,1,1,1,0,0,0
195912,Storm Hunter William,,Storm Vendor,,0,7,0,0,71246,0,0,0,1,1,1,1,0,0,0
195978,Darkglare,,,,0,3,19,0,109045,0,0,0,0,1,1,1,0,0,0
195982,Watcher Koranos,,,,1,9,0,0,105551,0,0,0,1,1,1,1,0,0,0
195996,Mythexthia,,,,1,2,0,0,107198,109047,0,0,0,1,1,1,0,0,0
196016,Lontupit,,Leatherworking Trainer,,0,7,0,0,109054,0,0,0,1,1,1,1,0,0,0
196018,Omapurita,,Tailoring Trainer,,0,7,0,0,109055,0,0,0,1,1,1,1,0,0,0
196099,Night Elf Mother,,,,0,7,0,0,98616,0,0,0,1,1,1,1,0,0,0
196104,Goblin Gyrocopter,,,,0,9,0,0,55660,0,0,0,1,1,1,1,0,0,0
196108,Goblin Gyrocopter,,,,0,7,0,3,89712,0,0,0,1,1,1,1,0,0,0
196142,Shikaar Ohuna,,,,0,1,26,3,100537,102071,0,0,1,1,1,1,0,0,0
196146,Fallen Imbu Tuskarr,,,,0,7,0,0,105760,105759,105762,105640,1,1,1,1,0,0,0
196156,Baskilan,,,,1,2,0,0,107533,107214,107215,0,1,1,0,1,0,0,0
196157,Evorian,,,,1,2,0,0,107303,107304,107305,0,1,1,1,1,0,0,0
196159,Stout Riding Bakar,,,,0,1,52,0,101606,0,0,0,1,1,1,1,0,0,0
196160,Quilius,,Spa Manager's Manager,,0,2,0,0,110255,0,0,0,1,1,1,1,0,0,0
196177,Artifact Locator,,,,1,10,0,0,102045,0,0,0,1,1,1,1,0,0,0
196197,Grasstail Butterfly,,,,0,8,0,3,104044,104041,0,0,1,1,1,1,0,0,0
196206,Gwosh,,,,0,14,303,0,109107,0,0,0,1,1,1,1,0,0,0
196213,Narsysix,,,,1,2,0,0,107704,107705,107703,0,1,0,0,1,0,0,0
196219,Masud the Wise,,,,0,7,0,0,105421,0,0,0,1,1,1,1,0,0,0
196229,Ohn'ir Villager,,,,6,7,0,0,108843,108044,0,0,1,1,1,1,0,0,0
196283,Iskaaran Fishmonger,,,,0,7,0,0,105759,0,0,0,1,1,1,1,0,0,0
196284,Iskaara Fisher,,,,0,7,0,0,105828,0,0,0,1,1,1,1,34784,0,0
196304,Magic Nibbler,,,,0,12,0,3,109140,0,0,0,1,1,1,1,0,0,0
196305,Crimson Proto-Whelp,,,,0,12,0,3,109141,0,0,0,1,1,1,1,0,0,0
196320,Imbu Refugee,,,,0,7,0,0,105760,105759,105762,105640,1,1,1,1,0,0,0
196327,Imbu Refugee,,,,0,7,0,0,105827,105828,105826,105829,1,1,1,1,0,0,0
196407,Alexstrasza the Life-Binder,,Queen of the Dragons,,1,2,0,0,92146,0,0,0,1,1,1,1,189547,0,0
196409,Black Skitterbug,,,,0,12,0,2,109169,0,0,0,1,1,1,1,0,0,0
196410,Gerithus,,,,1,2,0,3,106002,0,0,0,1,1,1,1,0,0,0
196418,Shiverweb Hatchling,,,,6,1,3,0,101149,0,0,0,1,1,1,1,0,0,0
196422,Sabellian,,,,1,2,0,0,109174,0,0,0,1,1,1,1,0,0,0
196443,Noriko the All-Remembering,,,,0,7,0,0,104721,0,0,0,1,1,1,1,43617,0,0
196444,Althanus,,,,0,7,0,0,107732,0,0,0,1,1,1,1,0,0,0
196445,Steward Argalos,,Flight Master,,1,7,0,0,106796,0,0,0,1,1,1,1,44604,190674,0
196446,Kirin Tor Protector,,,,1,7,0,0,106804,106803,106806,106805,1,1,1,1,43617,0,0
196471,Altan,,,,0,1,26,3,101442,0,0,0,1,1,1,1,0,0,0
196491,Reveling Shimmerwing,,,,6,8,0,3,108134,104041,104042,104043,1,1,1,1,0,0,0
196492,Brackenhide Putrifier,,,,0,7,0,0,103166,103167,103169,103168,1,1,1,1,0,0,0
196493,Brackenhide Putrifier,,,,0,7,0,0,103166,103167,103169,103168,1,1,1,1,0,0,0
196496,Brackenhide Putrifier,,,,1,7,0,0,103166,103167,103169,103168,1,1,1,1,0,0,0
196501,Alia Sunsoar,,,,0,7,0,0,106321,0,0,0,1,1,1,1,0,0,0
196517,Serene Vorquin,,,,0,2,151,0,104647,104657,104648,104646,1,1,1,1,0,0,0
196518,Voraxian,,,,1,2,0,0,109218,107214,107215,0,1,1,0,1,0,0,0
196520,Kattigat,,,,0,7,0,0,107246,0,0,0,1,1,1,1,180336,0,0
196544,Norukk,,,,0,7,0,0,105628,0,0,0,1,1,1,1,0,0,0
196560,Refti Guardian,,,,0,7,0,0,105949,105952,105952,105950,1,1,1,1,192170,192165,0
196561,Tyrhold Watcher,,,,1,4,0,0,106688,0,0,0,1,1,1,1,192174,0,0
196565,Tyrhold Bulwark,,,,1,4,0,0,106685,0,0,0,1,1,1,1,0,0,0
196568,Tyrhold Watcher,,,,0,4,0,0,106689,0,0,0,1,1,1,1,0,0,0
196572,Bubbled Duckling,,,,6,8,0,3,104673,0,0,0,1,1,1,1,0,0,0
196574,Refti Sentinel,,,,0,7,0,0,105943,105946,105944,105945,1,1,1,1,0,0,0
196591,Bubbled Duckling,,,,6,8,0,3,104673,0,0,0,1,1,1,1,0,0,0
196592,Quackers the Rescued Duckling,,,,6,8,0,3,104673,0,0,0,1,1,1,1,0,0,0
196593,Cheese the Rescued Duckling,,,,6,8,0,3,104675,0,0,0,1,1,1,1,0,0,0
196603,Daisy the Rescued Duckling,,,,6,8,0,3,104669,0,0,0,1,1,1,1,0,0,0
196607,Participation Credit,,,,0,10,0,0,11686,0,0,0,1,1,1,1,0,0,0
196620,Pleeqi,,Soup Enthusiast,,0,7,0,0,105831,0,0,0,1,1,1,1,0,0,0
196621,Dipper the Rescued Duckling,,,,6,8,0,3,104674,0,0,0,1,1,1,1,0,0,0
196633,Scalecommander Cindrethresh,,Dark Talons,,0,7,0,0,102033,107101,0,0,0,1,1,1,0,0,0
196652,Reservoir Filly,,,,0,8,0,0,104722,104723,0,0,1,1,1,1,0,0,0
196666,Stormie,,,,0,12,0,3,109273,0,0,0,1,1,1,1,0,0,0
196669,Stout Riding Bakar,,,,0,1,52,0,101606,0,0,0,1,1,1,1,0,0,0
196683,Gemisath,,Emerald Emissary,,0,2,0,0,108716,0,0,0,1,1,1,1,0,0,0
196685,Icewing Sapsucker,,,,6,8,0,3,100834,100834,0,0,0.75,0.25,1,1,0,0,0
196689,Stout Riding Bakar,,,,0,1,52,0,101606,0,0,0,1,1,1,1,0,0,0
196695,Stout Riding Bakar,,,,0,1,52,0,101606,0,0,0,1,1,1,1,0,0,0
196716,Shiverweb Crawler,,,,0,1,3,0,100535,0,0,0,1,1,1,1,0,0,0
196738,Bubbled Duckling,,,,6,8,0,3,104669,0,0,0,1,1,1,1,0,0,0
196739,Bubbled Duckling,,,,6,8,0,3,100226,0,0,0,1,1,1,1,0,0,0
196741,Bubbled Duckling,,,,6,8,0,3,104675,0,0,0,1,1,1,1,0,0,0
196744,Bubbled Duckling,,,,6,8,0,3,104669,0,0,0,1,1,1,1,0,0,0
196746,Bubbled Duckling,,,,6,8,0,3,100226,0,0,0,1,1,1,1,0,0,0
196747,Bubbled Duckling,,,,6,8,0,3,104675,0,0,0,1,1,1,1,0,0,0
196757,Black Drake,,,,1,2,0,3,105866,105867,0,0,1,1,1,1,0,0,0
196775,Kodethi,,Dark Talons,,0,7,0,0,102030,104821,0,0,0,1,1,1,0,0,0
196778,Alia Sunsoar,,,,0,7,0,0,106321,0,0,0,1,1,1,1,122430,0,0
196779,The Chronicler,,,,0,2,0,0,104233,0,0,0,1,1,1,1,0,0,0
196780,Freed Soul,,,,0,2,0,0,104178,104179,104180,104273,1,1,1,1,0,0,0
196781,Freed Soul,,,,0,2,0,0,103720,103662,103697,0,1,1,1,1,0,0,0
196785,Red Drake,,,,1,2,0,3,109632,109631,109633,0,1,1,1,1,0,0,0
196787,Blue Drake,,,,1,2,0,3,109384,109634,109636,109637,1,1,1,1,0,0,0
196788,Bronze Drake,,,,1,2,0,3,109626,109627,109628,0,1,1,1,1,0,0,0
196791,Kixandria,,,,1,2,0,3,107919,0,0,0,0,1,1,1,0,0,0
196796,Eraleshk,,,,0,7,0,0,108452,0,0,0,1,1,1,1,0,0,0
196797,Iristimat,,,,0,7,0,0,108358,0,0,0,1,1,1,1,0,0,0
196804,Iristella,,,,0,7,0,0,108356,0,0,0,1,1,1,1,0,0,0
196813,Scalecommander Viridia,,The Healing Wings,,1,7,0,0,104555,0,0,0,1,1,1,1,0,0,0
196824,Atrenosh Hailstone,,The Healing Wings,,1,2,0,0,104293,0,0,0,1,1,1,1,191687,0,0
196836,Minerva Ravensorrow,,,,0,7,0,0,64614,0,0,0,1,1,1,1,41261,0,0
196858,Fyranian,,,,1,2,0,3,107304,0,0,0,0,1,1,1,0,0,0
196922,Emerald Drake,,,,1,2,0,3,106224,106229,106230,106223,1,1,1,1,0,0,0
196923,Nozdormu,,,,1,2,0,0,38754,0,0,0,1,1,1,1,0,0,0
196941,Tethalash,,Quartermaster,,0,7,0,0,109197,104619,0,0,0,1,1,1,0,0,0
196942,Obsidian Warder,,,,0,7,0,0,104843,104844,104845,104846,1,1,1,1,193632,0,0
197002,Chromie,,,,1,2,0,0,109398,0,0,0,1,1,1,1,0,0,0
197023,Scalecommander Emberthal,,The Adamant Vigil,,0,7,0,0,102031,0,0,0,1,1,1,1,0,0,0
197025,Telash Greywing,,,,0,2,0,0,109087,0,0,0,1,1,1,1,0,0,0
197039,Tree,,,,0,14,0,0,93624,0,0,0,1,1,1,1,0,0,0
197040,Infused Dragon Egg,,,,0,2,0,0,104556,0,0,0,1,1,1,1,0,0,0
197063,The Quackcestor,,,,0,14,0,3,109413,0,0,0,1,1,1,1,0,0,0
197064,The Quackcestor,,,,0,8,0,0,109413,0,0,0,1,1,1,1,0,0,0
197089,Sophic Amalgamation,,,,0,12,0,0,109418,0,0,0,1,1,1,1,0,0,0
197100,Heleth the Wise,,,,0,2,0,0,105600,0,0,0,1,1,1,1,0,0,0
197109,Nezzie,,,,0,2,0,0,105600,0,0,0,1,1,1,1,0,0,0
197114,Phantus,,,,0,12,0,0,109425,0,0,0,1,1,1,1,0,0,0
197116,Skritches,,,,0,12,0,0,109426,0,0,0,1,1,1,1,0,0,0
197117,Nozdormu,,,,1,2,0,3,105959,0,0,0,1,1,1,1,0,0,0
197127,Kalecgos,,,,1,2,0,3,105921,0,0,0,1,1,1,1,0,0,0
197144,Wrathion,,The Black Prince,,1,2,0,0,107146,107945,0,0,1,0,1,1,0,0,0
197201,Venderthvan,,The Sundered Flame,,1,7,0,0,109424,0,0,0,1,1,1,1,0,0,0
197214,Anubisath Idol,,,,0,12,0,0,46922,0,0,0,1,1,1,1,0,0,0
197215,Mechanical Pandaren Dragonling,,,,0,12,0,3,45386,0,0,0,1,1,1,1,0,0,0
197216,Spectral Tiger Cub,,,,0,12,0,0,30409,0,0,0,1,1,1,1,0,0,0
197256,Blue Dragon,,,,1,2,0,3,106712,0,0,0,1,1,1,1,0,0,0
197294,Ice Proto-Dragon,,,,0,2,0,3,103254,0,0,0,1,1,1,1,0,0,0
197295,Air Proto-Dragon,,,,1,2,0,3,103249,0,0,0,1,1,1,1,0,0,0
197304,Telash Greywing,,Dark Talons,,0,2,0,0,109503,0,0,0,1,1,1,1,0,0,0
197309,Majordomo Selistra,,,,1,2,0,0,108032,0,0,0,1,1,1,1,0,0,0
197327,Vendie,,,,1,7,0,0,109424,0,0,0,1,1,1,1,0,0,0
197336,Enyobon,,,,0,14,0,0,109513,0,0,0,1,1,1,1,0,0,0
197369,Defensive Gale,,,,1,4,0,3,102550,0,0,0,1,1,1,1,0,0,0
197370,Gerithus,,Son of the Dream,,1,2,0,0,106968,0,0,0,1,1,1,1,0,0,0
197372,Aqir Harbinger,,,,0,15,0,0,91910,0,0,0,0,1,1,1,0,0,0
197373,Kindled Fury,,,,0,4,0,0,102505,0,0,0,1,1,1,1,0,0,0
197375,Cockroach,,,,0,12,0,0,2177,0,0,0,1,1,1,1,0,0,0
197378,Sindragosa,,Arcane Simulacrum,,1,2,0,0,104535,0,0,0,1,1,1,1,0,0,0
197382,Cat,,,,0,12,0,0,5585,0,0,0,1,1,1,1,0,0,0
197383,Tidal Defender,,,,0,4,0,0,102514,0,0,0,1,1,1,1,0,0,0
197384,Chicken,,,,0,12,0,0,304,0,0,0,1,1,1,1,0,0,0
197417,Arcantus,,,,0,14,0,0,109533,0,0,0,1,1,1,1,0,0,0
197421,Raszageth,,The Storm-Eater,,1,2,0,3,103255,0,0,0,1,1,1,1,0,0,0
197442,Al'Akir,,,,1,4,0,0,35248,0,0,0,0,1,1,1,68058,0,0
197447,Stormamu,,,,0,14,0,0,109540,0,0,0,1,1,1,1,0,0,0
197452,Storm Huntress Suhrakka,,,,0,7,0,0,72325,0,0,0,1,1,1,1,0,0,0
197453,Storm Hunter William,,,,0,7,0,0,71246,0,0,0,1,1,1,1,0,0,0
197461,Howling Wind,,,,0,4,0,0,106101,0,0,0,1,1,1,1,0,0,0
197472,Ebyssian,,,,1,2,0,3,63690,105532,0,0,0,1,1,1,0,0,0
197474,Winged Ruin,,,,0,15,0,3,91809,0,0,0,0,1,1,1,0,0,0
197481,Dark Talon,,,,0,7,0,0,104839,0,0,0,1,1,1,1,0,0,0
197482,Dark Talon,,,,0,7,0,0,104840,0,0,0,1,1,1,1,0,0,0
197483,Dark Talon,,,,0,7,0,0,104841,0,0,0,1,1,1,1,0,0,0
197484,Dark Talon,,,,0,7,0,0,104842,0,0,0,1,1,1,1,0,0,0
197486,Obsidian Warder,,,,0,7,0,0,104843,0,0,0,1,1,1,1,0,0,0
197487,Obsidian Warder,,,,0,7,0,0,104844,0,0,0,1,1,1,1,0,0,0
197488,Obsidian Warder,,,,0,7,0,0,104845,0,0,0,1,1,1,1,0,0,0
197489,Obsidian Warder,,,,0,7,0,0,104846,0,0,0,1,1,1,1,0,0,0
197490,Baskilan,,,,1,2,0,0,107533,0,0,0,1,1,1,1,0,0,0
197491,Osoria,,,,1,2,0,0,107532,0,0,0,1,1,1,1,0,0,0
197492,Zepharion,,,,1,2,0,0,107875,0,0,0,1,1,1,1,0,0,0
197494,Primalist Pylon,,,,0,10,0,0,36372,11686,0,0,0,1,1,1,0,0,0
197495,Minus Credit,,,,0,10,0,0,11686,0,0,0,1,1,1,1,0,0,0
197496,Normal Credit,,,,0,10,0,0,11686,0,0,0,1,1,1,1,0,0,0
197497,Elite Credit,,,,0,10,0,0,11686,0,0,0,1,1,1,1,0,0,0
197498,Large Elite Credit,,,,0,10,0,0,11686,0,0,0,1,1,1,1,0,0,0
197499,Boss Credit,,,,0,10,0,0,11686,0,0,0,1,1,1,1,0,0,0
197504,Molten Primalist,,,,0,7,0,0,102971,102972,107049,107050,1,1,1,1,0,0,0
197506,Molten Primalist,,,,0,7,0,0,102970,102969,102968,102967,1,1,1,1,0,0,0
197520,Kalecgos,,,,1,2,0,0,75614,23487,0,0,1,0,1,1,0,0,0
197558,Pip,,,,0,7,0,0,102848,0,0,0,1,1,1,1,0,0,0
197562,Iskaara Fisher,,,,0,7,0,0,105760,105759,105762,105640,1,1,1,1,0,0,0
197594,Dracthyr's Wheelchair,,,,0,10,0,0,36356,0,0,0,1,1,1,1,0,0,0
197628,Blue Dasher,,,,0,8,0,2,109639,0,0,0,1,1,1,1,0,0,0
197629,Blue Dasher,,,,0,14,0,2,109639,0,0,0,1,1,1,1,0,0,0
197636,Polliswog,,,,0,8,303,0,109641,0,0,0,1,1,1,1,0,0,0
197637,Polliswog,,,,0,14,303,0,109641,0,0,0,1,1,1,1,0,0,0
197656,Blue Drake,,,,1,2,0,3,109636,109634,109637,0,1,1,1,1,0,0,0
197659,Blue Drake,,,,1,2,0,3,109637,0,0,0,1,1,1,1,0,0,0
197662,Proto-Drake,,,,1,2,0,3,103254,0,0,0,1,1,1,1,0,0,0
197664,Proto-Drake,,,,1,2,0,3,103249,0,0,0,1,1,1,1,0,0,0
197682,Enchantress Quinni,,,,0,7,0,0,81830,0,0,0,1,1,1,1,0,0,0
197818,Emerald Dragon,,,,1,2,0,3,110784,0,0,0,1,1,1,1,0,0,0
197827,Tuskarr Child,,,,0,7,0,0,105853,102831,106410,106408,1,1,1,1,0,0,0
197869,Shattered Orb,,,,0,7,0,0,109756,0,0,0,1,1,1,1,0,0,0
197903,Egg Cart,,,,0,2,0,0,109758,0,0,0,1,1,1,1,0,0,0
197908,Mage Talon,,The Ebon Scales,,0,7,0,0,104726,104833,104727,104831,1,1,1,1,0,0,0
197910,10.0 Thal - Max Level - Tyr Campaign - Ch 01 - Q04 Vision End - Sound Stalker,,,,6,10,0,3,11686,0,0,0,1,1,1,1,0,0,0
197928,Nokhud Brute,,,,0,7,0,0,107540,107541,105340,0,1,1,1,1,198361,0,0
197931,Archmage Khadgar,,,,1,7,0,0,107041,0,0,0,1,1,1,1,0,0,0
197934,Fyrakk,,,,0,2,0,0,105824,0,0,0,1,1,1,1,0,0,0
197958,Noorave,,,,0,1,300,0,100386,0,0,0,1,1,1,1,0,0,0
197959,Kaaya,,,,0,7,0,0,102846,0,0,0,1,1,1,1,0,0,0
197963,Living Mud Mask,,,,0,12,0,0,110328,0,0,0,1,1,1,1,0,0,0
197969,Lady Feathersworth,,,,0,12,0,3,109789,0,0,0,1,1,1,1,0,0,0
198031,South Hold Guardian,,,,0,7,0,0,106171,0,0,0,1,1,1,1,0,0,0
198037,Stormwind Gryphon Rider,,,,0,1,0,3,27913,0,0,0,50,1,1,1,0,0,0
198077,Petal,,,,0,12,0,0,109895,0,0,0,1,1,1,1,0,0,0
198128,Parthikus,,,,0,2,0,0,101643,0,0,0,1,1,1,1,0,0,0
198158,Sabellian & Wrathion,,,,1,2,0,0,104559,0,0,0,1,1,1,1,0,0,0
198172,Ambient Sound Controller,,,,6,10,0,0,90874,11686,0,0,0,1,1,1,0,0,0
198208,Aetos,,Krizzik's Battle Pet,,0,8,0,0,107776,0,0,0,1,1,1,1,0,0,0
198217,Tuskarr Child,,,,0,7,0,0,102843,0,0,0,1,1,1,1,0,0,0
198255,Kalecgos,,,,1,2,0,0,105430,23487,0,0,1,0,1,1,0,0,0
198265,Drake,,,,1,2,0,3,105866,105867,106223,106224,0.25,0.25,1,1,0,0,0
198269,Tide Spirit,,,,0,12,0,2,109983,0,0,0,1,1,1,1,0,0,0
198271,Dust Spirit,,,,0,12,0,2,109985,0,0,0,1,1,1,1,0,0,0
198272,Blaze Spirit,,,,0,12,0,2,109987,0,0,0,1,1,1,1,0,0,0
198273,Gale Spirit,,,,0,12,0,2,109988,0,0,0,1,1,1,1,0,0,0
198292,Magmasworn Trueborn,,,,0,2,0,3,107660,107645,0,0,1,1,1,1,0,0,0
198296,Valdrakken Musclehead,,,,0,7,0,0,107023,107024,107025,107026,1,1,1,0.5,0,0,0
198301,Sound Event Stalker,,,,6,10,0,0,90874,11686,0,0,0,1,1,1,0,0,0
198316,Obsidian Proto-Whelp,,,,0,12,0,3,110016,0,0,0,1,1,1,1,0,0,0
198317,Invisible Bunny (IGC),,,,0,10,0,0,1126,11686,0,0,0,1,1,1,0,0,0
198318,Emmigosa,,,,0,2,0,0,108192,0,0,0,1,1,1,1,0,0,0
198319,Eragosa,,,,0,2,0,0,105709,0,0,0,1,1,1,1,0,0,0
198320,Senegos,,,,1,2,0,0,66481,0,0,0,1,1,1,1,0,0,0
198321,Stellagosa,,,,1,2,0,0,105227,0,0,0,1,1,1,1,0,0,0
198322,Tharkago,,,,0,2,0,0,105702,0,0,0,1,1,1,1,0,0,0
198323,Vexalgos,,,,0,2,0,0,105701,0,0,0,1,1,1,1,0,0,0
198324,Kalecgos,,,,1,2,0,3,105921,0,0,0,1,1,1,1,0,0,0
198325,Raszageth,,The Storm-Eater,,1,2,0,3,103255,0,0,0,1,1,1,1,0,0,0
198327,Archmage Khadgar,,,,1,7,0,0,107041,0,0,0,1,1,1,1,23998,0,0
198330,Raszageth,,The Storm-Eater,,1,2,0,3,110017,0,0,0,1,1,1,1,0,0,0
198336,Chromie,,,,1,2,0,0,110020,0,0,0,1,1,1,1,0,0,0
198338,Nozdormu,,,,1,2,0,0,110021,0,0,0,1,1,1,1,0,0,0
198365,Merithra,,,,1,2,0,0,91239,0,0,0,1,1,1,1,0,0,0
198388,Pleasant Yearling,,,,0,2,151,0,104647,104648,0,0,1,1,1,1,0,0,0
198426,Burnished Vorquin,,,,0,2,151,0,110012,104647,0,0,1,1,1,1,0,0,0
198448,Dragon Glyph,,,,0,10,0,3,21955,23767,0,0,0,1,1,1,0,0,0
198449,Dragon Glyph,,,,0,10,0,3,21955,23767,0,0,0,1,1,1,0,0,0
198454,Dragon Glyph,,,,0,10,0,3,21955,23767,0,0,0,1,1,1,0,0,0
198456,Dragon Glyph,,,,0,10,0,3,21955,23767,0,0,0,1,1,1,0,0,0
198457,Dragon Glyph,,,,0,10,0,3,21955,23767,0,0,0,1,1,1,0,0,0
198458,Dragon Glyph,,,,0,10,0,3,21955,23767,0,0,0,1,1,1,0,0,0
198459,Dragon Glyph,,,,0,10,0,3,21955,23767,0,0,0,1,1,1,0,0,0
198460,Dragon Glyph,,,,0,10,0,3,21955,23767,0,0,0,1,1,1,0,0,0
198463,Valdrakken Citizen,,,,0,7,0,0,105787,105789,104563,0,1,1,1,1,0,0,0
198464,Rostrum of Transformation,,,,0,10,0,0,21955,23767,0,0,0,1,1,1,0,0,0
198480,Cubbly,,,,0,12,0,0,110109,0,0,0,1,1,1,1,0,0,0
198489,Denizen of the Dream,,,,6,2,303,0,115277,0,0,0,1,1,1,1,0,0,0
198494,Korvik,,Boat Organizer,,0,7,0,0,109690,0,0,0,1,1,1,1,0,0,0
198504,Kino,,,,0,8,0,0,106661,0,0,0,1,1,1,1,0,0,0
198511,Troubled Tome,,,,0,12,0,0,110161,0,0,0,1,1,1,1,0,0,0
198522,Off-Duty Defender,,,,0,7,0,0,107935,107932,107933,107934,1,1,1,1,0,0,0
198543,Pinkie,,,,0,12,0,0,110188,0,0,0,1,1,1,1,0,0,0
198591,Nokhud Brute,,,,0,7,0,0,107540,107541,0,0,1,1,1,1,198361,0,0
198597,Sendrax,,,,0,2,0,0,107673,0,0,0,1,1,1,1,191706,193841,0
198608,Tracker Dragon Glyph,,,,0,10,0,3,21955,23767,0,0,0,1,1,1,0,0,0
198615,Tracker Dragon Glyph,,,,0,10,0,3,21955,23767,0,0,0,1,1,1,0,0,0
198618,Tracker Dragon Glyph,,,,0,10,0,3,21955,23767,0,0,0,1,1,1,0,0,0
198619,Tracker Dragon Glyph,,,,0,10,0,3,21955,23767,0,0,0,1,1,1,0,0,0
198620,Tracker Dragon Glyph,,,,0,10,0,3,21955,23767,0,0,0,1,1,1,0,0,0
198621,Tracker Dragon Glyph,,,,0,10,0,3,21955,23767,0,0,0,1,1,1,0,0,0
198622,Tracker Dragon Glyph,,,,0,10,0,3,21955,23767,0,0,0,1,1,1,0,0,0
198623,Tracker Dragon Glyph,,,,0,10,0,3,21955,23767,0,0,0,1,1,1,0,0,0
198624,Tracker Dragon Glyph,,,,0,10,0,3,21955,23767,0,0,0,1,1,1,0,0,0
198625,Sindragosa,,Arcane Simulacrum,,1,2,0,0,110267,0,0,0,1,1,1,1,0,0,0
198626,"Sully ""The Pickle"" McLeary",,SI:7,,0,7,0,0,38872,0,0,0,0,1,1,1,0,0,0
198628,Tracker Dragon Glyph,,,,0,10,0,3,21955,23767,0,0,0,1,1,1,0,0,0
198630,Tracker Dragon Glyph,,,,0,10,0,3,21955,23767,0,0,0,1,1,1,0,0,0
198631,Tracker Dragon Glyph,,,,0,10,0,3,21955,23767,0,0,0,1,1,1,0,0,0
198632,Tracker Dragon Glyph,,,,0,10,0,3,21955,23767,0,0,0,1,1,1,0,0,0
198633,Tracker Dragon Glyph,,,,0,10,0,3,21955,23767,0,0,0,1,1,1,0,0,0
198634,Tracker Dragon Glyph,,,,0,10,0,3,21955,23767,0,0,0,1,1,1,0,0,0
198635,Tracker Dragon Glyph,,,,0,10,0,3,21955,23767,0,0,0,1,1,1,0,0,0
198636,Tracker Dragon Glyph,,,,0,10,0,3,21955,23767,0,0,0,1,1,1,0,0,0
198637,Tracker Dragon Glyph,,,,0,10,0,3,21955,23767,0,0,0,1,1,1,0,0,0
198638,Tracker Dragon Glyph,,,,0,10,0,3,21955,23767,0,0,0,1,1,1,0,0,0
198639,Tracker Dragon Glyph,,,,0,10,0,3,21955,23767,0,0,0,1,1,1,0,0,0
198640,Tracker Dragon Glyph,,,,0,10,0,3,21955,23767,0,0,0,1,1,1,0,0,0
198641,Tracker Dragon Glyph,,,,0,10,0,3,21955,23767,0,0,0,1,1,1,0,0,0
198642,Tracker Dragon Glyph,,,,0,10,0,3,21955,23767,0,0,0,1,1,1,0,0,0
198643,Tracker Dragon Glyph,,,,0,10,0,3,21955,23767,0,0,0,1,1,1,0,0,0
198644,Tracker Dragon Glyph,,,,0,10,0,3,21955,23767,0,0,0,1,1,1,0,0,0
198646,Invisible Stalker,,,,0,10,0,0,23767,0,0,0,1,1,1,1,0,0,0
198648,Khadgar's Servant,,,,0,4,0,0,57522,0,0,0,1,1,1,1,0,0,0
198662,Tracker Dragon Glyph,,,,0,10,0,3,21955,23767,0,0,0,1,1,1,0,0,0
198667,Tracker Dragon Glyph,,,,0,10,0,3,21955,23767,0,0,0,1,1,1,0,0,0
198668,Tracker Dragon Glyph,,,,0,10,0,3,21955,23767,0,0,0,1,1,1,0,0,0
198669,Tracker Dragon Glyph,,,,0,10,0,3,21955,23767,0,0,0,1,1,1,0,0,0
198670,Tracker Dragon Glyph,,,,0,10,0,3,21955,23767,0,0,0,1,1,1,0,0,0
198672,Tracker Dragon Glyph,,,,0,10,0,3,21955,23767,0,0,0,1,1,1,0,0,0
198673,Tracker Dragon Glyph,,,,0,10,0,3,21955,23767,0,0,0,1,1,1,0,0,0
198674,Tracker Dragon Glyph,,,,0,10,0,3,21955,23767,0,0,0,1,1,1,0,0,0
198675,Tracker Dragon Glyph,,,,0,10,0,3,21955,23767,0,0,0,1,1,1,0,0,0
198676,Tracker Dragon Glyph,,,,0,10,0,3,21955,23767,0,0,0,1,1,1,0,0,0
198677,Tracker Dragon Glyph,,,,0,10,0,3,21955,23767,0,0,0,1,1,1,0,0,0
198678,Tracker Dragon Glyph,,,,0,10,0,3,21955,23767,0,0,0,1,1,1,0,0,0
198679,Tracker Dragon Glyph,,,,0,10,0,3,21955,23767,0,0,0,1,1,1,0,0,0
198680,Tracker Dragon Glyph,,,,0,10,0,3,21955,23767,0,0,0,1,1,1,0,0,0
198681,Tracker Dragon Glyph,,,,0,10,0,3,21955,23767,0,0,0,1,1,1,0,0,0
198682,Tracker Dragon Glyph,,,,0,10,0,3,21955,23767,0,0,0,1,1,1,0,0,0
198683,Tracker Dragon Glyph,,,,0,10,0,3,21955,23767,0,0,0,1,1,1,0,0,0
198684,Tracker Dragon Glyph,,,,0,10,0,3,21955,23767,0,0,0,1,1,1,0,0,0
198685,Tracker Dragon Glyph,,,,0,10,0,3,21955,23767,0,0,0,1,1,1,0,0,0
198688,Fire Elemental,,,,1,4,0,0,102518,102538,0,0,1,1,1,1,0,0,0
198689,Exploding Elemental,,,,1,4,0,0,101207,0,0,0,1,1,1,1,0,0,0
198690,Tracker Dragon Glyph,,,,0,10,0,3,21955,23767,0,0,0,1,1,1,0,0,0
198691,Tracker Dragon Glyph,,,,0,10,0,3,21955,23767,0,0,0,1,1,1,0,0,0
198692,Tracker Dragon Glyph,,,,0,10,0,3,21955,23767,0,0,0,1,1,1,0,0,0
198693,Tracker Dragon Glyph,,,,0,10,0,3,21955,23767,0,0,0,1,1,1,0,0,0
198701,Dragonflight Reputation Catch-Up Credit,,,,0,10,0,0,11686,0,0,0,1,1,1,1,0,0,0
198704,Wizened Stormrider,,Primalists,,1,2,0,3,110322,0,0,0,1,1,1,1,0,0,0
198717,Proto-Drake,,,,1,2,0,3,109684,109685,109686,109687,1,1,1,1,0,0,0
198754,Ferocious Tarasek,,,,0,2,0,0,110352,110353,0,0,1,1,1,1,0,0,0
198757,Void Lasher,,,,0,15,0,0,99475,0,0,0,1,1,1,1,0,0,0
198770,Beetle,,,,6,8,0,0,7511,15467,8971,15468,1,1,1,1,0,0,0
198790,Sailor Oldenhook,,,,0,7,0,0,110378,0,0,0,1,1,1,1,199880,0,0
198797,Windscourge Dragon,,,,1,2,26,3,105198,0,0,0,1,1,1,1,0,0,0
198799,Baby Thunder Lizard,,,,0,8,0,0,100951,0,0,0,1,1,1,1,0,0,0
198804,Dark Widow,,,,0,8,0,0,116786,0,0,0,1,1,1,1,0,0,0
198805,Invasive Salamanther,,,,0,8,0,0,104666,0,0,0,1,1,1,1,0,0,0
198808,Windscourge Drake,,Primalists,,1,2,0,3,107561,0,0,0,1,1,1,1,0,0,0
198810,Windscourge Drake,,Primalists,,1,2,0,0,107770,0,0,0,1,1,1,1,0,0,0
198825,Sailor Strongline,,,,0,7,0,0,110380,0,0,0,1,1,1,1,34784,0,0
198847,Swart,,,,1,2,0,3,100197,0,0,0,1,1,1,1,0,0,0
198921,Adamanthia,,,,1,2,0,0,110544,0,0,0,1,1,1,1,0,0,0
198927,Temporal Attendant,,,,1,4,0,2,47677,0,0,0,1,1,1,1,0,0,0
198929,Invisible Bunny (IGC),,,,0,10,0,0,1126,11686,0,0,0,1,1,1,0,0,0
198957,Alliance Footsoldier,,,,0,7,0,0,91234,72659,3619,1762,1,1,1,1,33791,0,0
198958,Horde Footsoldier,,,,0,7,0,0,91234,72659,3619,1762,1,1,1,1,33791,0,0
198977,[DNT] Spell Bunny,,,,0,10,0,3,1126,11686,0,0,0,1,1,1,0,0,0
198983,Master Mathias Shaw,,Leader of SI:7,,1,7,0,0,72253,0,0,0,1,1,1,1,47104,47104,0
198984,Cecilia Clessington,,,,0,7,0,0,110478,0,0,0,1,1,1,1,0,0,0
198987,Brrrgl,,,,0,12,0,0,110489,0,0,0,1,1,1,1,0,0,0
198988,Vanessa VanCleef,,,,0,7,0,0,110632,0,0,0,1,1,1,1,42347,42347,0
198989,Thrrrdgl,,,,0,12,0,0,110488,0,0,0,1,1,1,1,0,0,0
199021,Patch,,Gob Squad,,0,7,0,0,30315,0,0,0,1,1,1,1,0,49617,45937
199055,Moonpaw,,,,1,1,0,0,84468,0,0,0,0,1,1,1,0,0,0
199116,Ryala,,,,1,1,0,0,67110,0,0,0,0,1,1,1,0,0,0
199117,Winter,,,,0,1,0,0,52607,0,0,0,0,1,1,1,0,0,0
199122,Rehze,,,,0,7,0,0,57280,0,0,0,1,1,1,1,0,0,0
199123,Spring,,,,0,1,0,0,72140,0,0,0,1,1,1,1,0,0,0
199134,Adamanthia,,,,1,2,0,0,110544,0,0,0,0,1,1,1,0,0,0
199171,Hornswog Chorus Sound Stalker A,,,,6,10,0,3,90874,11686,0,0,0,1,1,1,0,0,0
199172,Hornswog Chorus Sound Stalker B,,,,6,10,0,3,90874,11686,0,0,0,1,1,1,0,0,0
199175,Scalecommander Emberthal,,,,1,7,0,0,102031,0,0,0,1,1,1,1,0,0,0
199177,Ebyssian,,,,1,2,0,0,110926,105532,0,0,1,0,1,1,0,0,0
199184,Lanigosa,,,,0,7,0,0,110573,0,0,0,1,1,1,1,0,0,0
199199,Scalecommander Cindrethresh,,Dark Talons,,0,7,0,0,102033,0,0,0,1,1,1,1,0,0,0
199201,Scalecommander Viridia,,The Healing Wings,,0,7,0,0,104555,0,0,0,1,1,1,1,0,0,0
199204,Scalecommander Azurathel,,Obsidian Warders,,0,7,0,0,102032,0,0,0,1,1,1,1,0,0,0
199212,Talon Damos,,,,0,7,0,0,110584,0,0,0,1,1,1,1,0,0,0
199214,Talon Ekrati,,,,0,7,0,0,110585,0,0,0,1,1,1,1,0,0,0
199215,Talon Arrosh,,,,0,7,0,0,110586,0,0,0,1,1,1,1,0,0,0
199217,Talon Tetsos,,,,0,7,0,0,110587,0,0,0,1,1,1,1,0,0,0
199218,Talon Hermin,,,,0,7,0,0,110588,0,0,0,1,1,1,1,0,0,0
199219,Senegos,,,,0,2,0,0,105703,65851,0,0,1,0,1,1,0,0,0
199242,Varok Saurfang,,,,1,7,0,0,14732,0,0,0,1,1,1,1,155857,0,0
199243,Durotan,,,,1,7,0,0,51837,0,0,0,1,1,1,1,141001,0,0
199244,Orgrim Doomhammer,,,,1,7,0,0,52910,0,0,0,1,1,1,1,12183,0,0
199247,Grommash Hellscream,,,,1,7,0,0,71043,0,0,0,1,1,1,1,128323,0,0
199249,Draka,,,,1,7,0,0,96443,0,0,0,1,1,1,1,105037,105037,0
199266,Garz,,Rustpine Furbolg,,0,7,0,0,106216,0,0,0,1,1,1,1,0,0,0
199267,Radza Thunderclaw,,Rustpine Spiritspeaker,,0,7,0,0,106217,0,0,0,1,1,1,1,0,0,0
199271,Elder Mhaz,,,,0,7,0,0,110608,0,0,0,1,1,1,1,0,0,0
199272,Matron Fherg,,,,0,7,0,0,110609,0,0,0,1,1,1,1,200253,164317,0
199299,Jhagaza the Wordkeeper,,,,0,7,0,0,110608,0,0,0,1,1,1,1,27749,0,0
199315,Little Toz,,,,0,7,0,0,101445,0,0,0,1,1,1,1,0,0,0
199316,Time-Lost Devilsaur,,,,0,1,39,0,86474,82975,82974,47808,0,1,0,0,0,0,0
199317,Bronze Sentry,,,,0,2,0,0,103817,0,0,0,1,1,1,1,192515,0,0
199329,Scalecommander Viridia,,The Healing Wings,,0,7,0,0,104555,0,0,0,1,1,1,1,0,0,0
199335,Zepharion,,,,1,2,0,0,107873,0,0,0,0,1,1,1,0,0,0
199339,Scalecommander Azurathel,,Obsidian Warders,,0,7,0,0,102032,0,0,0,1,1,1,1,0,0,0
199361,Kirygosa,,,,1,2,0,0,111360,111357,111359,0,1,0,0,1,0,0,0
199363,Kalecgos,,,,1,2,0,0,75614,105921,108281,0,1,0,0,1,0,0,0
199364,Evorian,,,,1,2,0,3,107304,0,0,0,1,1,1,1,0,0,0
199380,Air Elemental,,,,1,4,0,0,102550,0,0,0,1,1,1,1,0,0,0
199384,Voraxian,,,,1,2,0,3,107214,0,0,0,1,1,1,1,0,0,0
199431,Arcane Disc,,,,6,7,0,3,108317,0,0,0,1,1,1,1,0,0,0
199437,Flame Wielder,,,,0,7,0,0,102963,102964,102965,102966,1,1,1,1,0,0,0
199441,Scalecommander Sarkareth,,The Sundered Flame,,1,7,0,0,104904,107085,0,0,1,0,1,1,0,0,0
199448,Tattukiaka,,Ottuk Trader,,0,7,0,0,110697,0,0,0,1,1,1,1,0,0,0
199485,Sundered Fanatic,,The Sundered Flame,,0,7,0,0,110656,110657,110658,110659,1,1,1,1,191420,0,0
199519,Scalecommander Emberthal,,,,0,7,0,0,102031,0,0,0,1,1,1,1,0,0,0
199520,Ebyssian,,,,1,2,0,0,110926,105532,0,0,0,1,1,1,0,0,0
199521,Scalecommander Emberthal,,,,1,7,0,0,102031,0,0,0,1,1,1,1,0,0,0
199531,Scalecommander Emberthal,,,,1,7,0,0,102031,0,0,0,1,1,1,1,0,0,0
199532,Scalecommander Emberthal,,,,1,7,0,0,102031,0,0,0,1,1,1,1,0,0,0
199534,Opportunistic Tarasek,,,,0,2,0,0,109404,107481,109441,0,1,1,1,1,0,0,0
199538,Scalecommander Emberthal,,,,1,7,0,0,102031,0,0,0,1,1,1,1,0,0,0
199539,Scalecommander Emberthal,,,,1,7,0,0,102031,0,0,0,1,1,1,1,0,0,0
199556,Bovan Windtotem,,,,0,7,0,0,111493,0,0,0,1,1,1,1,0,0,0
199564,Naldormi,,Mischief Maker,,0,2,0,0,110719,0,0,0,1,1,1,1,0,0,0
199565,Xiddorm,,Mischief Maker,,0,2,0,0,110720,0,0,0,1,1,1,1,0,0,0
199585,Emerald Dragon,,,,1,2,0,3,105511,0,0,0,1,1,1,1,0,0,0
199608,Siaszerathel,,The Timewalkers,,0,7,0,0,104861,0,0,0,1,1,1,1,197837,192169,0
199609,Andantenormu,,The Timewalkers,,0,2,0,0,105538,0,0,0,1,1,1,1,0,0,0
199611,Kivrok,,Boat Organizer,,0,7,0,0,109690,0,0,0,1,1,1,1,0,0,0
199647,Vermera,,,,0,2,0,3,106842,0,0,0,1,1,1,1,0,0,0
199648,Viranikus,,,,1,2,0,3,106872,0,0,0,1,1,1,1,0,0,0
199650,Hesthera,,,,0,2,0,3,106842,0,0,0,1,1,1,1,0,0,0
199651,Emerald Dragon,,,,1,2,0,3,105511,0,0,0,1,1,1,1,0,0,0
199652,Emerald Drake,,,,1,2,0,3,106223,106224,106227,106228,1,1,1,1,0,0,0
199653,Fernarus,,,,0,2,0,3,106227,0,0,0,1,1,1,1,0,0,0
199654,Berinus,,,,0,2,0,3,106223,0,0,0,1,1,1,1,0,0,0
199655,Somnikus,,,,1,2,0,0,105802,0,0,0,1,1,1,1,0,0,0
199656,Gerithus,,Son of the Dream,,1,2,0,0,106968,0,0,0,1,1,1,1,0,0,0
199657,Emerald Scaleguard,,,,0,7,0,0,104417,104418,104419,104421,1,1,1,1,189518,0,0
199689,Arrow,,,,0,10,0,3,21955,110503,0,0,0,1,1,1,0,0,0
199704,Snowball,,,,0,4,0,0,110837,0,0,0,1,1,1,1,0,0,0
199706,Snowball,,,,0,4,0,0,110837,0,0,0,1,1,1,1,0,0,0
199707,Saltfin Swimmer,,,,0,1,0,0,61206,61205,0,0,1,1,1,1,0,0,0
199722,Emerald Dragon,,,,1,2,0,3,105511,0,0,0,1,1,1,1,0,0,0
199723,Turbulent Gust,,,,0,4,0,3,102511,0,0,0,1,1,1,1,0,0,0
199724,Howling Wind,,,,0,4,0,0,106101,0,0,0,1,1,1,1,0,0,0
199725,Emerald Drake,,,,1,2,0,0,106223,106224,106229,106230,1,1,1,1,0,0,0
199737,Kalecgos,,,,1,2,0,0,75614,0,0,0,1,1,1,1,0,0,0
199742,Winglord Dezran,,The Sundered Flame,,0,7,0,0,110856,110862,0,0,1,0,1,1,0,0,0
199761,Deathstalker Commander Belmont,,Desolate Council,,1,7,0,0,114139,0,0,0,1,1,1,1,57195,57195,0
199762,Lilian Voss,,Desolate Council,,1,7,0,0,85799,0,0,0,1,1,1,1,160500,160501,0
199767,Master Apothecary Faranell,,Desolate Council,,1,7,0,0,90372,0,0,0,1,1,1,1,2199,3695,0
199768,Dark Ranger Velonara,,Desolate Council,,1,7,0,0,105389,0,0,0,1,1,1,1,45085,45085,166783
199769,Aelthalyste,,,,0,7,0,0,105390,0,0,0,1,1,1,1,0,0,0
199782,Dark Widow,,,,0,8,0,0,116786,0,0,0,1,1,1,1,0,0,0
199792,Lilian Voss,,Desolate Council,,1,7,0,0,85799,0,0,0,1,1,1,1,160500,160501,0
199793,Calia Menethil,,The Pallid Lady,,1,7,0,0,92900,0,0,0,1,1,1,1,0,0,0
199794,Derek Proudmoore,,Champion of the Pallid Lady,,1,7,0,0,89429,0,0,0,1,1,1,1,0,0,0
199796,Banshee,,,,0,7,0,3,90017,915,10702,0,1,1,1,1,0,0,0
199879,Dark Ranger Velonara,,Desolate Council,,1,7,0,0,105389,0,0,0,1,1,1,1,45085,45085,166783
199880,Scarlet Footsoldier,,,,0,7,0,0,113287,113288,0,0,1,1,1,1,198359,0,0
199885,Deathstalker Commander Belmont,,Desolate Council,,1,7,0,0,114139,0,0,0,1,1,1,1,57195,57195,0
199886,Dark Ranger Velonara,,Desolate Council,,1,7,0,0,105389,0,0,0,1,1,1,1,45085,45085,166783
199892,Banshee,,,,0,7,0,3,90017,915,10702,0,1,1,1,1,0,0,0
199893,Lilian Voss,,Desolate Council,,1,7,0,0,85799,0,0,0,1,1,1,1,160500,160501,0
199894,Master Apothecary Faranell,,Desolate Council,,1,7,0,0,90372,0,0,0,1,1,1,1,2199,3695,0
199895,Deathstalker Commander Belmont,,Desolate Council,,1,7,0,0,114139,0,0,0,1,1,1,1,57195,57195,0
199922,Lilian Voss,,Desolate Council,,1,7,0,0,85799,0,0,0,1,1,1,1,160500,160501,0
199924,Master Apothecary Faranell,,Desolate Council,,1,7,0,0,90372,0,0,0,1,1,1,1,2199,3695,0
199925,Deathstalker Commander Belmont,,Desolate Council,,1,7,0,0,114139,0,0,0,1,1,1,1,57195,57195,0
199926,Calia Menethil,,The Pallid Lady,,1,7,0,0,92900,0,0,0,1,1,1,1,0,0,0
199927,Dark Ranger Velonara,,Desolate Council,,1,7,0,0,105389,0,0,0,1,1,1,1,45085,45085,166783
199938,[DNT] Storm Pet Boss - Legendary,,,,0,14,303,0,106894,0,0,0,1,1,1,1,0,0,0
199940,[DNT] Storm Pet Fodder,,,,0,14,303,0,106894,0,0,0,1,1,1,1,0,0,0
199944,Scalecommander Emberthal,,,,1,7,0,0,102031,0,0,0,1,1,1,1,0,0,0
199961,Senegos,,,,0,2,0,0,105703,0,0,0,1,1,1,1,0,0,0
199964,Scalecommander Emberthal,,The Adamant Vigil,,0,7,0,0,102031,0,0,0,1,1,1,1,0,0,0
199965,Ebyssian,,,,1,2,0,0,110926,111203,105532,0,1,0,0,1,0,0,0
199966,Skittering Boneborer,,,,6,1,53,0,105560,0,0,0,1,1,1,1,0,0,0
199967,Darkclaw Scythid,,,,0,1,0,0,110040,0,0,0,1,1,1,1,0,0,0
199968,Veiled Damselfly,,,,0,1,126,0,103530,103531,0,0,1,1,1,1,0,0,0
199977,Kalecgos,,,,1,2,0,0,75614,0,0,0,1,1,1,1,197918,197919,0
199983,Ebyssian,,,,1,2,0,0,110926,105532,0,0,0,1,1,1,0,0,0
200001,[DNT] Kill Credit,,,,0,10,0,0,11686,0,0,0,1,1,1,1,0,0,0
200003,[DNT] Storm Pet Boss - Epic,,,,0,14,303,0,106894,0,0,0,1,1,1,1,0,0,0
200004,[DNT] Storm Pet Boss - Rare,,,,0,14,303,0,106894,0,0,0,1,1,1,1,0,0,0
200007,Kalecgos,,,,1,2,0,0,75614,0,0,0,1,1,1,1,197918,197919,0
200008,Alexstrasza the Life-Binder,,Queen of the Dragons,,1,2,0,0,28227,0,0,0,1,1,1,1,0,0,0
200010,Atrenosh Hailstone,,The Healing Wings,,1,2,0,0,104293,0,0,0,1,1,1,1,191687,0,0
200019,Azuregos,,,,1,2,0,0,68826,0,0,0,0,1,1,1,110243,0,0
200020,Haleh,,,,1,2,0,0,19806,0,0,0,1,1,1,1,2176,0,0
200022,Surigosa,,,,0,2,0,0,110851,0,0,0,1,1,1,1,0,0,0
200023,Zeros,,,,0,2,0,0,61886,0,0,0,1,1,1,1,0,0,0
200036,Stellagosa,,,,1,2,0,0,61799,105227,0,0,1,0,1,1,0,0,0
200037,Seismic Survey Site,,,,0,10,0,0,102020,0,0,0,1,1,1,1,0,0,0
200046,Ebyssian,,,,1,2,0,0,110926,105532,0,0,1,0,1,1,0,0,0
200051,Field Commander Ignax,,,,0,2,0,0,102264,0,0,0,1,1,1,1,127142,0,0
200058,Zaqali Berserker,,,,0,7,0,0,111130,111131,111132,111133,1,1,1,1,107378,107378,0
200099,Stellagosa,,,,1,2,0,0,61799,105227,0,0,1,0,1,1,0,0,0
200101,Wrathion,,The Black Prince,,1,2,0,0,107146,107055,107945,0,1,0,0,1,0,0,0
200111,Magtembo,,,,2,1,300,0,112009,0,0,0,1,1,1,1,0,0,0
200128,Warchanter Ronvath,,,,0,7,0,0,111165,0,0,0,1,1,1,1,163608,0,0
200157,Captain Galvangar,,Frostwolf Captain,,1,7,0,0,11895,0,0,0,100,1,1,1,14879,0,0
200165,Whiteclaw,,,,1,1,0,0,52598,0,0,0,0,1,1,1,0,0,0
200167,Stellagosa,,,,1,2,0,0,61799,105227,0,0,1,0,1,1,0,0,0
200168,Obsidian Soldier,,,,0,2,0,0,102318,102319,102320,102321,1,1,1,1,192517,0,0
200169,Rolling Sphere,,,,1,9,0,0,110996,0,0,0,1,1,1,1,0,0,0
200173,Drakonid Poacher,,,,0,2,0,0,109293,0,0,0,1,1,1,1,161808,0,0
200206,"Jyrra ""Fuzzy Feet"" Coldsoar",,,,0,7,0,0,101446,0,0,0,1,1,1,1,0,0,0
200207,Glohza Brightfur,,,,0,7,0,0,106893,0,0,0,1,1,1,1,0,0,0
200252,Flying Squirrel,,,,6,8,0,0,100353,0,0,0,1,1,1,1,0,0,0
200256,Arcane Trail,,,,1,10,0,3,109770,0,0,0,1,1,1,1,0,0,0
200259,Driftling,,,,0,12,0,0,111824,0,0,0,1,1,1,1,0,0,0
200264,Stellagosa,,,,1,2,0,0,61799,105227,0,0,1,0,1,1,0,0,0
200272,Awakening Tarasek,,,,0,2,0,0,109404,0,0,0,1,1,1,1,0,0,0
200277,Ebyssian,,,,1,2,0,0,110926,105532,0,0,1,0,1,1,0,0,0
200284,Spellsworn Keeper,,,,1,2,0,0,104285,104286,104287,104288,1,1,1,1,192514,0,0
200303,Spellsworn Crechebound,,T1 Melee (1.5/1),,0,2,0,0,105787,106358,105788,106359,1,1,1,1,192514,0,0
200317,Duncon Ratsbon,,,,0,7,0,0,110946,0,0,0,1,1,1,1,0,0,0
200338,Tarasek Scavenger,,T1 Melee (1/1),,0,2,0,0,109439,109437,109441,0,1,1,1,1,0,0,0
200376,Durak,,,,0,7,0,0,110541,0,0,0,1,1,1,1,0,0,0
200403,Talon Damos,,,,0,7,0,0,110584,0,0,0,1,1,1,1,0,0,0
200409,Totem of Spirits,,,,0,11,0,0,54901,0,0,0,1,1,1,1,0,0,0
200418,Flaming Tornado,,,,0,10,0,0,1126,11686,0,0,0,1,1,1,0,0,0
200447,Senegos,,,,1,2,0,0,105703,0,0,0,1,1,1,1,0,0,0
200448,Stellagosa,,,,1,2,0,0,61799,105227,0,0,1,0,1,1,0,0,0
200459,Talon Damos,,,,0,7,0,0,110584,0,0,0,1,1,1,1,0,0,0
200460,Tarasek Scavenger,,,,0,2,0,0,109439,109437,109441,0,1,1,1,1,0,0,0
200478,Senegos,,,,0,2,0,0,65851,70135,105703,0,1,0,0,1,0,0,0
200479,Sindragosa,,Arcane Simulacrum,,1,2,0,0,104535,0,0,0,1,1,1,1,0,0,0
200524,Disruptive Arcana,,,,0,4,0,0,97174,0,0,0,1,1,1,1,0,0,0
200531,Disruptive Arcana,,,,0,4,0,0,97174,0,0,0,1,1,1,1,0,0,0
200532,Disruptive Arcana,,,,0,4,0,0,97174,0,0,0,1,1,1,1,0,0,0
200539,Ebyssian,,,,1,2,0,0,110926,105532,111203,0,1,0,0,1,0,0,0
200541,Princess Vorquistrasza,,,,0,1,0,0,113271,0,0,0,1,1,1,1,0,0,0
200544,Scalecommander Emberthal,,,,1,7,0,0,102031,0,0,0,1,1,1,1,0,0,0
200549,Scalecommander Emberthal,,,,0,7,0,0,102031,0,0,0,1,1,1,1,0,0,0
200554,Obsidian Warder,,,,0,7,0,0,104843,104844,104845,104846,1,1,1,1,0,0,0
200555,Invisible Stalker,,,,0,10,0,3,32670,11686,0,0,0,1,1,1,0,0,0
200556,Dark Talon,,,,0,7,0,0,104841,104842,104839,104840,1,1,1,1,0,0,0
200573,Awbee,,,,1,2,0,0,111216,0,0,0,1,1,1,1,0,0,0
200574,Andorgos,,Brood of Malygos,,1,7,0,0,15480,0,0,0,0,1,1,1,12746,0,0
200575,Narygos,,,,1,2,0,0,111218,0,0,0,1,1,1,1,0,0,0
200587,Spellsworn Crechebound,,,,0,2,0,0,105787,106358,105788,106359,1,1,1,1,192514,0,0
200590,Ebyssian,,,,1,2,0,0,110926,105532,0,0,1,0,1,1,0,0,0
200625,Kagtha,,,,1,7,0,0,35333,0,0,0,1,1,1,1,10611,10612,0
200637,Garona Halforcen,,,,1,7,0,0,89342,0,0,0,1,1,1,1,61297,61297,0
200640,Ariok,,,,1,7,0,0,58663,0,0,0,1,1,1,1,0,0,0
200643,Gargok,,,,1,7,0,0,19247,0,0,0,1,1,1,1,14874,14874,0
200644,Kadrak,,,,0,7,0,0,7889,0,0,0,1,1,1,1,34638,0,0
200645,Captain Shatterskull,,,,1,7,0,0,14812,0,0,0,100,1,1,1,18419,0,0
200646,Blood Guard Torek,,,,0,7,0,0,31465,0,0,0,0,1,1,1,33597,0,0
200648,Rexxar,,,,1,7,0,0,60766,0,0,0,1,1,1,1,10612,10612,0
200649,Leoroxx,,,,1,7,0,0,20928,0,0,0,100,1,1,1,18419,0,0
200650,High Warlord Cromush,,,,1,7,0,0,63276,0,0,0,1,1,1,1,105686,0,0
200651,Misha,,,,1,1,0,0,9492,0,0,0,1,1,1,1,0,0,0
200652,Silmara,,,,0,7,0,0,111527,0,0,0,1,1,1,1,117562,0,0
200654,Rokaro,,,,1,7,0,0,20925,0,0,0,100,1,1,1,17283,17282,0
200655,Rehgar Earthfury,,,,1,7,0,0,64946,0,0,0,1,1,1,1,0,44241,0
200658,Nazgrel,,,,0,7,0,0,64784,0,0,0,1,1,1,1,14870,0,0
200659,Lantresor of the Blade,,,,1,7,0,0,55629,0,0,0,1,1,1,1,49930,0,0
200662,Zor Lonetree,,,,0,7,0,0,4514,0,0,0,100,1,1,1,5304,0,0
200667,Commander Thorak,,,,1,7,0,0,32529,0,0,0,25,1,1,1,5289,0,0
200668,Holgar Stormaxe,,,,0,7,0,0,4515,0,0,0,100,1,1,1,5288,0,0
200676,Firefly,,,,0,8,0,3,42669,0,0,0,1,1,1,1,0,0,0
200677,Storm-Touched Swoglet,,,,0,14,303,0,111255,0,0,0,1,1,1,1,0,0,0
200678,Storm-Touched Slyvern,,,,0,14,303,0,111259,0,0,0,1,1,1,1,0,0,0
200679,Storm-Touched Skitterer,,,,0,14,303,0,111263,0,0,0,1,1,1,1,0,0,0
200680,Storm-Touched Ohuna,,,,0,14,303,0,111267,0,0,0,1,1,1,1,0,0,0
200682,Vortex,,,,0,14,303,0,111253,0,0,0,1,1,1,1,0,0,0
200683,[DNT] Kill Credit,,,,0,10,0,0,11686,0,0,0,1,1,1,1,0,0,0
200684,Vortex,,,,0,14,0,0,111252,0,0,0,1,1,1,1,0,0,0
200685,Vortex,,,,0,14,303,0,111254,0,0,0,1,1,1,1,0,0,0
200686,Wildfire,,,,0,14,303,0,111261,0,0,0,1,1,1,1,0,0,0
200687,[DNT] Kill Credit,,,,0,10,0,0,11686,0,0,0,1,1,1,1,0,0,0
200688,Wildfire,,,,0,14,303,0,111260,0,0,0,1,1,1,1,0,0,0
200689,Wildfire,,,,0,14,303,0,111262,0,0,0,1,1,1,1,0,0,0
200690,Tremblor,,,,0,14,303,0,111257,0,0,0,1,1,1,1,0,0,0
200691,[DNT] Kill Credit,,,,0,10,0,0,11686,0,0,0,1,1,1,1,0,0,0
200692,Tremblor,,,,0,14,303,0,111256,0,0,0,1,1,1,1,0,0,0
200693,Tremblor,,,,0,14,303,0,111258,0,0,0,1,1,1,1,0,0,0
200694,Flow,,,,0,14,303,0,111265,0,0,0,1,1,1,1,0,0,0
200695,[DNT] Kill Credit,,,,0,10,0,0,11686,0,0,0,1,1,1,1,0,0,0
200696,Flow,,,,0,14,303,0,111264,0,0,0,1,1,1,1,0,0,0
200697,Flow,,,,0,14,303,0,111266,0,0,0,1,1,1,1,0,0,0
200727,Volethi,,Field Mender,,0,7,0,0,111249,0,0,0,0,1,1,1,0,0,0
200746,Primalist Tomorrow Trigger Bunny,,,,0,1,0,0,38615,0,0,0,0,1,1,1,0,0,0
200755,Talon Damos,,,,0,7,0,0,110584,0,0,0,1,1,1,1,0,0,0
200769,Vortex,,,,0,12,303,0,111254,0,0,0,1,1,1,1,0,0,0
200770,Tremblor,,,,0,12,303,0,111258,0,0,0,1,1,1,1,0,0,0
200771,Wildfire,,,,0,12,303,0,111262,0,0,0,1,1,1,1,0,0,0
200772,Flow,,,,0,12,303,0,111266,0,0,0,1,1,1,1,0,0,0
200793,Kirygosa,,,,1,2,0,0,111359,111357,0,0,0,1,1,1,0,0,0
200794,Zeros,,,,0,2,0,0,61886,111182,111182,0,1,0,0,1,0,0,0
200795,Haleh,,,,1,2,0,0,19806,0,0,0,1,1,1,1,2176,0,0
200797,Lanigosa,,,,0,2,0,0,110573,0,0,0,1,1,1,1,0,0,0
200798,Surigosa,,,,0,2,0,0,110851,0,0,0,1,1,1,1,0,0,0
200810,Emerald Whelpling,,,,0,8,0,3,101643,0,0,0,1,1,1,1,0,0,0
200826,Memory of a Traitorous Sister,,,,0,4,0,0,112526,0,0,0,1,1,1,1,0,0,0
200827,Memory of a Master,,,,0,4,0,0,28672,0,0,0,1,1,1,1,0,0,0
200828,Memory of a Betrayer,,,,0,4,0,0,112536,0,0,0,1,1,1,1,0,0,0
200829,[DNT] Alex Maldra Conversation Bunny,,,,0,10,0,0,81209,27823,0,0,0,1,1,1,0,0,0
200832,Fyrakk,,,,2,2,0,3,105824,0,0,0,1,1,1,1,0,0,0
200863,Generic Bunny,,,,0,10,0,0,22903,11686,0,0,0,1,1,1,0,0,0
200882,Lanigosa,,,,0,2,0,0,110573,0,0,0,1,1,1,1,0,0,0
200908,Shadowcinder,,,,0,10,0,0,1126,11686,0,0,0,1,1,1,0,0,0
200909,Obsidian Warden,,,,1,2,0,0,102318,102319,102320,102321,1,1,1,1,192517,0,0
200979,Kalecgos,,,,1,2,0,0,75614,0,0,0,1,1,1,1,197918,197919,0
200996,Puddlehopper,,,,0,8,0,0,111300,0,0,0,1,1,1,1,0,0,0
200997,Rock Martin,,,,0,8,0,3,111301,111886,0,0,49,1,1,1,0,0,0
200999,Yellabon,,,,0,8,0,2,111304,0,0,0,1,1,1,1,0,0,0
201000,Endmite,,,,0,8,0,0,111302,111884,111885,0,85,14,1,1,0,0,0
201001,Cobbleshell,,,,0,8,0,0,111893,111892,0,0,9,1,1,1,0,0,0
201002,Slabwing,,,,0,8,0,3,111306,111898,0,0,19,1,1,1,0,0,0
201003,Boulderfang,,,,0,8,0,0,111307,111897,0,0,19,1,1,1,0,0,0
201005,Hollow Moth,,,,0,8,0,2,111900,111899,111309,0,80,15,5,1,0,0,0
201008,Rithro,,,,0,12,0,3,111311,0,0,0,1,1,1,1,0,0,0
201019,Kalecgos,,,,1,2,0,0,75614,105921,108281,0,1,0,0,1,0,0,0
201022,Soridormi,,,,1,2,0,0,108314,0,0,0,1,1,1,1,0,0,0
201039,Injured Dracthyr,,,,0,7,0,0,108452,108356,105104,0,1,1,1,1,0,0,0
201041,Windsage Garuman,,,,0,7,0,0,108789,0,0,0,1,1,1,1,0,0,0
201050,Stonewhisker,,,,0,8,0,0,111303,111891,0,0,79,1,1,1,0,0,0
201061,Azuregos,,,,1,2,0,0,68826,0,0,0,0,1,1,1,110243,0,0
201065,Sonova Snowden,,,,0,7,0,0,106900,0,0,0,1,1,1,1,0,0,0
201074,[DNT] Rebel Prisoner Spell Bunny,,,,0,10,0,0,81209,27823,0,0,0,1,1,1,0,0,0
201080,Azuregos,,,,1,2,0,0,68826,0,0,0,0,1,1,1,110243,0,0
201083,Spellsworn Crechebound,,,,0,2,0,0,105787,106358,105788,106359,1,1,1,1,192514,0,0
201105,Kazzi,,,,0,7,0,0,106893,0,0,0,1,1,1,1,0,0,0
201107,Malygos,,Former Blue Dragon Aspect,,1,2,0,0,112024,0,0,0,1,1,1,1,0,0,0
201114,[DNT] Alex Rebel Conversation Bunny,,,,0,10,0,0,81209,27823,0,0,0,1,1,1,0,0,0
201126,Stellagosa,,,,1,2,0,0,105227,61799,0,0,1,0,1,1,0,0,0
201127,Emmigosa,,,,0,2,0,0,108192,0,0,0,1,1,1,1,0,0,0
201133,Professor Intinosa,,,,1,2,0,0,111336,0,0,0,1,1,1,1,0,0,0
201136,Haleh,,,,1,2,0,0,111337,0,0,0,1,1,1,1,2176,0,0
201160,Morqut Fisher,,,,0,7,0,0,105760,105762,105640,105827,1,1,1,1,34784,0,0
201167,Stellagosa,,,,1,2,0,0,61799,105227,0,0,1,0,1,1,0,0,0
201168,Azuregos,,,,1,2,0,0,68826,0,0,0,0,1,1,1,110243,0,0
201169,Haleh,,,,1,2,0,0,19806,0,0,0,1,1,1,1,2176,0,0
201170,Zeros,,,,0,2,0,0,61886,111182,111182,0,1,0,0,1,0,0,0
201171,Surigosa,,,,0,2,0,0,110851,0,0,0,1,1,1,1,0,0,0
201172,Lanigosa,,,,0,2,0,0,110573,0,0,0,1,1,1,1,0,0,0
201173,Ebyssian,,,,1,2,0,0,111354,105532,0,0,1,0,1,1,0,0,0
201178,[DNT] Alex Player Conversation Bunny,,,,0,10,0,0,81209,27823,0,0,0,1,1,1,0,0,0
201179,[DNT] Rebel Informed of Rights Bunny,,,,0,10,0,0,81209,27823,0,0,0,1,1,1,0,0,0
201199,Bronze Whelpling,,,,0,8,0,3,102137,0,0,0,1,1,1,1,0,0,0
201213,[DNT] Kill Credit,,,,0,10,0,0,11686,0,0,0,1,1,1,1,0,0,0
201218,Shadowflame Primalist,,,,0,7,0,0,102970,102969,102968,102967,1,1,1,1,0,0,0
201231,Wrathion,,The Black Prince,,1,2,0,0,107146,107945,0,0,1,0,1,1,0,0,0
201233,Ebyssian,,,,1,2,0,0,110926,105532,0,0,1,0,1,1,0,0,0
201236,Ebyssian,,,,1,2,0,0,110926,105532,0,0,1,0,1,1,0,0,0
201237,Ebyssian,,,,1,2,0,0,110926,105532,0,0,1,0,1,1,0,0,0
201238,Ebyssian,,,,1,2,0,0,110926,105532,0,0,1,0,1,1,0,0,0
201240,Volethi,,Field Mender,,0,7,0,0,111249,0,0,0,0,1,1,1,0,0,0
201244,Emerald Whelpling,,,,0,8,0,0,101643,0,0,0,1,1,1,1,0,0,0
201245,Obsidian Whelp,,,,0,8,303,0,100197,0,0,0,1,1,1,1,0,0,0
201251,Ruby Whelpling,,,,0,8,0,3,102140,0,0,0,1,1,1,1,0,0,0
201252,Azure Whelpling,,,,0,8,0,3,102138,0,0,0,1,1,1,1,0,0,0
201256,[DNT] Belaphon Captured Bunny,,,,0,10,0,0,81209,27823,0,0,0,1,1,1,0,0,0
201257,[DNT]Alex and Belaphon conversation bunny,,,,0,10,0,0,81209,27823,0,0,0,1,1,1,0,0,0
201258,[DNT] Belaphon successfully captured bunny,,,,0,10,0,0,81209,27823,0,0,0,1,1,1,0,0,0
201281,Ebyssian,,,,1,2,0,0,110926,105532,0,0,1,0,1,1,0,0,0
201297,[DNT] Alex Belaphon Conversation Bunny,,,,0,10,0,0,81209,27823,0,0,0,1,1,1,0,0,0
201303,Lady Katrana Prestor,,,,0,2,0,0,111764,0,0,0,1,1,1,1,2176,0,0
201322,Jamoku,,,,1,7,0,0,111861,0,0,0,1,1,1,1,118363,0,0
201323,Baine Bloodhoof,,High Chieftain,,1,7,0,0,111866,0,0,0,1,1,1,1,205899,0,0
201324,Scout Tomul,,,,0,7,0,0,111865,0,0,0,1,1,1,1,0,0,189505
201326,Shikaar Fighter,,,,0,7,0,0,111863,111864,0,0,1,1,1,1,0,0,108491
201328,Turbulent Gust,,,,0,4,0,3,111862,0,0,0,1,1,1,1,0,0,0
201357,Kalecgos,,,,1,2,0,0,75614,0,0,0,1,1,1,1,0,0,0
201366,Ebyssian,,,,1,2,0,0,110926,105532,0,0,1,0,1,1,0,0,0
201490,Vengeful Research,,,,0,4,0,0,111572,0,0,0,1,1,1,1,0,0,0
201517,Voraxian,,,,1,2,0,0,109218,107214,107215,0,1,1,1,1,0,0,0
201522,Summitshaper Lorac,,Primalist Vice-Lord,,1,7,0,0,111112,0,0,0,1,1,1,1,110890,0,0
201564,Voraxian,,,,1,2,0,0,109218,107214,107215,0,1,1,1,1,0,0,0
201617,Farseer Aggralan,,,,0,7,0,0,110547,0,0,0,1,1,1,1,199318,93441,0
201620,Thrall,,,,1,7,0,0,111871,0,0,0,1,1,1,1,0,0,0
201621,Eitrigg,,,,0,7,0,0,82115,0,0,0,1,1,1,1,10612,0,0
201677,Winglord Dezran,,The Sundered Flame,,0,7,0,0,110856,110862,0,0,1,0,1,1,0,0,0
201705,Minor Energy,,,,0,10,0,3,21955,23767,0,0,0,1,1,1,0,0,0
201706,Major Energy,,,,0,10,0,3,21955,23767,0,0,0,1,1,1,0,0,0
201789,Narn,,Rustpine Furbolg,,0,7,0,0,106218,0,0,0,1,1,1,1,0,0,0
201838,Emerald Dreamwarder,,,,1,2,0,3,106223,106224,106227,106228,1,1,1,1,0,0,0
201840,Feral Frogduck,,,,0,12,0,0,111511,0,0,0,1,1,1,1,0,0,0
201842,Lord Flappinsby,,,,0,12,0,3,109789,0,0,0,1,1,1,1,0,0,0
201845,Enchanted Tuskling,,,,0,12,0,0,111512,0,0,0,1,1,1,1,0,0,0
201849,Adinakon,,,,0,14,0,0,111513,0,0,0,1,1,1,1,0,0,0
201858,Lyver,,,,0,14,0,0,111514,0,0,0,1,1,1,1,0,0,0
201872,Tethik,,,,0,1,0,0,20808,0,0,0,0,1,1,1,0,0,0
201873,Bloodquill,,,,0,1,0,0,64722,0,0,0,0,1,1,1,0,0,0
201884,Yu'shor,,,,0,12,0,2,111519,0,0,0,1,1,1,1,0,0,0
201888,Drakeula,,,,0,12,0,3,111520,0,0,0,1,1,1,1,0,0,0
201889,Arctichnid,,,,0,12,0,0,111522,0,0,0,1,1,1,1,0,0,0
201900,Kazzquack,,,,0,12,0,3,106633,0,0,0,1,1,1,1,0,0,0
201901,Mothoroth,,,,0,12,0,2,109169,0,0,0,1,1,1,1,0,0,0
201902,Iron Vrykul,,,,0,7,0,0,25985,0,0,0,1,1,1,1,45692,0,0
201904,Blu'jaeden,,,,0,12,0,3,106655,0,0,0,1,1,1,1,0,0,0
202123,Vengeful Research,,,,0,4,0,0,35936,0,0,0,1,1,1,1,0,0,0
202343,Vehicle Ebyssian,,,,1,2,0,3,105532,0,0,0,1,1,1,1,0,0,0
202379,Zaqali Berserker,,,,0,7,0,0,101804,101805,101806,101807,1,1,1,1,163608,0,0
202398,Irontide Coin Counter,,,,0,7,0,0,82274,0,0,0,1,1,1,1,59810,59810,0
202405,[DND] Kill Credit - Stormsunder Crater Circuit,,,,0,10,0,0,11686,0,0,0,1,1,1,1,0,0,0
202406,[DND] Kill Credit - Morqut Ascent,,,,0,10,0,0,11686,0,0,0,1,1,1,1,0,0,0
202407,[DND] Kill Credit - Aerie Chasm Cruise,,,,0,10,0,0,11686,0,0,0,1,1,1,1,0,0,0
202408,[DND] Kill Credit - Southern Reach Route,,,,0,10,0,0,11686,0,0,0,1,1,1,1,0,0,0
202409,[DND] Kill Credit - Caldera Coaster,,,,0,10,0,0,11686,0,0,0,1,1,1,1,0,0,0
202410,[DND] Kill Credit - Forbidden Reach Rush,,,,0,10,0,0,11686,0,0,0,1,1,1,1,0,0,0
202440,Enok the Stinky,,,,0,14,0,0,111660,0,0,0,1,1,1,1,0,0,0
202452,Malfunctioning Matrix,,,,0,14,0,2,111662,0,0,0,1,1,1,1,0,0,0
202456,Niffin Monster Hunter,,,,0,7,0,0,106518,106374,111377,111379,1,1,1,1,0,0,0
202459,Kill Credit,,,,0,10,0,0,11686,0,0,0,1,1,1,1,0,0,0
202469,Ebyssian,,,,1,2,0,2,105532,0,0,0,0,1,1,1,0,0,0
202471,Sabellian,,,,1,2,0,2,104558,0,0,0,0,1,1,1,0,0,0
202472,Wrathion,,The Black Prince,,1,2,0,3,107945,0,0,0,0,1,1,1,0,0,0
202475,Evorian,,,,1,2,0,3,107304,0,0,0,1,1,1,1,0,0,0
202477,Brynnsahce,,Honeypelt's Apprentice,,0,7,0,0,111665,0,0,0,1,1,1,1,0,0,0
202478,Baskilan,,,,1,2,0,3,107214,0,0,0,1,1,1,1,0,0,0
202480,Broodmother Dracasia,,,,1,2,0,3,107104,0,0,0,0,1,1,1,0,0,0
202482,Ebyssian,,,,1,2,0,0,105532,0,0,0,0,1,1,1,0,0,0
202484,Gilded Mechafrog,,,,0,12,0,0,111667,0,0,0,1,1,1,1,0,0,0
202486,Defias Thief,,,,0,7,0,0,110935,0,0,0,1,1,1,1,0,0,0
202487,Defias Thief,,,,0,7,0,0,110936,0,0,0,1,1,1,1,0,0,0
202488,Defias Thief,,,,0,7,0,0,110939,0,0,0,1,1,1,1,0,0,0
202489,Defias Thief,,,,0,7,0,0,110933,0,0,0,1,1,1,1,0,0,0
202492,Lil' Algalon,,,,0,12,0,0,111670,0,0,0,1,1,1,1,45985,45985,0
202493,Cozmos,,,,0,12,0,0,111671,0,0,0,1,1,1,1,0,0,0
202494,Celastro,,,,0,12,0,0,111672,0,0,0,1,1,1,1,0,0,0
202495,[DND] Kill Credit - Caldera of Menders,,,,0,10,0,0,11686,0,0,0,1,1,1,1,0,0,0
202496,[DND] Kill Credit - Skyfox Den,,,,0,10,0,0,11686,0,0,0,1,1,1,1,0,0,0
202497,[DND] Kill Credit - Fishing Hole,,,,0,10,0,0,11686,0,0,0,1,1,1,1,0,0,0
202498,[DND] Kill Credit - The War Creche,,,,0,10,0,0,11686,0,0,0,1,1,1,1,0,0,0
202499,[DND] Kill Credit - Stormsunder Crater,,,,0,10,0,0,11686,0,0,0,1,1,1,1,0,0,0
202500,[DND] Kill Credit - Tempest Coast,,,,0,10,0,0,11686,0,0,0,1,1,1,1,0,0,0
202505,Ebyssian,,,,1,2,0,0,110926,105532,0,0,1,0,1,1,0,0,0
202518,Roggy,,,,6,8,0,0,111305,0,0,0,1,1,1,1,0,0,0
202522,Hoist Your Snails,,,,6,8,0,0,107716,0,0,0,1,1,1,1,0,0,0
202523,Ebyssian,,,,1,2,0,0,110926,0,0,0,1,1,1,1,0,0,0
202525,Slime Time Live,,,,6,8,0,0,107724,0,0,0,1,1,1,1,0,0,0
202526,Snailmantha,,,,6,8,0,0,107725,0,0,0,1,1,1,1,0,0,0
202529,Zaqali Berserker,,,,0,7,0,0,111134,111135,111136,111137,1,1,1,1,0,0,0
202548,Volatile Self-Driving Toolbox,,,,0,12,0,0,111677,0,0,0,1,1,1,1,0,0,0
202549,Drakonid Poacher,,,,0,7,0,0,109293,0,0,0,1,1,1,1,0,0,0
202550,Slitherdrake,,,,0,2,0,0,109368,0,0,0,1,1,1,1,0,0,0
202560,Dragon Glyph,,,,0,10,0,3,21955,23767,0,0,0,1,1,1,0,0,0
202561,Dragon Glyph,,,,0,10,0,3,21955,23767,0,0,0,1,1,1,0,0,0
202562,Dragon Glyph,,,,0,10,0,3,21955,23767,0,0,0,1,1,1,0,0,0
202563,Dragon Glyph,,,,0,10,0,3,21955,23767,0,0,0,1,1,1,0,0,0
202564,Dragon Glyph,,,,0,10,0,3,21955,23767,0,0,0,1,1,1,0,0,0
202565,Dragon Glyph,,,,0,10,0,3,21955,23767,0,0,0,1,1,1,0,0,0
202566,Dragon Glyph,,,,0,10,0,3,21955,23767,0,0,0,1,1,1,0,0,0
202567,Dragon Glyph,,,,0,10,0,3,21955,23767,0,0,0,1,1,1,0,0,0
202585,Tracker Dragon Glyph,,,,0,10,0,3,21955,23767,0,0,0,1,1,1,0,0,0
202611,Tracker Dragon Glyph,,,,0,10,0,3,21955,23767,0,0,0,1,1,1,0,0,0
202614,Tracker Dragon Glyph,,,,0,10,0,3,21955,23767,0,0,0,1,1,1,0,0,0
202615,Tracker Dragon Glyph,,,,0,10,0,3,21955,23767,0,0,0,1,1,1,0,0,0
202616,Tracker Dragon Glyph,,,,0,10,0,3,21955,23767,0,0,0,1,1,1,0,0,0
202617,Tracker Dragon Glyph,,,,0,10,0,3,21955,23767,0,0,0,1,1,1,0,0,0
202619,Tracker Dragon Glyph,,,,0,10,0,3,21955,23767,0,0,0,1,1,1,0,0,0
202620,Tracker Dragon Glyph,,,,0,10,0,3,21955,23767,0,0,0,1,1,1,0,0,0
202648,Stormwind City Guard,,,,0,7,0,0,3167,99389,99391,5446,1,1,1,1,1899,143,2551
202649,Stormwind City Commoner,,,,0,7,0,0,110950,110951,110952,110947,1,1,1,1,0,0,0
202670,Ebyssian,,,,1,2,0,0,110926,105532,0,0,1,0,1,1,0,0,0
202671,Winglord Dezran,,The Sundered Flame,,0,7,0,0,110856,110862,0,0,1,0,1,1,0,0,0
202679,Scalecommander Emberthal,,The Adamant Vigil,,0,7,0,0,102031,0,0,0,1,1,1,1,0,0,0
202687,Talon Damos,,,,0,7,0,0,110584,0,0,0,1,1,1,1,0,0,0
202688,Draconic Phial Cauldron |A:Professions-Icon-Quality-Tier1-Small:20:20|a,,,,0,10,0,0,111931,0,0,0,1,1,1,1,0,0,0
202692,Kalecgos,,Mirror Image,,1,2,0,0,105430,0,0,0,1,1,1,1,0,0,0
202700,Lysander Starshade,,,,0,7,0,0,112000,113467,0,0,1,0,1,1,94844,0,0
202701,Arko'narin Starshade,,,,0,7,0,0,112157,0,0,0,1,1,1,1,127986,128321,0
202709,Draconic Phial Cauldron |A:Professions-Icon-Quality-Tier2-Small:20:20|a,,,,0,10,0,0,111931,0,0,0,1,1,1,1,0,0,0
202711,Draconic Phial Cauldron |A:Professions-Icon-Quality-Tier3-Small:20:20|a,,,,0,10,0,0,111931,0,0,0,1,1,1,1,0,0,0
202721,Winglord Dezran,,The Sundered Flame,,0,7,0,0,110856,110862,0,0,1,0,1,1,0,0,0
202725,Paper Zeppelin,,,,0,10,0,3,79541,0,0,0,1,1,1,1,0,0,0
202729,Nozdormu,,,,1,2,0,0,38754,0,0,0,1,1,1,1,0,0,0
202734,Sabellian,,,,1,2,0,0,104559,104558,0,0,1,0,1,1,199823,0,0
202744,Neltharion,,,,1,2,0,0,112220,0,0,0,1,1,1,1,0,0,0
202752,Emberthal,,,,1,7,0,0,102031,0,0,0,1,1,1,1,0,0,0
202760,Scalecommander Emberthal,,,,0,7,0,0,112221,0,0,0,1,1,1,1,0,0,0
202761,Scalecommander Sarkareth,,,,0,7,0,0,112223,0,0,0,1,1,1,1,0,0,0
202762,Viridia,,,,0,7,0,0,112222,0,0,0,1,1,1,1,0,0,0
202771,Ebyssian,,,,1,2,0,0,110926,105532,0,0,1,0,1,1,0,0,0
202775,Wrathion,,The Black Prince,,1,2,0,0,107146,107945,0,0,1,0,1,1,0,0,0
202786,Taivan,,,,0,1,52,0,107273,0,0,0,1,1,1,1,0,0,0
202787,Teerai Hunting Bakar,,,,0,1,52,0,110084,110083,110082,110081,1,1,1,1,0,0,0
202806,Deathwing,,The Destroyer,,1,4,0,0,39355,0,0,0,1,1,1,1,0,0,0
202818,Nozdormu,,,,1,2,0,0,38754,0,0,0,1,1,1,1,0,0,0
202837,[DNT] Kill Credit,,,,0,10,0,0,11686,0,0,0,1,1,1,1,0,0,0
202873,Elder Honeypelt,,Monster Hunter,,0,7,0,0,111827,0,0,0,1,1,1,1,0,0,0
202881,Scalecommander Emberthal,,,,0,7,0,0,102031,0,0,0,1,1,1,1,0,0,0
202924,Zaqali Quartermaster,,,,0,7,0,0,111140,111145,0,0,1,1,1,1,62067,0,0
202957,Highlord Bolvar Fordragon,,,,1,7,0,0,111762,0,0,0,1,1,1,1,2178,143,0
202960,Reginald Windsor,,,,1,7,0,0,111763,0,0,0,1,1,1,1,5305,143,0
202961,Onyxia,,,,1,2,0,0,111765,0,0,0,0,1,1,1,0,0,0
202985,[DNT] Kill Credit,,,,0,10,0,0,11686,0,0,0,1,1,1,1,0,0,0
202986,[DNT] Kill Credit,,,,0,10,0,0,11686,0,0,0,1,1,1,1,0,0,0
202987,[DNT] Kill Credit,,,,0,10,0,0,11686,0,0,0,1,1,1,1,0,0,0
202995,Ebyssian,,,,1,2,0,0,110926,0,0,0,1,1,1,1,0,0,0
203012,Alexstrasza the Life-Binder,,Queen of the Dragons,,1,2,0,0,28227,92146,107052,0,1,0,0,1,0,0,0
203038,Scavenging Flayer,,,,0,1,0,0,110441,0,0,0,1,1,1,1,0,0,0
203049,Keeper Tyr,,,,0,9,0,0,111315,0,0,0,1,1,1,1,128823,0,0
203078,Stormwind Merchant,,,,0,7,0,0,111795,0,0,0,1,1,1,1,0,0,0
203084,Sabellian,,,,1,2,0,0,104559,0,0,0,1,1,1,1,0,0,0
203085,Dragon Glyph,,,,0,10,0,3,21955,23767,0,0,0,1,1,1,0,0,0
203086,Tracker Dragon Glyph,,,,0,10,0,3,21955,23767,0,0,0,1,1,1,0,0,0
203087,Ebyssian,,,,1,2,0,0,111354,105532,0,0,1,0,1,1,0,0,0
203090,Ebyssian,,,,1,2,0,0,105532,0,0,0,0,1,1,1,0,0,0
203091,Fyrakk,,The Blazing,,0,2,0,0,105824,0,0,0,1,1,1,1,0,0,0
203092,Dragon Glyph,,,,0,10,0,3,21955,23767,0,0,0,1,1,1,0,0,0
203093,Dragon Glyph,,,,0,10,0,3,21955,23767,0,0,0,1,1,1,0,0,0
203094,Dragon Glyph,,,,0,10,0,3,21955,23767,0,0,0,1,1,1,0,0,0
203095,Dragon Glyph,,,,0,10,0,3,21955,23767,0,0,0,1,1,1,0,0,0
203097,Dragon Glyph,,,,0,10,0,3,21955,23767,0,0,0,1,1,1,0,0,0
203098,Dragon Glyph,,,,0,10,0,3,21955,23767,0,0,0,1,1,1,0,0,0
203100,Stormwind Noble,,,,0,7,0,0,111796,0,0,0,1,1,1,1,0,0,0
203101,Dragon Glyph,,,,0,10,0,3,21955,23767,0,0,0,1,1,1,0,0,0
203102,Town Crier,,,,0,7,0,0,111797,0,0,0,1,1,1,1,0,0,0
203106,Warren Fulton,,,,0,7,0,0,111798,0,0,0,0,1,1,1,0,0,0
203108,Tracker Dragon Glyph,,,,0,10,0,3,21955,23767,0,0,0,1,1,1,0,0,0
203109,Antoinette Jardin,,,,0,7,0,0,111799,0,0,0,1,1,1,1,0,0,0
203110,Scott Keenan,,,,0,7,0,0,111800,0,0,0,0,1,1,1,0,0,0
203114,Stormwind Dock Worker,,,,0,7,0,0,111801,0,0,0,1,1,1,1,0,0,0
203115,Tracker Dragon Glyph,,,,0,10,0,3,21955,23767,0,0,0,1,1,1,0,0,0
203116,Tracker Dragon Glyph,,,,0,10,0,3,21955,23767,0,0,0,1,1,1,0,0,0
203118,Tracker Dragon Glyph,,,,0,10,0,3,21955,23767,0,0,0,1,1,1,0,0,0
203122,Tracker Dragon Glyph,,,,0,10,0,3,21955,23767,0,0,0,1,1,1,0,0,0
203123,Gregory Ardus,,Staff & Mace Merchant,,0,7,0,0,111802,0,0,0,1,1,1,1,5495,0,0
203124,Kendor Kabonka,,Master of Cooking Recipes,,0,7,0,0,111803,0,0,0,1,1,1,1,2705,12860,0
203125,Tracker Dragon Glyph,,,,0,10,0,3,21955,23767,0,0,0,1,1,1,0,0,0
203127,Elly Langston,,Barmaid,,0,7,0,0,111804,0,0,0,1,1,1,1,2716,2703,0
203128,Maegan Tillman,,Innkeeper,,0,7,0,0,111805,0,0,0,1,1,1,1,0,0,0
203129,Heinrich Stone,,Blade Merchant,,0,7,0,0,111806,0,0,0,1,1,1,1,0,0,0
203130,Raylen Milburn,,,,0,7,0,0,111807,0,0,0,1,1,1,1,0,0,0
203131,Daniel Kinsey,,,,0,7,0,0,111808,0,0,0,0,1,1,1,0,0,0
203132,Tracker Dragon Glyph,,,,0,10,0,3,21955,23767,0,0,0,1,1,1,0,0,0
203144,Warsong Battleguard,,,,0,7,0,0,111810,111811,111812,0,1,1,1,1,0,0,0
203149,Bleeding Hollow Impaler,,,,0,7,0,0,111813,111814,0,0,1,1,1,1,0,0,0
203150,Shattered Hand Ripper,,,,0,7,0,0,111815,111816,0,0,1,1,1,1,0,0,0
203154,Dragonmaw Guard,,,,0,7,0,0,111817,111818,111819,111820,1,1,1,1,0,0,0
203205,Stormwind Guard,,,,0,7,0,0,111839,0,0,0,1,1,1,1,1899,143,0
203206,Stormwind Guard,,,,0,7,0,0,111840,111841,0,0,1,1,1,1,1899,143,0
203219,Gholna,,Zaqali Elder,,1,7,0,0,112006,0,0,0,1,1,1,1,192122,0,0
203220,Vakan,,Zaqali Elder,,1,7,0,0,112005,0,0,0,1,1,1,1,192105,0,0
203227,Churning Blaze,,,,0,4,0,0,102504,0,0,0,1,1,1,1,0,0,0
203228,Shrinekeeper Qanosh,,,,1,7,0,0,111129,0,0,0,1,1,1,1,201976,0,0
203267,High Overlord's Raider,,,,0,7,0,0,111872,111873,111874,111875,1,1,1,1,134633,134633,0
203282,Controller,,,,0,10,0,3,21955,23767,0,0,0,1,1,1,0,0,0
203283,Emberthal,,,,1,7,0,0,102031,0,0,0,1,1,1,1,0,0,0
203284,Scalecommander Sarkareth,,The Sundered Flame,,1,7,0,0,104904,107085,0,0,1,0,1,1,0,0,0
203285,Ebyssian,,,,1,2,0,0,111354,105532,0,0,1,0,1,1,0,0,0
203287,Puddlehopper,,,,0,14,0,0,111300,0,0,0,1,1,1,1,0,0,0
203288,Rock Martin,,,,0,14,0,3,111301,111886,0,0,49,1,1,1,0,0,0
203289,Yellabon,,,,0,14,0,2,111304,0,0,0,1,1,1,1,0,0,0
203290,Controller,,,,0,10,0,3,21955,23767,0,0,0,1,1,1,0,0,0
203292,Endmite,,,,0,14,0,0,111302,111884,111885,0,85,14,1,1,0,0,0
203308,Stonewhisker,,,,0,14,0,0,111303,111891,0,0,79,1,1,1,0,0,0
203310,Cobbleshell,,,,0,14,0,0,111893,111892,0,0,9,1,1,1,0,0,0
203311,Boulderfang,,,,0,14,0,0,111307,111897,0,0,19,1,1,1,0,0,0
203312,Slabwing,,,,0,14,0,3,111306,111898,0,0,19,1,1,1,0,0,0
203313,Hollow Moth,,,,0,14,0,2,111900,111899,111309,0,80,15,5,1,0,0,0
203314,Baine Bloodhoof,,High Chieftain,,1,7,0,0,111901,0,0,0,1,1,1,1,205899,0,0
203315,Bovan Windtotem,,,,0,7,0,0,111902,0,0,0,1,1,1,1,0,0,0
203356,Winds of the Isles,,,,0,10,0,3,21955,23767,108324,0,0,0,1,1,0,0,0
203358,Lithengale,,,,0,14,0,3,111914,0,0,0,1,1,1,1,0,0,0
203359,Lithengale,,,,0,8,0,3,111914,0,0,0,1,1,1,1,0,0,0
203364,Scarlapod,,,,0,14,0,0,111991,0,0,0,1,1,1,1,0,0,0
203366,Scarlapod,,,,0,8,0,0,111991,0,0,0,1,1,1,1,0,0,0
203367,Deepridger,,,,0,14,0,3,111919,111920,0,0,49,1,1,1,0,0,0
203369,Deepridger,,,,0,8,0,3,111919,111920,0,0,49,1,1,1,0,0,0
203370,[DNT] Alex Belaphon Conversation Bunny,,,,0,10,0,0,81209,27823,0,0,0,1,1,1,0,0,0
203372,Sunglow Cobra,,,,0,14,0,0,111922,0,0,0,1,1,1,1,0,0,0
203373,Sunglow Cobra,,,,0,8,0,0,111922,0,0,0,1,1,1,1,0,0,0
203375,[DNT] Target Bunny,,,,0,10,0,0,1126,11686,0,0,0,1,1,1,0,0,0
203377,Ebonwing Moth,,,,0,14,0,2,112383,0,0,0,1,1,1,1,0,0,0
203379,Ebonwing Moth,,,,0,8,0,2,111924,0,0,0,1,1,1,1,0,0,0
203387,Mudleader Lorac,,Primalist Vice-Lord,,1,7,0,0,111112,0,0,0,1,1,1,1,110890,0,0
203392,Fyrakk,,,,0,2,0,3,105824,0,0,0,1,1,1,1,0,0,0
203402,Azurewing Guardian,,,,1,2,0,3,109634,109636,111502,111932,1,1,1,1,0,0,0
203423,Winds of Highmountain,,,,0,10,0,3,21955,23767,108324,0,0,0,1,1,0,0,0
203424,Drakonid Crechebound,,,,1,2,0,0,104285,104286,104287,104288,1,1,1,1,192514,0,0
203431,Azuregos,,Mirror Image,,1,2,0,0,111947,0,0,0,0,1,1,1,0,0,0
203460,Primalist Portal,,,,0,10,0,0,111966,0,0,0,1,1,1,1,0,0,0
203463,Arfus,,,,0,12,0,0,111022,0,0,0,1,1,1,1,0,0,0
203485,Primalist Portal,,,,0,10,0,0,111966,0,0,0,1,1,1,1,0,0,0
203488,Primalist Portal,,,,0,10,0,0,111966,0,0,0,1,1,1,1,0,0,0
203522,Archmage Khadgar,,,,1,7,0,0,64045,0,0,0,1,1,1,1,23998,0,0
203597,Talon Damos,,,,0,7,0,0,111986,0,0,0,1,1,1,1,0,0,0
203613,Scalecommander Sarkareth,,The Sundered Flame,,1,7,0,0,111993,0,0,0,1,1,1,1,0,0,0
203614,Scalecommander Emberthal,,,,1,7,0,0,111994,0,0,0,1,1,1,1,0,0,0
203623,Stonewhisker,,,,0,8,0,0,107727,0,0,0,1,1,1,1,0,0,0
203637,Sundered Defender,,The Sundered Flame,,0,7,0,0,111935,111934,0,0,1,1,1,1,0,0,0
203689,Misha,,,,1,1,0,0,9492,0,0,0,1,1,1,1,0,0,0
203695,Conqueror Krenna,,,,1,7,0,0,112022,0,0,0,1,1,1,1,0,0,0
203728,Emmigosa,,,,0,2,0,0,112038,108192,0,0,1,0,1,1,0,0,0
203729,Stellagosa,,,,1,2,0,0,61799,105227,0,0,1,0,1,1,0,0,0
203732,Kalecgos,,,,1,2,0,0,105921,108281,75614,0,1,0,0,1,0,0,0
203760,Igira,,Zaqali Elder,,0,7,0,0,112004,0,0,0,1,1,1,1,0,0,0
203771,Fyrakk,,The Blazing,,0,2,0,0,111452,0,0,0,1,1,1,1,0,0,0
203801,Primalist Portal,,,,0,10,0,0,111966,0,0,0,1,1,1,1,0,0,0
203802,Primalist Portal,,,,0,10,0,0,111966,0,0,0,1,1,1,1,0,0,0
203803,Primalist Portal,,,,0,10,0,0,111966,0,0,0,1,1,1,1,0,0,0
203804,Andantenormu,,The Timewalkers,,0,2,0,0,105538,0,0,0,1,1,1,1,0,0,0
203828,Ebyssian,,,,1,2,0,0,112053,0,0,0,1,1,1,1,0,0,0
203859,[DNT] Kill Credit,,,,0,10,0,0,11686,0,0,0,1,1,1,1,0,0,0
203866,Kindleweb Spiderling,,,,0,12,0,0,88001,0,0,0,1,1,1,1,0,0,0
203904,Scalecommander Emberthal,,The Adamant Vigil,,0,7,0,0,102031,0,0,0,1,1,1,1,0,0,0
203994,Tarantula Hatchling,,,,0,8,0,0,107817,105840,77652,0,1,1,1,1,0,0,0
204016,Scalecommander Emberthal,,The Adamant Vigil,,0,7,0,0,102031,0,0,0,1,1,1,1,0,0,0
204028,Alexstrasza the Life-Binder,,Queen of the Dragons,,1,2,0,0,28227,92146,0,0,1,0,1,1,0,0,0
204036,Roland,,,,0,12,0,0,112343,0,0,0,1,1,1,1,0,0,0
204048,Blacktalon Warrior,,,,1,2,0,0,102435,102431,102434,102427,1,1,1,1,201432,0,0
204055,Wrathion,,The Black Prince,,1,2,0,0,107146,107945,0,0,1,0,1,1,0,0,0
204056,Rampaging Mammoth,,,,0,1,0,0,100842,0,0,0,1,1,1,1,163608,0,0
204057,Sabellian,,,,1,2,0,0,104559,104558,0,0,1,0,1,1,0,0,0
204075,Spellsworn Crechebound,,,,0,2,0,0,105787,106358,105788,106359,1,1,1,1,192514,0,0
204079,Obsidian Defender,,,,0,2,0,0,102318,102319,102320,102321,1,1,1,1,191685,200993,0
204100,LOU-C Fitzcog,,,,0,7,0,0,106067,0,0,0,1,1,1,1,126938,0,0
204102,Examiner Rowe,,,,0,7,0,0,106063,0,0,0,1,1,1,1,0,0,0
204111,Zaqali Ironfist,,,,0,7,0,0,111167,111170,111172,111175,1,1,1,1,163003,163003,0
204124,LOU-C Fitzcog,,,,0,7,0,0,106067,0,0,0,1,1,1,1,126938,0,0
204139,Royal Dreadguard,,,,1,7,0,0,113450,113460,113461,113462,25,25,25,25,141406,207089,207090
204171,Igira,,Zaqali Elder,,0,7,0,0,112004,0,0,0,1,1,1,1,0,0,0
204172,Primalist Stonegrinder,,,,1,7,0,0,111122,111123,111124,111127,1,1,1,1,163956,0,0
204178,Slitherdrake,,,,0,2,0,0,109368,0,0,0,1,1,1,1,0,0,0
204191,Blacktalon Invoker,,,,0,2,0,0,102198,102199,102200,102201,1,1,1,1,0,0,0
204204,Zaqali Berserker,,,,0,7,0,0,111134,111135,111136,111137,1,1,1,1,0,0,0
204208,Drakonid Poacher,,,,0,7,0,0,109293,0,0,0,1,1,1,1,0,0,0
204217,Blaise,,,,0,12,0,0,112142,0,0,0,1,1,1,1,0,0,0
204221,Ambre,,,,0,12,0,0,112143,0,0,0,1,1,1,1,0,0,0
204222,Azure Swoglet,,,,0,12,0,0,112144,0,0,0,1,1,1,1,0,0,0
204223,Neltharion,,,,1,2,0,0,111794,0,0,0,1,1,1,1,0,0,0
204224,Emerald Swoglet,,,,0,12,0,0,112145,0,0,0,1,1,1,1,0,0,0
204225,Annuna,,,,0,12,0,0,113275,0,0,0,1,1,1,1,0,0,0
204226,Crimson Swoglet,,,,0,12,0,0,112147,0,0,0,1,1,1,1,0,0,0
204227,Bronze Swoglet,,,,0,12,0,0,112148,0,0,0,1,1,1,1,0,0,0
204237,Lettuce,,,,0,12,0,3,112149,0,0,0,49,1,1,1,0,0,0
204240,Byrn,,,,0,12,0,0,112151,0,0,0,1,1,1,1,0,0,0
204261,Jade Skitterbug,,,,0,12,0,2,112155,0,0,0,1,1,1,1,0,0,0
204263,Lord Stantley,,,,0,12,0,0,112156,0,0,0,1,1,1,1,0,0,0
204266,Savage Lobstrok,,,,0,12,0,0,112158,0,0,0,1,1,1,1,0,0,0
204268,Cheddar,,,,0,12,0,0,112159,0,0,0,1,1,1,1,0,0,0
204269,Devourer Lobstrok,,,,0,12,0,0,112161,0,0,0,1,1,1,1,0,0,0
204271,Abyssal Lurker,,,,0,12,0,3,112162,0,0,0,1,1,1,1,0,0,0
204275,Snapjaw Lurker,,,,0,12,0,3,112163,0,0,0,1,1,1,1,0,0,0
204276,Void Lurker,,,,0,12,0,3,112164,0,0,0,1,1,1,1,0,0,0
204286,Paulie,,,,0,12,0,0,112167,0,0,0,1,1,1,1,0,0,0
204287,Ebyssian,,,,1,2,0,0,110926,111203,112587,0,0,0,1,1,0,0,0
204288,Rango,,,,0,12,0,0,112168,0,0,0,1,1,1,1,0,0,0
204293,Miloh,,,,0,12,0,0,112169,0,0,0,1,1,1,1,0,0,0
204295,Rusty,,,,0,12,0,0,112170,0,0,0,1,1,1,1,0,0,0
204296,Amador,,,,0,12,0,0,112171,0,0,0,1,1,1,1,0,0,0
204303,Brul,,,,0,12,0,0,112172,0,0,0,1,1,1,1,0,0,0
204305,Jerrie,,,,0,12,0,0,112173,0,0,0,1,1,1,1,0,0,0
204320,Diamondshell,,,,0,12,0,0,112175,0,0,0,1,1,1,1,0,0,0
204321,Bashful,,,,0,12,0,0,112176,0,0,0,1,1,1,1,0,0,0
204323,Thimblerig,,,,0,12,0,0,112177,0,0,0,1,1,1,1,0,0,0
204324,Tricky,,,,0,12,0,0,112178,0,0,0,1,1,1,1,0,0,0
204325,Roseshell,,,,0,12,0,0,112179,0,0,0,1,1,1,1,0,0,0
204326,Brulee,,,,0,12,0,0,112180,0,0,0,1,1,1,1,0,0,0
204339,Ridged Shalewing,,,,0,12,0,3,112185,0,0,0,1,1,1,1,0,0,0
204340,Soot-Stained Shalewing,,,,0,12,0,3,112186,0,0,0,1,1,1,1,0,0,0
204341,Ravenous Shalewing,,,,0,12,0,3,112187,0,0,0,1,1,1,1,0,0,0
204342,Shalewing Devourer,,,,0,12,0,3,112188,0,0,0,1,1,1,1,0,0,0
204343,Salverun,,,,0,12,0,0,112644,0,0,0,1,1,1,1,0,0,0
204345,Skaarn,,,,0,12,0,0,112191,0,0,0,1,1,1,1,0,0,0
204347,Elder Honeypelt,,Monster Hunter,,0,7,0,0,111827,0,0,0,1,1,1,1,0,0,0
204354,Jade Cragviper,,,,0,12,0,0,112190,0,0,0,1,1,1,1,0,0,0
204359,Aquapo,,,,0,12,0,0,112193,0,0,0,1,1,1,1,0,0,0
204360,Heartseeker Moth,,,,0,12,0,2,112195,0,0,0,1,1,1,1,0,0,0
204361,Undermoth,,,,0,12,0,2,112196,0,0,0,1,1,1,1,0,0,0
204363,Teardrop Moth,,,,0,12,0,2,112201,0,0,0,1,1,1,1,0,0,0
204367,Nelthara,,,,0,12,0,3,113259,0,0,0,1,1,1,1,0,0,0
204368,Senega,,,,0,12,0,3,112203,0,0,0,1,1,1,1,0,0,0
204369,Axel,,,,0,12,0,3,112204,0,0,0,1,1,1,1,0,0,0
204370,Kromos,,,,0,12,0,3,112205,0,0,0,1,1,1,1,0,0,0
204380,Scalecommander Sarkareth,,Leader of The Sundered Flame,,1,7,0,0,112206,0,0,0,1,1,1,1,0,0,0
204412,Grrrmrrsh Hrrnglscrrrm,,,,1,7,0,0,61127,0,0,0,1,1,1,1,0,0,0
204428,Zooti Fizzlefury,,Kirin Tor,,0,7,0,0,60074,0,0,0,1,1,1,1,0,0,0
204438,Vault Observation Executor,,,,0,10,0,2,104904,0,0,0,1,1,1,1,0,0,0
204450,Soridormi,,,,1,2,0,0,113217,108314,0,0,0,1,1,1,0,0,0
204451,Krrrn Trr Cryomancer,,,,0,7,0,0,983,0,0,0,1,1,1,1,156299,0,0
204452,Time Rift,,,,0,10,0,3,112235,0,0,0,1,1,1,1,0,0,0
204458,Un'Gorian Raptor,,,,0,1,0,0,91262,0,0,0,1,1,1,1,0,0,0
204465,<Away> Johnny Awesome,,Uber Town,,0,7,0,0,35624,0,0,0,1,1,1,1,0,0,18680
204468,Airhorn,,Uber Town,,0,7,0,0,72069,0,0,0,1,1,1,1,28442,0,0
204469,Vulajin,,Uber Town,,0,7,0,0,72062,0,0,0,1,1,1,1,33734,32838,0
204470,Darragh,,Uber Town,,0,7,0,0,73217,0,0,0,1,1,1,1,32344,0,0
204473,Dreadpaw,,Uber Town,,0,7,0,0,29410,0,0,0,1,1,1,1,0,0,0
204474,Muffinmon,,Uber Town,,0,7,0,0,72060,0,0,0,1,1,1,1,17103,22253,0
204475,Merciless Gladiator Saifu,,Uber Town,,0,7,0,0,72059,0,0,0,1,1,1,1,0,0,0
204476,Vhell,,Uber Town,,0,7,0,0,72058,0,0,0,1,1,1,1,32471,32471,0
204477,Oku,,Uber Town,,0,7,0,0,72057,0,0,0,1,1,1,1,32471,32471,0
204478,Astrylian,,Uber Town,,0,7,0,0,29412,0,0,0,1,1,1,1,0,0,0
204480,Twirhp,,Uber Town,,0,7,0,0,72054,0,0,0,1,1,1,1,17103,22253,0
204481,Jarud,,Uber Town,,0,7,0,0,72053,0,0,0,1,1,1,1,34673,0,0
204482,Wheatizzle,,Uber Town,,0,7,0,0,72052,0,0,0,1,1,1,1,32500,32255,0
204483,Wodyn,,Uber Town,,0,7,0,0,72051,0,0,0,1,1,1,1,32471,32471,0
204484,Anenga,,Uber Town,,0,7,0,0,864,0,0,0,1,1,1,1,0,0,0
204485,Butchie,,Uber Town,,0,7,0,0,72050,0,0,0,1,1,1,1,32237,32255,0
204486,Kesak,,Uber Town,,0,7,0,0,72049,0,0,0,1,1,1,1,0,0,0
204488,Spoogledorf,,Uber Town,,0,7,0,0,72565,0,0,0,1,1,1,1,0,0,0
204489,Guard,,Uber Town,,0,7,0,0,72064,0,0,0,1,1,1,1,0,0,0
204490,Scarab Lord Hamlet,,Uber Town,,0,7,0,0,72046,0,0,0,1,1,1,1,32344,0,0
204491,Nulil,,Uber Town,,0,7,0,0,72044,0,0,0,1,1,1,1,30918,28825,0
204492,Nisstyr,,Uber Town,,0,7,0,0,72043,0,0,0,1,1,1,1,32237,32361,0
204493,Scarab Lord Ahzesh,,Uber Town,,0,7,0,0,72040,0,0,0,1,1,1,1,32374,0,0
204494,Jesibelle,,Uber Town,,0,7,0,0,72039,0,0,0,1,1,1,1,32344,0,0
204495,Velgrim,,Uber Town,,0,7,0,0,72037,0,0,0,1,1,1,1,19019,32375,0
204515,MR-7 Gutcutter,,,,0,7,0,0,346,0,0,0,1,1,1,1,4565,4565,0
204516,Cenrrrn Cirrgl Tideshifter,,,,0,7,0,0,31,0,0,0,1,1,1,1,128821,0,0
204517,Fuzani Lasher,,,,0,4,0,0,8149,0,0,0,1,1,1,1,0,0,0
204518,Sholazian Dreadsaber,,,,0,1,0,0,25110,0,0,0,1,1,1,1,0,0,0
204524,Honeypelt's Wagon,,,,0,9,0,0,112051,0,0,0,1,1,1,1,0,0,0
204525,Roquefort,,,,0,1,292,0,107716,0,0,0,1,1,1,1,0,0,0
204534,Zaqali Spiritbreaker,,,,1,7,0,0,111167,111168,111169,111170,1,1,1,1,125953,192138,0
204542,Paradox,,,,0,10,0,3,113167,0,0,0,1,1,1,1,0,0,0
204572,VOX,,,,1,7,0,0,102031,0,0,0,1,1,1,1,0,0,0
204574,Eternus,,,,1,2,0,0,112713,0,0,0,1,1,1,1,0,0,0
204621,Roggy,,,,0,12,0,0,112270,0,0,0,1,1,1,1,0,0,0
204631,[DNT] REUSE,,,,0,12,0,0,112180,0,0,0,1,1,1,1,0,0,0
204667,Eternus,,,,1,2,0,0,112713,0,0,0,1,1,1,1,0,0,0
204673,Rock Martin,,,,0,8,0,3,111301,111886,0,0,49,1,1,1,0,0,0
204692,Murrey,,,,0,12,0,0,112290,0,0,0,1,1,1,1,0,0,0
204694,Clawz,,,,0,12,0,0,112293,0,0,0,1,1,1,1,0,0,0
204695,Bassalt,,,,0,12,0,2,112294,0,0,0,1,1,1,1,0,0,0
204696,Ebyssian,,,,1,2,0,0,105532,0,0,0,0,1,1,1,0,0,0
204697,Ebyssian,,,,1,2,0,0,111354,105532,0,0,1,0,1,1,0,0,0
204698,Sabellian,,,,1,2,0,0,104559,0,0,0,1,1,1,1,0,0,0
204699,Fyrakk,,The Blazing,,0,2,0,0,105824,0,0,0,1,1,1,1,0,0,0
204700,Ebyssian,,,,1,2,0,0,111354,105532,0,0,1,0,1,1,0,0,0
204701,Emberthal,,,,1,7,0,0,102031,0,0,0,1,1,1,1,0,0,0
204702,Scalecommander Sarkareth,,The Sundered Flame,,1,7,0,0,104904,107085,0,0,1,0,1,1,0,0,0
204703,VOX,,,,1,7,0,0,102031,0,0,0,1,1,1,1,0,0,0
204728,Thieving Dreadsquall,,,,0,1,26,3,114213,0,0,0,1,1,1,1,0,0,0
204730,Ruby Observer,,,,0,2,0,0,114212,0,0,0,1,1,1,1,192504,0,0
204733,Kalecgos,,,,1,2,0,3,112304,0,0,0,1,1,1,1,0,0,0
204735,Client Scene Squib,,,,0,7,0,0,11686,0,0,0,1,1,1,1,0,0,0
204736,Sindragosa,,Arcane Simulacrum,,1,2,0,0,112305,0,0,0,1,1,1,1,0,0,0
204737,Blue Dragon,,,,1,2,0,3,112306,0,0,0,1,1,1,1,0,0,0
204745,Pandi,,,,0,7,0,0,112303,0,0,0,1,1,1,1,0,0,0
204748,Invisible Bunny (IGC),,,,0,10,0,0,112307,0,0,0,1,1,1,1,0,0,0
204793,Console Interface,,,,0,10,0,0,110301,0,0,0,1,1,1,1,0,0,0
204795,Fethres,,,,0,12,0,3,106642,0,0,0,1,1,1,1,0,0,0
204796,Beeks,,,,0,12,0,3,106645,0,0,0,1,1,1,1,0,0,0
204797,Talons,,,,0,12,0,3,112340,0,0,0,1,1,1,1,0,0,0
204802,Magma Bubble,,,,0,8,0,0,108050,0,0,0,1,1,1,1,0,0,0
204809,Time Rift,,,,0,10,0,3,113523,0,0,0,1,1,1,1,0,0,0
204810,Time Rift,,,,0,10,0,3,113523,0,0,0,1,1,1,1,0,0,0
204847,Wrathion,,The Black Prince,,1,2,0,0,112351,0,0,0,1,1,1,1,0,0,0
204848,Sabellian,,,,1,2,0,0,112352,0,0,0,1,1,1,1,0,0,0
204849,Ebyssian,,,,1,2,0,0,112353,0,0,0,1,1,1,1,0,0,0
204850,Scalecommander Emberthal,,,,0,7,0,0,112354,0,0,0,1,1,1,1,0,0,0
204851,Pandi,,,,0,7,0,0,112350,0,0,0,1,1,1,1,0,0,0
204853,Invisible Bunny (IGC),,,,0,10,0,0,112355,0,0,0,1,1,1,1,0,0,0
204919,Hexlord Raal,,Zanchuli Council,,1,7,0,0,78972,0,0,0,1,1,1,1,0,0,0
204928,Runaway Snail,,,,0,8,0,0,112178,0,0,0,1,1,1,1,0,0,0
204929,Dustie,,,,0,12,0,2,112196,0,0,0,1,1,1,1,0,0,0
204930,Tempe,,,,0,12,0,0,112142,0,0,0,1,1,1,1,0,0,0
204933,Swoggy,,,,0,12,0,0,111300,0,0,0,1,1,1,1,0,0,0
204936,Brul'dan,,,,0,12,0,0,112365,0,0,0,1,1,1,1,0,0,0
204938,Lifft,,,,0,12,0,0,112367,0,0,0,1,1,1,1,0,0,0
204939,Swole,,,,0,12,0,0,112366,0,0,0,1,1,1,1,0,0,0
204942,Awbee,,,,1,2,0,0,112444,0,0,0,1,1,1,1,0,0,0
204943,Blue Dragon,,,,1,2,0,3,112442,112443,0,0,1,1,1,1,0,0,0
204945,Haleh,,,,1,2,0,0,112441,0,0,0,1,1,1,1,0,0,0
204946,Professor Intinosa,,,,1,2,0,0,112440,0,0,0,1,1,1,1,0,0,0
204947,Amythora,,The Sundered Flame,,0,7,0,0,111693,0,0,0,1,1,1,1,0,0,0
204948,Narygos,,,,1,2,0,0,112439,0,0,0,1,1,1,1,0,0,0
204949,Marithos,,The Sundered Flame,,0,7,0,0,111694,0,0,0,1,1,1,1,0,0,0
204950,Surigosa,,,,0,2,0,0,112438,0,0,0,1,1,1,1,0,0,0
204951,Tharkago,,,,0,2,0,0,112437,0,0,0,1,1,1,1,0,0,0
204952,Senegos,,,,1,2,0,0,112436,0,0,0,1,1,1,1,0,0,0
204953,Stellagosa,,,,1,2,0,0,112435,0,0,0,0,1,1,1,0,0,0
204954,Kalecgos,,,,1,2,0,3,112432,0,0,0,1,1,1,1,0,0,0
204955,Emmigosa,,,,0,2,0,0,112434,0,0,0,1,1,1,1,0,0,0
204956,Kalecgos,,,,1,2,0,0,112433,0,0,0,1,1,1,1,0,0,0
204957,Invisible Bunny (IGC),,,,0,10,0,0,112355,0,0,0,1,1,1,1,0,0,0
204974,Dinn's Drum,,,,0,10,0,0,112370,0,0,0,1,1,1,1,0,0,0
205007,Faceless Devourer,,,,0,15,0,0,27932,63567,34434,28002,1,1,1,1,0,0,0
205008,Narsysix,,,,1,2,0,3,107705,0,0,0,0,1,1,1,0,0,0
205030,Igira,,Zaqali Elder,,0,7,0,0,112382,0,0,0,1,1,1,1,0,0,0
205036,Gillidan,,,,1,7,0,0,113708,0,0,0,1,1,1,1,0,0,0
205037,Minion of Deathwingurlugull,,,,1,7,0,0,109514,0,0,0,1,1,1,1,0,0,0
205043,Zaqali Berserker,,,,0,7,0,0,111130,111131,111132,111133,1,1,1,1,163608,0,0
205058,Time Rift,,,,0,10,0,3,112235,0,0,0,1,1,1,1,0,0,0
205084,Webbed Creature,,,,0,10,0,0,16213,0,0,0,1,1,1,1,0,0,0
205145,Billy Brightly,,,,0,7,0,0,102044,0,0,0,1,1,1,1,0,0,0
205147,Time Rift,,,,0,10,0,3,112235,0,0,0,1,1,1,1,0,0,0
205148,Bri Brightly,,,,0,7,0,0,47644,0,0,0,1,1,1,1,0,0,0
205156,Vyranoth,,,,1,2,0,0,113412,0,0,0,1,1,1,1,0,0,0
205157,Alexstrasza the Life-Binder,,Queen of the Dragons,,1,2,0,0,28227,92146,107052,0,0,1,0,1,0,0,0
205159,Ruby Queensguard,,,,1,2,0,0,102741,102733,102740,102732,1,1,1,1,192518,0,0
205166,Time Rift,,,,0,10,0,3,112235,0,0,0,1,1,1,1,0,0,0
205213,Scuttering Beetle,,,,0,8,0,0,111302,111884,111885,0,85,14,1,1,0,0,0
205260,Alexstrasza the Life-Binder,,Queen of the Dragons,,1,2,0,0,112507,0,0,0,1,1,1,1,0,0,0
205262,Ebyssian,,,,1,2,0,0,112508,0,0,0,1,1,1,1,0,0,0
205263,Wrathion,,The Black Prince,,1,2,0,0,112509,0,0,0,1,1,1,1,0,0,0
205264,Sabellian,,,,1,2,0,0,112510,0,0,0,1,1,1,1,0,0,0
205279,Wrathion,,The Black Prince,,1,2,0,0,112515,0,0,0,1,1,1,1,0,0,0
205280,Sabellian,,,,1,2,0,0,112516,0,0,0,1,1,1,1,0,0,0
205311,Disruptive Arcana,,,,0,4,0,0,97174,0,0,0,1,1,1,1,0,0,0
205313,Sound Controller - Loamm Bell Chime,,,,6,10,0,3,90874,11686,0,0,0,1,1,1,0,0,0
205319,Scalecommander Sarkareth,,Leader of The Sundered Flame,,1,7,0,0,111664,0,0,0,1,1,1,1,0,0,0
205328,Kazzara Lava Right,,,,6,10,0,3,90874,11686,0,0,0,1,1,1,0,0,0
205329,Kazzara Lava Left,,,,6,10,0,3,90874,11686,0,0,0,1,1,1,0,0,0
205345,[DNT] Kill Credit,,,,0,10,0,0,11686,0,0,0,1,1,1,1,0,0,0
205354,Wrathion,,The Black Prince,,1,2,0,0,112552,0,0,0,1,1,1,1,0,0,0
205355,Sabellian,,,,1,2,0,0,112553,0,0,0,1,1,1,1,0,0,0
205356,Ebyssian,,,,1,2,0,0,112554,0,0,0,1,1,1,1,0,0,0
205359,Newsy,,,,0,12,0,0,112429,0,0,0,1,1,1,1,0,0,0
205360,Slitherdrake,,,,0,2,0,0,112555,0,0,0,1,1,1,1,0,0,0
205361,Zaqali Berserker,,,,0,7,0,0,111134,111135,111136,111137,1,1,1,1,0,0,0
205385,Emberthal,,,,1,7,0,0,112572,0,0,0,1,1,1,1,0,0,0
205386,Scalecommander Sarkareth,,Leader of The Sundered Flame,,1,7,0,0,112571,0,0,0,1,1,1,1,0,0,0
205389,Ebyssian,,,,1,2,0,0,112568,0,0,0,1,1,1,1,0,0,0
205391,Sabellian,,,,1,2,0,0,112569,0,0,0,1,1,1,1,0,0,0
205392,Wrathion,,The Black Prince,,1,2,0,0,112570,0,0,0,1,1,1,1,0,0,0
205406,Djaradin Spirit,,,,0,7,0,0,112580,112582,112584,112583,1,1,1,1,0,0,0
205409,Merithra,,,,1,2,0,0,91239,112578,0,0,0,1,1,1,0,0,0
205424,Chromie,,,,0,2,0,0,10008,0,0,0,1,1,1,1,0,0,0
205426,[DNT][2]Kirin Tor Familiar,,,,0,12,0,0,112589,0,0,0,1,1,1,1,0,0,0
205428,Peeved,,,,1,9,0,0,112591,0,0,0,1,1,1,1,0,0,0
205439,Djaradin Spirit,,,,0,7,0,0,112580,112582,112584,112583,1,1,1,1,0,0,0
205440,Djaradin Spirit,,,,0,7,0,0,112580,112582,112584,112583,1,1,1,1,0,0,0
205467,Ysergle,,The Dreamurk,,0,12,0,0,110866,0,0,0,1,1,1,1,0,0,0
205494,Time Rift,,,,0,10,0,3,112235,0,0,0,1,1,1,1,0,0,0
205612,Field Despair Bot K156,,,,1,9,0,0,92584,0,0,0,1,1,1,1,0,0,0
205637,Baa'lial,,,,0,12,0,0,112632,0,0,0,1,1,1,1,0,0,0
205640,Volcanic Deepstrider,,,,0,1,0,0,110340,0,0,0,1,1,1,1,0,0,0
205641,Zaqali Heatbinder,,,,1,7,0,0,111149,111150,111151,111152,1,1,1,1,198049,77245,0
205642,Zaqali Spiritbreaker,,,,1,7,0,0,111167,111168,111169,111170,1,1,1,1,125953,192138,0
205647,Kalecgos,,Mirror Image,,1,2,0,0,105430,0,0,0,1,1,1,1,0,0,0
205649,Mote of Nasz'uro,,,,0,12,0,2,112636,0,0,0,1,1,1,1,0,0,0
205680,Pureblooded Cloud Serpent,,,,1,2,0,3,40797,0,0,0,1,1,1,1,0,0,0
205681,Pureblooded Mammoth,,,,1,1,0,0,113728,0,0,0,1,1,1,1,0,0,0
205682,Pureblooded Proto-Drake,,,,1,2,0,0,113729,0,0,0,1,1,1,1,0,0,0
205683,Pureblooded Devilsaur,,,,1,1,0,0,60274,0,0,0,1,1,1,1,0,0,0
205684,Apex Raptor,,,,0,1,0,0,83647,0,0,0,1,1,1,1,0,0,0
205685,Apex Tiger,,,,0,1,0,0,40722,0,0,0,1,1,1,1,0,0,0
205686,Apex Pterrordax,,,,1,1,0,3,76664,0,0,0,1,1,1,1,0,0,0
205706,Future Chromie,,,,0,2,0,0,10008,0,0,0,1,1,1,1,0,0,0
205742,Curious Whelpling,,,,0,2,0,0,110815,0,0,0,1,1,1,1,0,0,0
205769,Soridormi,,,,0,2,0,0,108314,0,0,0,1,1,1,1,0,0,0
205776,Arthas,,Prince of Lordaeron,,1,7,0,0,24949,0,0,0,0,1,1,1,0,0,0
205777,Invincible,,,,1,7,0,0,82935,0,0,0,0,1,1,1,0,0,0
205793,Vol'jin,,Apprentice Shadowhunter,,0,2,0,0,10357,0,0,0,1,1,1,1,0,0,0
205795,Blub,,,,0,12,0,3,112678,0,0,0,1,1,1,1,0,0,0
205821,Krrrn Trr Pyromancer,,,,0,7,0,0,91234,0,0,0,1,1,1,1,81253,0,0
205823,Murloc Gillbeater,,,,1,7,0,0,105017,0,0,0,1,1,1,1,0,0,58991
205824,MR-7 Tangler,,,,0,7,0,0,31,0,0,0,1,1,1,1,0,0,0
205825,MR-7 Shadowflipper,,,,0,7,0,0,100677,0,0,0,1,1,1,1,4565,4565,0
205842,Sound Controller - Loamm Bell Chime,,,,6,10,0,3,90874,11686,0,0,0,1,1,1,0,0,0
205851,Cenrrrn Cirrgl Mooncaller,,,,0,7,0,0,983,0,0,0,1,1,1,1,173542,0,0
205852,Cenrrrn Cirrgl Mender,,,,0,7,0,0,72659,0,0,0,1,1,1,1,38293,38293,0
205854,Sholazian Roc,,,,0,1,0,3,22321,0,0,0,1,1,1,1,0,0,0
205855,Sholazian Rhino,,,,0,1,0,0,26265,0,0,0,1,1,1,1,0,0,0
205856,Un'Gorian Diemetradon,,,,0,1,0,0,76837,0,0,0,1,1,1,1,0,0,0
205857,Un'Gorian Saurid,,,,6,1,0,0,78159,0,0,0,1,1,1,1,0,0,0
205858,Fuzani Sprite,,,,0,7,0,0,39801,0,0,0,1,1,1,1,0,0,0
205859,Fuzani Spore,,,,6,4,0,0,113731,0,0,0,1,1,1,1,0,0,0
205862,Vorus'arak,,Fallen Swarm Lord,,1,6,0,0,67630,0,0,0,1,1,1,1,0,0,0
205874,High Keeper Orendi,,Hand of Freya,,1,1,0,0,106688,0,0,0,1,1,1,1,0,0,0
205877,Moraidormi,,,,0,2,0,0,112708,112709,0,0,1,0,1,1,0,0,0
205879,Ethereal Warpweaver,,Transmogrifier,,0,10,0,0,38804,0,0,0,1,1,1,1,71732,0,0
205882,Eternus,,,,1,2,0,0,106055,112713,0,0,1,0,1,1,0,0,0
205884,Azerite Excavator,,,,6,9,0,0,113868,0,0,0,1,1,1,1,0,0,0
205885,Excavator Processing Unit,,,,6,9,0,0,78122,0,0,0,1,1,1,1,0,0,0
205886,Rusted Surveyor Drone,,,,6,9,0,0,90875,0,0,0,1,1,1,1,0,0,0
205887,Corroded Taskmaster,,,,6,9,0,0,90773,90821,91402,0,1,1.1,0.9,1,0,0,0
205889,Haywire Harvester,,,,0,9,0,0,90711,0,0,0,1,1,1,1,0,0,0
205912,Spectator,,,,0,7,0,0,87781,87674,87673,4252,1,1,1,1,0,0,0
205924,Void-Scarred Rat,,,,0,8,0,0,94714,0,0,0,1,1,1,1,0,0,0
205925,Talon Ekrati,,,,0,7,0,0,110585,0,0,0,1,1,1,1,0,0,0
205929,Curious Whelpling,,,,0,2,0,0,110812,0,0,0,1,1,1,1,0,0,0
205930,Curious Whelpling,,,,0,2,0,0,110813,0,0,0,1,1,1,1,0,0,0
205931,Curious Whelpling,,,,0,2,0,0,110810,0,0,0,1,1,1,1,0,0,0
205932,Curious Whelpling,,,,0,2,0,0,110814,0,0,0,1,1,1,1,0,0,0
205933,Lord Hel'nurath,,,,1,3,0,0,112762,0,0,0,1,1,1,1,0,0,0
205944,Katy Stampwhistle,,The Postmaster's Assistant,,0,7,0,0,112766,0,0,0,0,1,1,1,0,0,0
205946,Johnny Awesome,,Uber Town,,0,7,0,0,35624,0,0,0,1,1,1,1,0,0,0
205948,Ring,,,,0,2,0,3,21955,23767,112769,0,0,0,1,1,0,0,0
205956,Portal Credit,,,,0,10,0,0,11686,0,0,0,1,1,1,1,0,0,0
205981,Lukou,,Loa of Regeneration,,1,7,0,0,114061,0,0,0,0,1,1,1,0,0,0
205982,Reese,,Personified Relic,,0,4,0,0,112777,0,0,0,1,1,1,1,0,0,0
205992,Risen Adventurer,,,,6,6,0,0,92691,92692,2676,41049,1.1,0.8,0.9,1,0,0,0
206006,Anub'ar Champion,,,,0,6,0,0,25768,0,0,0,1,1,1,1,0,0,0
206007,Anub'ar Shadowcaster,,,,0,6,0,0,25258,0,0,0,1,1,1,1,0,0,0
206010,Hungering Ghoul,,,,0,6,0,0,24992,24993,828,1065,1,0.8,1.1,1,0,0,0
206016,Hungering Ghoul,,,,0,6,0,0,24992,24993,828,1065,1,0.8,1.1,1,0,0,0
206017,Brann Bronzebeard,,,,1,7,0,0,115505,0,0,0,1,1,1,1,0,0,0
206018,Stormwind Guard,,,,0,2,0,0,99951,99950,0,0,1,1,1,1,0,0,0
206039,Prince Llane Wrynn,,Prince of Stormwind,,0,2,0,0,221,0,0,0,1,1,1,1,0,0,0
206041,Captain Drine,,First Talon of Valdrakken,,1,2,0,0,104938,0,0,0,1,1,1,1,191958,0,0
206072,Nathanos Marris,,,,0,7,0,0,19552,0,0,0,1,1,1,1,0,0,0
206090,Felhound,,,,0,3,0,0,1913,67613,65054,0,1,0.3,0.1,1,0,0,0
206107,Eadweard Dalyngrigge,,Lead Archivist,,0,6,0,0,112802,0,0,0,1,1,1,1,0,0,0
206108,Time Rifts Bunny,,,,0,10,0,3,22903,11686,0,0,0,1,1,1,0,0,0
206109,Time Rifts Bunny,,,,0,10,0,3,22903,11686,0,0,0,1,1,1,0,0,0
206110,Time Rifts Bunny,,,,0,10,0,3,22903,11686,0,0,0,1,1,1,0,0,0
206111,Time Rifts Bunny,,,,0,10,0,3,22903,11686,0,0,0,1,1,1,0,0,0
206112,Time Rifts Bunny,,,,0,10,0,3,22903,11686,0,0,0,1,1,1,0,0,0
206113,Time Rifts Bunny,,,,0,10,0,3,22903,11686,0,0,0,1,1,1,0,0,0
206121,[DNT] Spell Target Bunny,,,,0,10,0,3,1126,11686,0,0,0,1,1,1,0,0,0
206131,Meantron 7000,,,,1,9,0,0,92505,0,0,0,1,1,1,1,0,0,0
206132,Meantron Prototype,,,,1,9,0,0,112181,0,0,0,1,1,1,1,0,0,0
206133,Time Rift,,,,0,10,0,3,112235,0,0,0,1,1,1,1,0,0,0
206146,Fel-Corrupted Kaldorei,,,,0,3,0,0,112813,112815,112816,112825,1,1,1,1,131718,0,0
206167,Anxious Farmer,,,,0,7,0,0,117898,117899,117897,117900,1,1,1,1,118568,0,0
206168,Anxious Farmer,,,,0,7,0,0,117896,117900,117903,117901,1,1,1,1,118559,0,0
206179,Fel Defender,,,,0,3,0,0,9018,62277,68885,0,1,1,1,1,118993,113666,0
206182,Fel-Touched Shu'halo,,,,0,3,0,0,112831,112837,112836,112835,1,1,1,1,0,0,0
206189,Felbolg,,,,0,3,0,0,112840,112841,112842,0,1,1,1,1,0,0,0
206208,Paradox,,,,0,10,0,3,113167,0,0,0,1,1,1,1,0,0,0
206210,Hourglass,,,,0,10,0,0,112647,0,0,0,1,1,1,1,0,0,0
206228,Johnny Awesome,,Uber Town,,0,7,0,0,113440,0,0,0,1,1,1,1,0,0,195527
206397,Merithra of the Dream,,,,1,2,0,0,114432,0,0,0,1,1,1,1,0,0,0
206398,Alexstrasza the Life-Binder,,Queen of the Dragons,,1,2,0,0,28227,0,0,0,1,1,1,1,0,0,0
206399,Tyrande Whisperwind,,,,1,7,0,0,108637,0,0,0,1,1,1,1,0,0,0
206404,Kalecgos,,,,1,2,0,0,114577,0,0,0,1,1,1,1,0,0,0
206414,Norukk,,,,0,7,0,0,105628,0,0,0,1,1,1,1,0,0,0
206416,Merithra,,The Dreamer,,1,2,0,0,113156,114434,113000,0,1,0,0,1,0,0,0
206419,Nau,,,,0,7,0,0,106221,0,0,0,1,1,1,1,0,0,0
206420,Neelo,,,,0,7,0,0,106220,0,0,0,1,1,1,1,0,0,0
206421,Hanu,,,,0,7,0,0,105635,0,0,0,1,1,1,1,192798,192091,0
206438,Radza Thunderclaw,,Rustpine Spiritspeaker,,0,7,0,0,106217,0,0,0,1,1,1,1,0,0,0
206455,Khanam Matra Sarest,,,,1,7,0,0,102101,0,0,0,1,1,1,1,0,0,0
206456,Tigari Khan,,,,1,7,0,0,102113,0,0,0,1,1,1,1,0,0,0
206457,Sansok Khan,,,,1,7,0,0,102115,0,0,0,1,1,1,1,0,0,0
206458,Okir,,Interpreter to the Khan,,0,7,0,0,105539,0,0,0,1,1,1,1,189523,0,0
206463,Faceless One,,,,0,15,0,0,92767,0,0,0,1,1,1,1,0,0,0
206474,Dark Prophet,,,,0,7,0,0,93159,0,0,0,1,1,1,1,0,0,0
206476,Igira the Cruel,,,,1,5,0,0,112382,0,0,0,1,1,1,1,0,0,0
206482,Kaldorei Huntress,,,,0,7,0,0,88840,88879,71865,71863,3,1,1,1,144320,153542,0
206484,Basran,,,,0,1,52,0,101603,0,0,0,1,1,1,1,0,0,0
206517,Sentinel of the New Moon,,,,0,7,0,0,113020,113023,0,0,1,1,1,1,144320,144321,0
206521,Archmage Khadgar,,,,1,7,0,0,64045,0,0,0,1,1,1,1,23998,0,0
206522,Khanam Matra Sarest,,,,1,7,0,0,102101,0,0,0,1,1,1,1,0,0,0
206523,Kalecgos,,,,1,2,0,0,75614,0,0,0,1,1,1,1,0,0,0
206588,Belysra Starbreeze,,Priestess of the Moon,,0,7,0,0,113045,0,0,0,1,1,1,1,0,0,0
206591,Priestess Alinya,,,,0,7,0,0,113046,0,0,0,1,1,1,1,0,0,0
206592,Priestess Kyleen Il'dinare,,,,0,7,0,0,113047,0,0,0,0,1,1,1,0,0,0
206614,Valarjar Thundercaller,,,,1,7,0,0,67277,0,0,0,1,1,1,1,36543,0,0
206615,Fel Spreader,,,,0,10,0,0,80702,0,0,0,1,1,1,1,0,0,0
206617,Rude Crude,,,,0,15,0,0,90423,0,0,0,1,1,1,1,0,0,0
206624,Portal Stabilizer,,,,0,10,0,3,113840,0,0,0,1,1,1,1,0,0,0
206625,Elder Cassaphine,,Sister of the Grove,,0,7,0,0,113041,0,0,0,1,1,1,1,94846,0,0
206626,Ashendir Hartwood,,Prophet of the Flame,,1,7,0,0,114175,0,0,0,1,1,1,1,0,0,0
206627,Walking Nightmare,,,,1,15,0,0,94302,0,0,0,1,1,1,1,0,0,0
206630,Legion Portal,,,,0,10,0,3,78065,0,0,0,1,1,1,1,0,0,0
206634,Flame Portal,,,,0,4,0,0,113055,0,0,0,1,1,1,1,0,0,0
206639,Storm Drake,,,,1,1,0,0,67203,0,0,0,1,1,1,1,0,0,0
206643,Void Eater,,,,0,15,0,0,92232,92317,92318,92609,1,1,1,1,0,0,0
206685,Alexstrasza the Life-Binder,,Queen of the Dragons,,1,2,0,0,28227,92146,107052,0,1,0,0,1,0,0,0
206687,Aronus,,,,0,2,0,0,106432,0,0,0,1,1,1,1,0,0,0
206688,Merithra,,The Dreamer,,1,2,0,0,113000,0,0,0,1,1,1,1,0,0,0
206689,Igira the Cruel,,Zaqali Elder,,1,5,0,0,112382,0,0,0,1,1,1,1,197723,0,0
206690,Zaqali Ashwarden,,,,0,7,0,0,111167,0,0,0,1,1,1,1,202568,205168,0
206691,Zaqali Devastator,,,,0,7,0,0,111328,111329,111330,111331,1,1,1,1,202563,0,0
206693,Flame Portal,,,,0,4,0,0,114174,0,0,0,1,1,1,1,0,0,0
206724,Eternus,,,,1,2,0,0,112713,0,0,0,1,1,1,1,0,0,0
206738,Ysera,,,,1,2,0,0,104795,95442,0,0,1,0,1,1,0,0,0
206765,Invading Infernal,,,,1,3,0,0,62180,0,0,0,1,1,1,1,0,0,0
206778,Blessing,,,,0,10,0,3,61527,0,0,0,1,1,1,1,0,0,0
206810,Tyrande Whisperwind,,,,1,7,0,0,108637,0,0,0,1,1,1,1,164726,0,0
206818,Elder Cassaphine,,Sister of the Flame,,0,7,0,0,113052,0,0,0,1,1,1,1,94846,0,0
206834,Ursoc the Destroyer,,,,1,3,0,0,113841,0,0,0,1,1,1,1,0,0,0
206849,Merithra of the Dream,,,,1,2,0,0,113795,0,0,0,1,1,1,1,0,0,0
206861,Servant of Kruul,,,,1,3,0,0,113842,0,0,0,1,1,1,1,0,0,0
206906,Rusziona,,,,0,2,0,0,100197,0,0,0,1,1,1,1,0,0,0
206907,Lifelike Mechanical Duckling,,Very Scary,,0,12,0,0,113141,0,0,0,1,1,1,1,0,0,0
206925,Fel-Watcher Mara,,,,1,9,0,0,113142,0,0,0,1,1,1,1,0,0,0
206931,[DNT] Invisible Bunny (Time Portal),,,,0,10,0,0,64062,11686,0,0,0,1,1,1,0,0,0
206940,Blacktalon Breacher,,,,1,7,0,0,102444,102443,102442,102441,1,1,1,1,108925,0,0
206945,Brena,,Iskaara Chieftain,,0,7,0,0,104719,0,0,0,1,1,1,1,0,0,0
206946,Glania of the Blessed Ones,,,,0,7,0,0,105422,0,0,0,1,1,1,1,0,0,0
206948,Pleeqi,,Soup Enthusiast,,0,7,0,0,105831,0,0,0,1,1,1,1,0,0,0
206949,Big Kinook,,Master of Soups,,0,7,0,0,105782,0,0,0,1,1,1,1,10772,0,0
206960,Sonova Snowden,,,,0,7,0,0,106900,0,0,0,1,1,1,1,0,0,0
206964,Siaszerathel,,The Timewalkers,,0,7,0,0,104861,0,0,0,1,1,1,1,197837,192169,0
206967,Vexemia,,,,1,2,0,0,113143,0,0,0,1,1,1,1,0,0,0
206968,Black Dragon,,Vexemia's Brood,,0,2,0,3,113144,0,0,0,1,1,1,1,0,0,0
206970,Phasing Helper [DNT],,Your Personal Phase is working! YAY!,,0,2,0,0,110719,0,0,0,1,1,1,1,0,0,0
206971,Nozdormu,,,,1,2,0,0,38754,0,0,0,1,1,1,1,0,0,0
206972,Eternus,,,,1,2,0,0,112713,0,0,0,1,1,1,1,0,0,0
206979,Merithra,,The Dreamer,,1,2,0,0,113000,113156,114434,0,1,0,0,1,0,0,0
206996,Scout Tomul,,,,0,7,0,0,105533,0,0,0,1,1,1,1,0,0,189505
207022,Vyranoth,,The Frozenheart,,1,2,0,0,112426,0,0,0,1,1,1,1,0,0,0
207049,Lifelike Mechanical Duckling,,Super Not Scary,,0,12,0,0,113141,0,0,0,1,1,1,1,0,0,0
207055,Wardruid Loti,,Zanchuli Council,,1,7,0,0,78971,0,0,0,1,1,1,1,128100,0,0
207064,Iggy,,,,0,12,0,0,112589,0,0,0,1,1,1,1,0,0,0
207094,Felbark the Defiler,,,,0,3,0,0,113169,0,0,0,1,1,1,1,0,0,0
207097,Slayer,,,,0,3,0,0,113170,0,0,0,1,1,1,1,0,0,0
207099,Azmerloth Stinktender,,,,6,7,0,0,3619,441,983,346,1,1,1,1,0,0,0
207100,Chomps,,,,0,9,154,0,68852,0,0,0,1,1,1,1,0,0,0
207102,Rusty,,,,0,9,154,0,68855,0,0,0,1,1,1,1,0,0,0
207111,Malfunctioning Robotic Cauldron,,,,0,9,0,0,47711,0,0,0,1,1,1,1,0,0,0
207118,Keeper Remulos,,,,1,7,0,0,112776,0,0,0,1,1,1,1,0,0,0
207119,Keeper Ordanus,,,,1,7,0,0,113187,0,0,0,1,1,1,1,0,0,0
207120,Keeper Larodar,,,,1,7,0,0,112776,0,0,0,1,1,1,1,0,0,0
207157,Solid Earth Elemental,,,,0,12,0,0,112589,0,0,0,1,1,1,1,0,0,0
207160,Tyrande Whisperwind,,,,1,7,0,0,108637,0,0,0,1,1,1,1,164726,0,0
207169,Rusziona,,,,0,2,0,0,100197,0,0,0,1,1,1,1,0,0,0
207170,Illidan Stormrage,,Lord-Regent of Kalimdor,,1,3,0,0,72657,0,0,0,1,1,1,1,150732,150732,0
207176,Rusziona,,,,0,12,0,0,113200,0,0,0,1,1,1,1,0,0,0
207206,Fel Pylon,,,,0,10,0,0,113199,0,0,0,1,1,1,1,0,0,0
207216,Ysera,,,,1,2,0,0,104795,95442,0,0,1,0,1,1,0,0,0
207220,Belastrasza,,,,0,12,0,0,113202,0,0,0,1,1,1,1,0,0,0
207233,Niya,,,,0,7,0,0,95232,0,0,0,1,1,1,1,0,0,0
207266,Jimmy the Goose,,Skyfire Captain,,0,1,0,0,113204,0,0,0,1,1,1,1,0,0,0
207268,Elder Honeypelt,,Monster Hunter,,0,7,0,0,111827,0,0,0,1,1,1,1,0,0,0
207278,Greaves,,,,1,9,0,0,113874,0,0,0,0,1,1,1,0,0,0
207289,King Haldor,,,,1,7,0,0,28086,0,0,0,1,1,1,1,109232,109231,0
207290,King Ranulf,,,,1,7,0,0,28087,0,0,0,1,1,1,1,57032,0,0
207291,King Bjorn,,,,1,7,0,0,28085,0,0,0,1,1,1,1,55291,0,0
207292,King Tor,,,,1,7,0,0,28088,0,0,0,1,1,1,1,34819,125506,0
207294,Fire,,,,0,8,0,3,113207,0,0,0,1,1,1,1,0,0,0
207295,Fire,,,,0,8,0,3,113207,0,0,0,1,1,1,1,0,0,0
207297,Ellemayne,,Suramarian Resistance,,0,7,0,0,113209,0,0,0,1,1,1,1,0,0,0
207299,Soridormi,,,,1,2,0,0,113217,108314,0,0,1,0,1,1,0,0,0
207309,Fire Sporebat,,,,1,1,26,3,113212,0,0,0,1,1,1,1,0,0,0
207310,Kabluey,,,,0,12,0,0,113210,0,0,0,1,1,1,1,0,0,0
207320,Brightwing,,,,0,2,303,3,65526,0,0,0,1,1,1,1,0,0,0
207328,Djaradin Rider,,,,0,7,0,3,111137,111136,111135,111134,1,1,1,1,107134,0,0
207343,Invisible,,,,0,10,0,3,21955,23767,0,0,0,1,1,1,0,0,0
207346,Finduin Wryngrrlgulgll,,High Tide-King,,0,7,0,0,113228,93311,0,0,1,0,1,1,0,0,0
207351,Vyranoth,,The Frozenheart,,1,2,0,0,113668,113256,113814,0,0,1,0,1,0,0,0
207354,Green Dragon,,,,1,2,0,3,106714,0,0,0,1,1,1,1,0,0,0
207362,Kalecgos,,,,1,2,0,0,105921,0,0,0,1,1,1,1,0,0,0
207386,Hand of the Lich King,,,,1,6,0,0,1126,11686,0,0,0,1,1,1,22691,0,0
207493,Akuda,,Captive Emerald Guardian,,1,2,0,0,106886,0,0,0,1,1,1,1,191693,0,0
207494,Brathia,,,,1,2,0,0,104460,0,0,0,1,1,1,1,89897,0,0
207500,Firehide Proto-Drake,,,,0,2,0,3,107378,107377,107379,107380,1,1,1,1,0,0,0
207518,Yuangol,,,,0,1,0,0,113262,0,0,0,1,1,1,1,0,0,0
207525,Watcher's Log,,,,0,1,0,0,113263,0,0,0,1,1,1,1,0,0,0
207528,Paradox,,,,0,10,0,3,113167,0,0,0,1,1,1,1,0,0,0
207529,Hourglass,,,,0,10,0,0,112647,0,0,0,1,1,1,1,0,0,0
207530,Hourglass,,,,0,10,0,0,112647,0,0,0,1,1,1,1,0,0,0
207535,Princess Vorquistrasza,,,,0,12,0,0,113271,0,0,0,1,1,1,1,0,0,0
207539,Mechanized Mekgineer Hologram,,,,1,9,0,0,113273,0,0,0,1,1,1,1,0,0,0
207552,Zhusadormu,,,,0,12,0,0,113274,0,0,0,1,1,1,1,0,0,0
207556,Zalethgos,,,,0,12,0,0,113277,0,0,0,1,1,1,1,0,0,0
207558,Pallibrius,,,,0,12,0,0,113279,0,0,0,1,1,1,1,0,0,0
207560,Fireswarm Shalewing,,,,1,1,26,3,113280,0,0,0,1,1,1,1,0,0,0
207568,Posidriss,,,,0,12,0,0,113281,0,0,0,1,1,1,1,0,0,0
207571,Somnius,,,,0,12,0,0,113282,0,0,0,1,1,1,1,0,0,0
207578,Great Glorious Alliance Footman,,,,0,7,0,0,113292,113293,0,0,1,1,1,1,80130,167991,0
207579,Great Glorious Alliance Paladin,,,,0,7,0,0,113294,113295,0,0,1,1,1,1,163890,0,0
207580,Great Glorious Alliance Musketeer,,,,0,7,0,0,113296,113297,0,0,1,1,1,1,0,0,165600
207581,Great Glorious Alliance Lieutenant,,,,1,7,0,0,113298,113300,0,0,1,1,1,1,170467,167991,170314
207582,Blood Horde Grunt,,,,0,7,0,0,113301,113302,0,0,1,1,1,1,206986,0,0
207583,Blood Horde Shaman,,,,0,7,0,0,113303,113304,0,0,1,1,1,1,178209,178209,0
207584,Blood Horde Bomber,,,,0,7,0,0,113305,113306,0,0,1,1,1,1,0,190818,0
207585,Blood Horde Reaver,,,,1,7,0,0,113307,113308,0,0,1,1,1,1,170467,170467,170315
207586,Prisoner of War,,,,0,7,0,0,113309,113310,0,0,1,1,1,1,0,0,0
207587,Prisoner of War,,,,0,7,0,0,113311,113312,0,0,1,1,1,1,0,0,0
207589,Ankura Bloodhewer,,Warlord of the Toxic Wastes,,0,7,0,0,113313,0,0,0,1,1,1,1,177113,177113,0
207592,Margosh the Smoker,,,,0,7,0,0,113315,0,0,0,1,1,1,1,0,0,177126
207593,Sky-Commander Gadrius Orcbane,,,,0,7,0,0,113314,0,0,0,1,1,1,1,162879,0,0
207594,High Interrogator Kilandrelle,,,,0,7,0,0,113316,0,0,0,1,1,1,1,0,0,0
207596,Eviscerator Kintara,,,,0,7,0,0,113317,0,0,0,1,1,1,1,177115,177115,0
207597,Blood Horde Engineer,,,,0,7,0,0,113305,113306,0,0,1,1,1,1,0,0,0
207598,Great Glorious Alliance Cannoneer,,,,0,7,0,0,113296,113297,0,0,1,1,1,1,0,0,177136
207599,Blessed Inquisitor,,,,0,7,0,0,113431,0,0,0,1,1,1,1,0,0,0
207601,Warlich,,,,1,6,0,0,98720,0,0,0,1,1,1,1,0,0,0
207611,Baby Vorquin,,,,0,12,0,0,113271,0,0,0,1,1,1,1,0,0,0
207632,Vyranoth,,,,0,2,0,0,113333,0,0,0,1,1,1,1,0,0,0
207633,Baby Salamanther,,,,0,12,0,0,113324,0,0,0,1,1,1,1,0,0,0
207634,Eternus,,,,1,2,0,0,112713,106055,0,0,1,0,1,1,0,0,0
207650,Dust Bunny,,,,0,10,0,3,1126,11686,0,0,0,1,1,1,0,0,0
207657,Baby Hornswog,,,,0,12,0,0,113275,0,0,0,1,1,1,1,0,0,0
207661,Lich Magus,,,,1,6,0,0,96545,0,0,0,1,1,1,1,0,0,0
207665,Magic Book,,,,0,12,0,0,113279,0,0,0,1,1,1,1,0,0,0
207673,Sleepy Bear,,,,0,12,0,0,113282,0,0,0,1,1,1,1,0,0,0
207686,Warmage Bernante,,,,0,7,0,0,113318,0,0,0,1,1,1,1,163534,169723,0
207694,Abereth,,Aspirant,,0,7,0,0,113591,0,0,0,1,1,1,1,201390,0,0
207698,Neltharion Agent,,,,1,2,0,0,113592,0,0,0,1,1,1,1,94830,0,0
207700,Forsaken Soldier,,,,0,7,0,0,113373,113375,113376,0,1,1,1,1,1905,0,0
207701,Forsaken Dreadmage,,,,0,7,0,0,37643,37647,0,0,1,1,1,1,0,0,0
207702,Dark Ranger,,,,0,7,0,0,90536,90537,90538,90211,1,1,1,1,45085,45085,166783
207704,Scarlet Tracker,,,,0,7,0,0,113289,113290,0,0,1,1,1,1,153433,0,0
207706,Scarlet Footsoldier,,,,0,7,0,0,113287,113288,0,0,1,1,1,1,198359,0,0
207707,Scarlet Confessor,,,,0,7,0,0,113326,113327,0,0,1,1,1,1,2176,0,0
207708,Scarlet Champion,,,,1,7,0,0,113331,0,0,0,1,1,1,1,1983,0,0
207709,Scarlet Cannon,,,,0,7,0,0,85806,0,0,0,1,1,1,1,0,0,0
207756,Murloc You,,,,0,7,0,0,73351,0,0,0,1,1,1,1,115802,0,0
207757,Murloc You,,,,0,7,0,0,73352,0,0,0,1,1,1,1,115802,0,0
207759,Forsaken Catapult,,,,0,1,0,0,88967,0,0,0,1,1,1,1,0,0,0
207765,Belastrasza,,,,0,2,0,0,113202,0,0,0,1,1,1,1,0,0,0
207790,Scalecommander Emberthal,,,,1,7,0,0,102031,0,0,0,1,1,1,1,0,0,0
207797,Tuskarr Merchant,,,,0,7,0,0,113689,0,0,0,1,1,1,1,0,0,0
207801,Zaqali Quartermaster,,,,0,7,0,0,113688,0,0,0,1,1,1,1,0,0,0
207804,Valhalas Vargul,,,,0,6,0,0,113779,0,0,0,1,1,1,1,0,0,0
207805,Vargul Mystic,,,,0,6,0,0,113778,0,0,0,1,1,1,1,0,0,0
207808,Rotted Gladiator,,Frozen Croc-Bait,,1,6,0,0,113395,0,0,0,1,1,1,1,207028,207028,0
207812,Rotting Colossus,,,,1,6,0,0,73314,0,0,0,1,1,1,1,0,0,0
207814,[TEMPLATE] Critter Familiar - Guardian,,Personified Relic,,0,4,0,0,113387,0,0,0,1,1,1,1,0,0,0
207815,Shackled Flames of the Betrayer,,,,1,4,0,0,113793,0,0,0,1,1,1,1,0,0,0
207816,Vereesa Windrunner,,The Banshee Queen,,1,6,0,0,113423,0,0,0,1,1,1,1,2179,0,42775
207818,Uther,,The Deathbringer,,1,6,0,0,113411,0,0,0,1,1,1,1,173905,0,0
207820,Scalecommander Emberthal,,,,1,7,0,0,102031,0,0,0,1,1,1,1,0,0,0
207821,Kirkessen the Zealous,,Hero of the Scourge,,1,6,0,0,113551,0,0,0,1,1,1,1,0,0,0
207822,Lord Thassarian,,,,1,6,0,0,113403,0,0,0,1,1,1,1,207042,0,0
207823,Queen Angerboda,,,,1,6,0,0,113402,0,0,0,1,1,1,1,50998,0,0
207848,Azmerlothian Citizen,,,,0,7,0,0,983,346,31,1762,1,1,1,1,0,0,0
207893,Aqir Shadowcaster,,,,0,15,0,0,93286,0,0,0,1,1,1,1,0,0,0
207896,Aqir Fanatic,,,,0,15,0,0,92755,0,0,0,1,1,1,1,0,0,0
207910,Aqir Scarab,,,,0,15,0,0,92904,0,0,0,1,1,1,1,0,0,0
207911,Aqir Locust,,,,0,15,0,0,94879,0,0,0,1,1,1,1,0,0,0
207912,Aqir Destroyer,,,,0,15,0,0,90723,0,0,0,1,1,1,1,0,0,0
207913,Gillvanas,,,,0,7,0,0,93312,0,0,0,1,1,1,1,146114,0,0
207914,Finduin Wryngrrlgulgll,,,,0,7,0,0,93311,113228,0,0,0,1,1,1,152482,0,0
207915,Klaxxi Assassin,,,,0,15,0,0,43476,0,0,0,1,1,1,1,0,0,0
207916,Klaxxi Warrior,,,,0,15,0,0,43289,0,0,0,1,1,1,1,88772,0,0
207917,"""Captain"" Cookie",,,,0,7,0,0,1305,0,0,0,1,1,1,1,5197,0,0
207918,Klaxxi Amber Shaper,,,,0,15,0,0,86378,0,0,0,1,1,1,1,0,0,0
207919,Old Murk-Eye,,,,0,7,0,0,5243,0,0,0,1,1,1,1,3368,0,0
207921,Zhusadormu,,,,0,2,0,0,113274,0,0,0,1,1,1,1,0,0,0
207922,Klaxxi Blade Lord,,,,0,15,0,0,43141,0,0,0,1,1,1,1,85399,0,0
207923,Klaxxi Monstrosity,,,,1,15,0,0,43641,0,0,0,1,1,1,1,0,0,0
207924,Void Eater Shad'har,,,,0,15,0,0,94740,0,0,0,1,1,1,1,0,0,0
207925,Drest'Agath the Corrupted,,,,0,15,0,0,93543,0,0,0,1,1,1,1,0,0,0
207932,Time Rift,,,,0,10,0,3,112235,0,0,0,1,1,1,1,0,0,0
207938,Anxious Farmer,,,,0,7,0,0,117904,117905,0,0,1,1,1,1,118568,0,0
207947,Winglord Dezran,,,,0,7,0,0,110856,113424,0,0,1,0,1,1,0,0,0
207955,Zalethgos,,,,0,2,0,0,113277,0,0,0,1,1,1,1,0,0,0
207959,Somnius,,,,0,1,0,0,113282,0,0,0,1,1,1,1,0,0,0
207964,Posidriss,,,,0,2,0,0,113281,0,0,0,1,1,1,1,0,0,0
207967,Bubbling Brews Credit - Small,,,,0,8,0,3,113430,0,0,0,1,1,1,1,0,0,0
207970,Time Rift,,,,0,10,0,3,112235,0,0,0,1,1,1,1,0,0,0
207972,Kaiana,,Personified Relic,,0,4,0,0,113427,0,0,0,1,1,1,1,0,0,0
207992,Pallibrius,,,,0,1,0,0,113279,0,0,0,1,1,1,1,0,0,0
207995,Barrel,,,,0,10,0,0,113830,0,0,0,1,1,1,1,0,0,0
207996,Bubbling Brews Credit - Large,,,,0,8,0,3,113430,0,0,0,1,1,1,1,0,0,0
208001,Zhusadormu,,From the Past,,0,2,0,0,113274,0,0,0,1,1,1,1,0,0,0
208031,Forsaken Deathguard,,,,0,7,0,0,113376,88839,89367,90403,1,1,1,1,45208,106903,0
208034,Lifelike Mechanical Turtle,,Hard to Hurt,,0,12,0,0,113471,0,0,0,1,1,1,1,0,0,0
208035,Chromie,,,,0,2,0,0,10008,0,0,0,1,1,1,1,0,0,0
208039,Dark Ranger,,,,0,7,0,0,114599,114600,114601,114603,1,1,1,1,45085,45085,166783
208040,Banshee,,,,0,7,0,3,90017,915,10702,0,1,1,1,1,0,0,0
208045,Novice Darnassian Mage,,,,0,7,0,0,114138,0,0,0,1,1,1,1,94844,0,0
208046,Bronze Hatchling,,,,6,2,0,3,102137,0,0,0,1,1,1,1,0,0,0
208048,Great Glorious Alliance Paladin,,,,0,7,0,0,113294,113295,0,0,1,1,1,1,163890,0,0
208049,Great Glorious Alliance Musketeer,,,,0,7,0,0,113296,113297,0,0,1,1,1,1,0,0,165600
208050,Great Glorious Alliance Footman,,,,0,7,0,0,113292,113293,0,0,1,1,1,1,80130,167991,0
208051,Great Glorious Alliance Cannonneer,,,,0,7,0,0,113296,113297,0,0,1,1,1,1,0,0,177136
208052,Nozdormu,,,,1,2,0,0,113475,0,0,0,1,1,1,1,0,0,0
208058,Sporeflower,,Nasty Pollen Spreader,,0,12,0,0,113476,0,0,0,1,1,1,1,0,0,0
208077,Coalo,,Personified Relic,,0,4,0,0,113480,0,0,0,1,1,1,1,0,0,0
208083,Blood Horde Bomber,,,,0,7,0,0,113305,113306,0,0,1,1,1,1,0,0,0
208084,Blood Horde Engineer,,,,0,7,0,0,113305,113306,0,0,1,1,1,1,0,0,0
208085,Blood Horde Grunt,,,,0,7,0,0,113301,113302,0,0,1,1,1,1,206986,0,0
208086,Blood Horde Reaver,,,,0,7,0,0,113307,113308,0,0,1,1,1,1,170467,170467,0
208087,Blood Horde Shaman,,,,0,7,0,0,113303,113304,0,0,1,1,1,1,178209,178209,0
208096,Midnight Terrorwing,,,,0,12,0,3,113486,0,0,0,1,1,1,1,0,0,0
208098,Blood Horde Grunt,,,,0,7,0,0,113301,0,0,0,1,1,1,1,80130,0,0
208099,Blood Horde Reaver,,,,0,7,0,0,113307,0,0,0,1,1,1,1,163890,0,0
208100,Great Glorious Alliance Footman,,,,0,7,0,0,113487,0,0,0,1,1,1,1,80130,167991,0
208101,Great Glorious Alliance Paladin,,,,0,7,0,0,113489,0,0,0,1,1,1,1,163890,0,0
208114,Raffles,,Personified Relic,,0,4,0,0,113490,0,0,0,1,1,1,1,0,0,0
208117,Hel'nurathian Felmaw,,,,0,3,0,0,1913,65054,67613,0,1,1,1,1,0,0,0
208125,Treanthony,,Literally the Stuff of Nightmares,,0,12,0,0,113493,0,0,0,1,1,1,1,0,0,0
208139,Peikon,,Personified Relic,,0,4,0,0,113495,0,0,0,1,1,1,1,0,0,0
208144,Vexemia,,,,1,2,0,0,113143,0,0,0,1,1,1,1,0,0,0
208145,Lysander Starshade,,,,0,7,0,0,112000,113467,0,0,1,0,1,1,94844,0,0
208151,Maiev Shadowsong,,,,1,7,0,0,89313,0,0,0,1,1,1,1,32425,0,0
208153,Time Rift,,,,0,10,0,3,112235,0,0,0,1,1,1,1,0,0,0
208168,Eternus,,,,1,2,0,0,112713,106055,0,0,1,0,1,1,0,0,0
208183,Giant Time Rift,,,,0,10,0,3,112235,0,0,0,1,1,1,1,0,0,0
208187,Moltenjaw Sporebat,,,,1,1,34,3,113632,0,0,0,1,1,1,1,0,0,0
208214,Deathstalker Commander Belmont,,Desolate Council,,1,7,0,0,114139,0,0,0,1,1,1,1,57195,57195,0
208224,Great Glorious Alliance Footman,,,,0,7,0,0,113292,113293,0,0,1,1,1,1,80130,167991,0
208225,Blood Horde Grunt,,,,0,7,0,0,113301,113302,0,0,1,1,1,1,206986,0,0
208247,Dark Ranger Velonara,,Desolate Council,,1,7,0,0,105389,0,0,0,1,1,1,1,45085,45085,166783
208248,Time Rift,,,,0,10,0,3,113524,0,0,0,1,1,1,1,0,0,0
208253,Time Rift,,,,0,10,0,3,113523,0,0,0,1,1,1,1,0,0,0
208278,Wrathion,,The Black Prince,,1,2,0,0,107146,107945,107055,0,1,0,0,1,0,0,0
208279,Scalecommander Emberthal,,,,1,2,0,0,102031,0,0,0,1,1,1,1,0,0,0
208344,Scarlet Archmage,,,,0,7,0,3,113299,113325,0,0,1,1,1,1,0,0,0
208356,Nirobin's Spectacles,,,,0,8,0,0,92726,0,0,0,1,1,1,1,0,0,0
208359,Sundered Skirmisher,,Sundered Flame Loyalist,,0,7,0,0,113391,113390,113392,113393,1,1,1,1,0,0,0
208364,Zenata,,Techno-Archaeologist,,0,7,0,0,113561,0,0,0,1,1,1,1,169058,37718,0
208373,Flame Tear,,,,0,4,0,0,113232,0,0,0,1,1,1,1,0,0,0
208374,Flame Tear,,,,0,4,0,0,113232,0,0,0,1,1,1,1,0,0,0
208425,Eadweard Dalyngrigge,,Lead Archivist,,0,7,0,0,112802,0,0,0,1,1,1,1,0,0,0
208426,Scalecommander Emberthal,,,,1,2,0,0,102031,0,0,0,1,1,1,1,0,0,0
208434,Scalecommander Emberthal,,,,1,7,0,0,102031,0,0,0,1,1,1,1,0,0,0
208436,Slyvy,,,,0,12,0,0,113581,0,0,0,1,1,1,1,0,0,0
208447,Generic Bunny - STM,,,,0,10,0,3,113791,11686,0,0,0,1,1,1,0,0,0
208462,Chromie,,,,0,2,0,0,10008,0,0,0,1,1,1,1,0,0,0
208464,Morchie,,,,0,2,0,0,112997,0,0,0,1,1,1,1,0,0,0
208466,Infinite Dragon,,,,0,2,0,0,112811,0,0,0,1,1,1,1,0,0,0
208473,Generic Client-Side Bunny,,,,0,10,0,0,328,11686,0,0,0,1,1,1,0,0,0
208491,Prophet Skitra,,,,0,1,0,0,93448,0,0,0,1,1,1,1,0,0,0
208499,Generic Bunny - STM,,,,0,10,0,3,48948,11686,0,0,0,1,1,1,0,0,0
208500,Imperial Vizier Zor'lok,,,,0,7,0,0,42807,0,0,0,1,1,1,1,0,0,0
208514,Klaxxi,,,,0,7,0,3,45392,45393,45394,45395,1,1,1,1,0,0,0
208532,Azerothian Athenaeum,,,,0,10,0,0,113617,0,0,0,1,1,1,1,0,0,0
208537,Tyrande Whisperwind,,,,1,7,0,0,108637,0,0,0,1,1,1,1,0,0,0
208542,Empowered Felguard,,,,0,3,29,0,79677,0,0,0,1,1,1,1,0,0,0
208545,Empowered Imp,,,,0,3,23,0,113653,0,0,0,1,1,1,1,0,0,0
208560,Wrathion,,The Black Prince,,1,2,0,0,107146,107945,107055,0,1,0,0,1,171194,0,0
208624,Briarhorn Hatchling,,,,0,12,0,0,113657,0,0,0,1,1,1,1,0,0,0
208630,Gill'dan,,,,0,12,0,0,113659,0,0,0,1,1,1,1,0,0,0
208631,Jeepers,,,,0,12,0,3,113661,0,0,0,1,1,1,1,0,0,0
208633,Dreamseed Bloom,,,,0,10,0,0,113734,113735,113736,0,1,0,0,1,0,0,0
208634,Doomrubble,,,,0,12,0,0,113662,0,0,0,1,1,1,1,0,0,0
208636,Killbot 9000,,,,0,12,0,0,113663,0,0,0,1,1,1,1,0,0,0
208637,Obsidian Warwhelp,,,,0,12,0,3,113664,0,0,0,1,1,1,1,0,0,0
208639,N'Ruby,,,,0,12,0,0,113666,0,0,0,1,1,1,1,0,0,0
208643,Tobias,,,,0,12,0,0,114316,0,0,0,1,1,1,1,0,0,0
208648,Vyranoth,,The Frozenheart,,1,2,0,0,112426,0,0,0,1,1,1,1,0,0,0
208654,[DNT] Target Bunny,,,,0,10,0,0,1126,11686,0,0,0,1,1,1,0,0,0
208694,Forsaken Soldier,,,,0,7,0,0,113374,0,0,0,1,1,1,1,0,0,0
208710,Generic Bunny - STM,,,,1,10,0,0,22903,11686,0,0,0,1,1,1,0,0,0
208753,Khanam Matra Sarest,,,,1,7,0,0,102101,0,0,0,1,1,1,1,0,0,0
208774,Test Nozdormu,,,,1,2,0,0,38754,0,0,0,1,1,1,1,0,0,0
208775,Bujji,,Personified Relic,,0,4,0,3,113696,0,0,0,1,1,1,1,0,0,0
208791,Empowered Felhunter,,,,0,3,15,0,113322,0,0,0,1,1,1,1,0,0,0
208815,Prophet Velen,,,,1,7,0,0,17822,0,0,0,1,1,1,1,152612,0,0
208816,Grand Artificer Romuul,,,,0,7,0,0,76255,0,0,0,1,1,1,1,126431,45617,0
208818,Finduin Wryngrrlgulgll,,High Tide-King,,0,7,0,0,113228,93311,0,0,1,0,1,1,0,0,0
208820,Finduin Wryngrrlgulgll,,High Tide-King,,0,7,0,0,113228,93311,0,0,1,0,1,1,0,0,0
208822,Finduin Wryngrrlgulgll,,High Tide-King,,0,7,0,0,113228,93311,0,0,1,0,1,1,0,0,0
208830,Chieftain Hatuun,,,,1,7,0,0,75273,0,0,0,1,1,1,1,73363,0,0
208831,Arzal'kal,,,,1,3,0,0,113706,0,0,0,1,1,1,1,208225,0,0
208832,Eternus,,,,1,2,0,0,112713,0,0,0,1,1,1,1,0,0,0
208837,Prophet Velen,,,,1,7,0,0,17822,0,0,0,1,1,1,1,152612,0,0
208858,Arzal'kal,,,,1,3,0,0,113706,0,0,0,1,1,1,1,208225,0,0
208859,Arzal'kal,,,,1,3,0,0,113706,0,0,0,1,1,1,1,208225,0,0
208873,Kalecgos,,,,1,2,0,0,75614,0,0,0,1,1,1,1,197918,197919,0
208882,Empowered Pit Lord,,,,0,3,0,0,110515,0,0,0,1,1,1,1,127648,0,0
208892,Chieftain Hatuun,,,,1,7,0,0,75273,0,0,0,1,1,1,1,73363,0,0
208893,Prophet Velen,,,,1,7,0,0,17822,0,0,0,1,1,1,1,152612,0,0
208894,Arzaal,,,,1,3,0,0,113706,0,0,0,1,1,1,1,208225,0,0
208900,Cerellean Whiteclaw,,,,0,7,0,0,113754,0,0,0,1,1,1,1,3494,0,0
208906,Moon Priestess Lasara,,,,0,7,0,0,113048,0,0,0,1,1,1,1,0,0,0
208907,Rensar Greathoof,,,,1,7,0,0,67016,0,0,0,1,1,1,1,0,0,0
208909,Kiya Featherpaw,,,,0,7,0,0,113893,0,0,0,1,1,1,1,0,0,0
208918,Khadgar,,,,1,2,0,0,107041,0,0,0,1,1,1,1,0,0,0
208928,Novice Darnassian Mage,,,,0,7,0,0,114138,0,0,0,1,1,1,1,94844,0,0
208943,Reese,,Personified Relic,,0,4,0,0,112777,0,0,0,1,1,1,1,0,0,0
208986,Atrenosh Hailstone,,The Healing Wings,,1,2,0,0,104293,0,0,0,1,1,1,1,191687,0,0
208987,Scalecommander Viridia,,The Healing Wings,,0,7,0,0,104555,0,0,0,1,1,1,1,0,0,0
209007,Scarlet Archmage,,,,0,7,0,3,113299,0,0,0,1,1,1,1,0,0,0
209008,Dark Ranger,,,,0,7,0,0,90536,90537,90538,0,1,1,1,1,45085,45085,166783
209020,Siaszerathel,,The Timewalkers,,0,7,0,0,104861,0,0,0,1,1,1,1,197837,192169,0
209024,Tyrande Whisperwind,,,,1,7,0,0,108637,0,0,0,1,1,1,1,0,0,0
209027,[DNT] Spell Target Bunny,,,,0,10,0,3,1126,11686,0,0,0,1,1,1,0,0,0
209042,Kalecgos,,,,1,2,0,0,114577,0,0,0,1,1,1,1,0,0,0
209051,Merithra of the Dream,,,,1,2,0,0,113795,0,0,0,1,1,1,1,0,0,0
209068,Ash,,,,0,9,1,0,84893,0,0,0,1,1,1,1,0,0,0
209069,Nyx,,,,0,9,154,0,63016,0,0,0,1,1,1,1,0,0,0
209114,Forsaken Soldier,,,,0,7,0,0,114141,0,0,0,1,1,1,1,1905,0,0
209115,Banshee,,,,0,7,0,3,90017,915,10702,0,1,1,1,1,0,0,0
209116,Banshee,,,,0,7,0,3,915,0,0,0,1,1,1,1,0,0,0
209141,Lysander Starshade,,,,0,7,0,0,113467,0,0,0,1,1,1,1,94844,0,0
209149,Galok Wingslicer,,,,1,7,0,0,113630,0,0,0,1,1,1,1,201975,0,0
209156,Rydra Scalegorger,,,,1,1,26,3,113629,0,0,0,1,1,1,1,0,0,0
209163,Fyrn,,,,0,12,0,3,113777,0,0,0,1,1,1,1,0,0,0
209224,Blongotron,,The Crowd Displeaser,,1,9,0,0,57090,0,0,0,1,1,1,1,0,0,0
209259,Lil' Frostwing,,,,0,12,0,3,113829,0,0,0,1,1,1,1,0,0,0
209262,Scout Tomul,,,,0,7,0,0,105533,0,0,0,1,1,1,1,0,0,189505
209263,Sansok Khan,,,,1,7,0,0,102115,0,0,0,1,1,1,1,0,0,0
209268,Hanu,,,,0,7,0,0,105635,0,0,0,1,1,1,1,192798,192091,0
209269,Norukk,,,,0,7,0,0,105628,0,0,0,1,1,1,1,0,0,0
209277,Rowie,,,,0,7,0,0,102365,0,0,0,1,1,1,1,147378,0,0
209366,Travard,,Tyr's Guard,,0,7,0,0,113760,0,0,0,1,1,1,1,111584,208197,0
209419,Generic Bunny - STM,,,,0,10,0,3,51978,11686,0,0,0,1,1,1,0,0,0
209470,Generic Bunny - PRK,,,,0,10,0,3,22903,11686,0,0,0,1,1,1,0,0,0
209472,Zen'tabra,,,,0,7,0,0,68419,0,0,0,0,1,1,1,57020,0,0
209473,Naralex,,,,0,7,0,0,68026,0,0,0,1,1,1,1,0,0,0
209474,Zen'kiki,,,,0,7,0,0,33878,0,0,0,1,1,1,1,43219,0,0
209480,Background,,,,0,10,0,0,113908,0,0,0,1,1,1,1,0,0,0
209483,Talthis,,Tyr's Guard,,0,7,0,0,112850,0,0,0,1,1,1,1,105083,208197,0
209485,Nolaki,,Tyr's Guard,,0,7,0,0,112847,0,0,0,1,1,1,1,165595,208197,0
209486,Hadwin,,Tyr's Guard,,0,7,0,0,112848,0,0,0,1,1,1,1,162871,208197,0
209487,Valunei,,Tyr's Guard,,0,7,0,0,112849,0,0,0,1,1,1,1,27426,208197,0
209514,Hadwin,,,,0,7,0,0,113674,0,0,0,1,1,1,1,162871,208197,0
209515,Valunei,,,,0,7,0,0,113673,0,0,0,1,1,1,1,27426,208197,0
209518,Nolaki,,Tyr's Guard,,0,7,0,0,113675,0,0,0,1,1,1,1,165595,208197,0
209519,Talthis,,Tyr's Guard,,0,7,0,0,113672,0,0,0,1,1,1,1,105083,208197,0
209550,Druidic Totem,,,,0,10,0,0,113917,0,0,0,1,1,1,1,0,0,0
209552,Bella Wilder,,,,0,7,0,0,33651,0,0,0,1,1,1,1,0,0,0
209571,Professor Ash,,Herbalism Trainer,,0,4,0,0,107355,0,0,0,1,1,1,1,0,0,0
209576,Energy,,,,0,10,0,3,21955,23767,0,0,0,1,1,1,0,0,0
209588,Forsaken Soldier,,,,0,7,0,0,88889,0,0,0,1,1,1,1,1905,0,0
209593,Dark Ranger,,,,0,7,0,0,90536,90537,90538,90212,1,1,1,1,45085,45085,166783
209601,Eadweard's Notes,,,,0,10,0,0,113926,0,0,0,1,1,1,1,0,0,0
209641,Druidic Totem,,,,0,10,0,0,113917,0,0,0,1,1,1,1,0,0,0
209681,Squally,,,,0,12,0,3,113934,0,0,0,1,1,1,1,0,0,0
209744,Tyr's Guard [All],,Tyr's Guard,,0,7,0,0,113672,0,0,0,1,1,1,1,96756,208197,0
209746,Radza Thunderclaw,,Rustpine Spiritspeaker,,0,7,0,0,106217,0,0,0,1,1,1,1,0,0,0
209804,Kil'jaeden,,,,0,3,0,0,113946,0,0,0,1,1,1,1,0,0,0
209826,Bor Wildmane,,,,0,7,0,0,29418,0,0,0,1,1,1,1,0,0,0
209847,Angellene,,,,0,7,0,3,90017,0,0,0,1,1,1,1,0,0,0
209848,Emalora,,,,0,7,0,3,915,0,0,0,1,1,1,1,0,0,0
209849,Margix,,,,0,7,0,3,10702,0,0,0,1,1,1,1,0,0,0
209853,Saatilu,,Ally of Arzaal,,0,3,0,0,113975,0,0,0,1,1,1,1,153327,153327,0
209855,Heraat,,Ally of Arzaal,,0,3,0,0,113976,0,0,0,1,1,1,1,113913,0,0
209860,Eranthi,,Ally of Arzaal,,0,3,0,0,114011,0,0,0,1,1,1,1,206801,0,0
209861,Yazdan,,Ally of Arzaal,,0,3,0,0,114010,0,0,0,1,1,1,1,73433,0,0
209862,Zyaana,,Ally of Arzaal,,0,3,0,0,114013,0,0,0,1,1,1,1,153255,138743,0
209863,Tronaar,,Ally of Arzaal,,0,3,0,0,114012,0,0,0,1,1,1,1,126273,0,0
209888,Fyrakk,,The Blazing,,1,2,0,0,112381,0,0,0,1,1,1,1,211871,0,0
209891,Kevo ya Siti,,Loa of Cunning,,1,7,0,0,113967,65761,0,0,1,0,1,1,0,0,0
209896,Fyrakk,,,,1,2,0,0,111452,0,0,0,1,1,1,1,0,0,0
209897,Ashendir Hartwood,,Prophet of the Flame,,1,7,0,0,114175,0,0,0,1,1,1,1,0,0,0
209900,Flame Portal,,,,0,4,0,0,113969,0,0,0,1,1,1,1,0,0,0
209903,Nau,,,,0,7,0,0,106221,0,0,0,1,1,1,1,0,0,0
209904,Neelo,,,,0,7,0,0,106220,0,0,0,1,1,1,1,0,0,0
209945,Loyal Man'ari,,,,0,7,0,0,113978,0,0,0,1,1,1,1,0,0,0
209946,Loyal Man'ari,,,,0,7,0,0,113977,0,0,0,1,1,1,1,0,0,0
209970,Norana Morninglight,,Priestess of the Flame,,0,7,0,0,113083,0,0,0,1,1,1,1,0,0,0
209971,Igira,,Zaqali Elder,,0,7,0,0,112004,0,0,0,1,1,1,1,0,0,0
209976,Fyrakk,,The Blazing,,1,2,0,0,112381,0,0,0,1,1,1,1,206448,0,0
210058,Lil' Maggz,,,,0,12,0,0,114017,0,0,0,1,1,1,1,0,0,0
210073,Hap'he,,Personified Relic,,0,4,0,0,113903,0,0,0,1,1,1,1,0,0,0
210077,Blacktalon Warrior,,,,1,2,0,0,102435,102431,102434,102427,1,1,1,1,201432,0,0
210086,Witch Doctor Tzadah,,Gadrin's Apprentice,,0,7,0,0,114020,0,0,0,100,1,1,1,164274,0,0
210116,Bwonsamdi,,Loa of Death,,1,7,0,3,75961,0,0,0,100,1,1,1,154134,0,0
210121,Primalist Earthshaker,,,,0,7,0,0,102917,102916,102915,102914,1,1,1,1,0,0,0
210122,Primalist Flamewarden,,,,0,7,0,0,102886,102887,102888,102889,1,1,1,1,0,0,0
210127,Sentinel of the New Moon,,,,0,7,0,0,113020,113023,0,0,1,1,1,1,144320,144321,0
210154,Portable Party Platter,,Pastry Propagator,,0,10,0,0,114035,0,0,0,1,1,1,1,0,0,0
210187,Ash,,,,0,9,1,0,84893,0,0,0,1,1,1,1,0,0,0
210188,Nyx,,,,0,9,154,0,63016,0,0,0,1,1,1,1,0,0,0
210202,Odyn,,,,1,7,0,0,114046,0,0,0,1,1,1,1,0,0,0
210245,Kevo ya Siti,,Loa of Cunning,,1,7,0,0,113967,0,0,0,0,1,1,1,0,0,0
210258,Lukou,,Loa of Regeneration,,1,7,0,0,119248,0,0,0,0,1,1,1,0,0,0
210260,Kevo ya Siti,,Loa of Cunning,,1,7,0,0,113967,0,0,0,0,1,1,1,0,0,0
210291,Primalist Flamewarden,,,,0,7,0,0,102892,0,0,0,1,1,1,1,0,0,0
210292,Primalist Flamewarden,,,,0,7,0,0,102886,102887,0,0,1,1,1,1,0,0,0
210311,Mueh'zala,,Imprisoned Loa of Death,,1,7,0,3,96798,0,0,0,1,1,1,1,0,0,0
210340,Grand Artificer Romuul,,,,0,7,0,0,76255,0,0,0,1,1,1,1,182578,0,0
210345,Exodar Worker,,,,0,7,0,0,119608,119609,119606,119607,1,1,1,1,182578,0,0
210347,Tishamaat Celebrant,,,,0,7,0,0,119608,119609,119606,119607,1,1,1,1,0,0,0
210350,Pack Talbuk,,,,0,1,0,0,59365,59367,79441,0,1,1,0,1,0,0,0
210351,Pack Elekk,,,,0,1,0,0,59340,0,0,0,1,1,1,1,0,0,0
210390,Prophet Velen,,,,1,7,0,0,17822,0,0,0,1,1,1,1,152612,0,0
210391,Chieftain Hatuun,,,,1,7,0,0,75273,0,0,0,1,1,1,1,73363,0,0
210427,Flame Portal,,,,0,4,0,0,114097,0,0,0,1,1,1,1,0,0,0
210496,Otharia,,"Captive Green Dragon, Visage",,1,2,0,0,108146,0,0,0,1,1,1,1,0,0,0
210529,Energy,,,,0,10,0,3,21955,23767,0,0,0,1,1,1,0,0,0
210547,Gangshe,,,,0,7,0,0,113943,0,0,0,1,1,1,1,0,0,0
210553,Sundered Skirmisher,,Sundered Flame Loyalist,,0,7,0,0,113392,113393,0,0,1,1,1,1,0,0,0
210554,Winglord Dezran,,,,0,7,0,0,110856,113424,0,0,0,1,1,1,0,0,0
210555,Amythora,,The Sundered Flame,,0,7,0,0,111693,0,0,0,1,1,1,1,0,0,0
210556,Scalecommander Emberthal,,,,1,7,0,0,102031,0,0,0,1,1,1,1,0,0,0
210557,Marithos,,The Sundered Flame,,0,7,0,0,111694,0,0,0,1,1,1,1,0,0,0
210558,Pandi,,,,0,7,0,0,101278,0,0,0,1,1,1,1,0,0,0
210560,Invisible Bunny (IGC),,,,0,10,0,0,1126,11686,0,0,0,1,1,1,0,0,0
210562,Grand Artificer Romuul,,,,0,7,0,0,76255,0,0,0,1,1,1,1,0,0,0
210563,Chieftain Hatuun,,,,1,7,0,0,75273,0,0,0,1,1,1,1,73363,0,0
210565,Grand Artificer Romuul,,,,0,7,0,0,76255,0,0,0,1,1,1,1,0,0,0
210567,Firehide Proto-Dragon,,,,1,2,0,0,108162,0,0,0,1,1,1,1,0,0,0
210568,Emerald Guardian,,,,1,2,0,3,106714,0,0,0,1,1,1,1,0,0,0
210583,Shattrath Victim,,,,0,6,0,0,116309,116310,116314,116315,1,1,1,1,0,0,0
210588,Arzaal,,,,1,3,0,0,113706,0,0,0,1,1,1,1,208225,0,0
210598,Arzaal,,,,1,3,0,0,113706,0,0,0,1,1,1,1,208225,0,0
210599,Chieftain Hatuun,,,,1,7,0,0,75273,0,0,0,1,1,1,1,73363,0,0
210600,Prophet Velen,,,,1,7,0,0,17822,0,0,0,1,1,1,1,152612,0,0
210605,Prophet Velen,,,,1,7,0,0,17822,0,0,0,1,1,1,1,152612,0,0
210606,Chieftain Hatuun,,,,1,7,0,0,75273,0,0,0,1,1,1,1,73363,0,0
210607,Arzaal,,,,1,3,0,0,113706,0,0,0,1,1,1,1,208225,0,0
210616,Pandi,,,,0,7,0,0,101278,0,0,0,1,1,1,1,0,0,0
210617,Ruby Queensguard,,,,1,2,0,0,102741,102733,102740,102732,1,1,1,1,192518,0,0
210618,Captain Drine,,First Talon of Valdrakken,,1,2,0,0,104938,0,0,0,1,1,1,1,191958,0,0
210619,Alexstrasza the Life-Binder,,Queen of the Dragons,,1,2,0,0,28227,92146,0,0,1,0,1,1,0,0,0
210621,Vyranoth,,,,0,2,0,0,113333,0,0,0,1,1,1,1,0,0,0
210627,Invisible Bunny (IGC),,,,0,10,0,0,1126,11686,0,0,0,1,1,1,0,0,0
210665,Primalist Flamewarden,,,,0,7,0,0,102888,0,0,0,1,1,1,1,0,0,0
210666,Primalist Flamewarden,,,,0,7,0,0,102891,0,0,0,1,1,1,1,0,0,0
210667,Primalist Flamewarden,,,,0,7,0,0,102892,0,0,0,1,1,1,1,0,0,0
210668,Primalist Flamewarden,,,,0,7,0,0,102889,0,0,0,1,1,1,1,0,0,0
210669,Primalist Flamewarden,,,,0,7,0,0,102886,0,0,0,1,1,1,1,0,0,0
210670,Prophet Velen,,,,1,7,0,0,17822,0,0,0,1,1,1,1,152612,0,0
210671,Chieftain Hatuun,,,,1,7,0,0,75273,0,0,0,1,1,1,1,0,0,0
210672,Arzaal,,,,1,3,0,0,113706,0,0,0,1,1,1,1,208225,0,0
210681,Angellene,,,,0,7,0,3,90017,0,0,0,1,1,1,1,0,0,0
210682,Emalora,,,,0,7,0,3,915,0,0,0,1,1,1,1,0,0,0
210683,Margix,,,,0,7,0,3,10702,0,0,0,1,1,1,1,0,0,0
210687,Tindral Sageswift,,Seer of the Flame,,1,7,0,0,114456,0,0,0,1,1,1,1,202125,0,0
210716,Lethnal,,Void Expert,,1,2,0,0,114184,0,0,0,1,1,1,1,0,0,0
210719,Lethnal,,Void Expert,,1,2,0,0,114185,0,0,0,1,1,1,1,0,0,0
210721,Perpetual Present,,,,0,12,0,0,114188,0,0,0,1,1,1,1,0,0,0
210722,Dispersal Crystal,,,,1,2,0,0,109228,0,0,0,1,1,1,1,0,0,0
210729,Decaying Shroom,,,,0,10,0,3,78292,0,0,0,1,1,1,1,0,0,0
210755,Spicy Scamper,,,,0,8,0,0,113959,0,0,0,1,1,1,1,0,0,0
210757,Playful Somnowlet,,,,0,8,0,0,114203,0,0,0,1,1,1,1,0,0,0
210761,Fount Flutterer,,,,0,8,0,3,104045,0,0,0,1,1,1,1,0,0,0
210853,Fyrakk,,,,1,2,0,0,112425,113258,0,0,1,0,1,1,0,0,0
210855,Vyranoth,,,,0,2,0,0,113333,0,0,0,1,1,1,1,0,0,0
210863,Canopy Danaid,,,,0,8,0,3,104040,0,0,0,1,1,1,1,0,0,0
210876,Hidden Treasure Chest,,,,0,10,0,0,107344,0,0,0,1,1,1,1,0,0,0
210889,Gossamer Danaid,,,,0,8,0,3,104041,0,0,0,1,1,1,1,0,0,0
210905,Princess Tess Greymane,,,,1,7,0,0,116131,0,0,0,1,1,1,1,108981,108981,155772
210907,Lord Darius Crowley,,,,0,7,0,0,34161,29694,0,0,1,0,1,1,54877,54878,0
210910,Doomfiend,,,,0,3,19,0,64965,0,0,0,0,1,1,1,0,0,0
210916,Huntsman Blake,,Unseen Path,,0,7,0,0,29960,0,0,0,1,1,1,1,0,0,52052
210952,Fyrakk,,The Blazing,,1,2,0,3,4626,113258,0,0,0,1,1,1,0,0,0
210955,Belysra Starbreeze,,Priestess of the Moon,,0,7,0,0,113045,0,0,0,1,1,1,1,0,0,0
210965,Calia Menethil,,The Pallid Lady,,1,7,0,0,92900,0,0,0,1,1,1,1,0,0,0
210968,Scarlet Champion,,,,1,7,0,0,117055,0,0,0,1,1,1,1,1983,0,0
210993,Background,,,,0,10,0,0,114270,0,0,0,1,1,1,1,0,0,0
211075,Smolderwing Flutterer,,,,0,8,0,3,104042,0,0,0,1,1,1,1,0,0,0
211091,Dreamseed Bloom,,,,0,10,0,0,113734,0,0,0,0,1,1,1,0,0,0
211094,Flooftalon,,,,0,8,0,0,114318,0,0,0,1,1,1,1,0,0,0
211097,Fol'ya Pup,,,,0,8,0,0,114319,0,0,0,1,1,1,1,0,0,0
211099,Sapnibbler,,,,0,8,0,0,114320,114517,0,0,70,1,1,1,0,0,0
211100,Leyhart,,,,0,8,0,0,114321,0,0,0,1,1,1,1,0,0,0
211101,Slumbertooth,,,,0,8,0,0,114322,0,0,0,1,1,1,1,0,0,0
211102,Pewling,,,,0,8,0,0,114518,114323,114519,0,35,35,1,1,0,0,0
211110,Flooftalon,,,,0,14,0,0,114318,0,0,0,1,1,1,1,0,0,0
211120,Ageless Dreamseed Bloom,,,,0,10,0,0,113735,0,0,0,0,1,1,1,0,0,0
211126,Dreamseed Bloom,,,,0,10,0,0,113737,0,0,0,0,1,1,1,0,0,0
211130,Dreamseed Bloom,,,,0,10,0,0,113704,0,0,0,0,1,1,1,0,0,0
211142,Ageless Dreamseed Bloom,,,,0,10,0,0,113732,0,0,0,0,1,1,1,0,0,0
211143,Ageless Dreamseed Bloom,,,,0,10,0,0,113738,0,0,0,0,1,1,1,0,0,0
211144,Forsaken Soldier,,,,0,7,0,0,113373,113376,0,0,1,1,1,1,45208,106903,0
211177,Fol'ya Pup,,,,0,14,0,0,114319,0,0,0,1,1,1,1,0,0,0
211182,Sapnibbler,,,,0,14,0,0,114320,114517,0,0,70,1,1,1,0,0,0
211191,Mia Greymane,,Queen of Gilneas,,1,7,0,0,116099,0,0,0,1,1,1,1,0,0,0
211214,Merithra,,The Dreamer,,1,2,0,0,113000,0,0,0,1,1,1,1,0,0,0
211215,Alexstrasza the Life-Binder,,Queen of the Dragons,,1,2,0,0,28227,92146,0,0,1,0,1,1,0,0,0
211216,Ashendir Hartwood,,Prophet of the Flame,,1,7,0,0,116102,0,0,0,1,1,1,1,0,0,0
211217,Fyrakk,,The Blazing,,0,2,0,0,111452,0,0,0,1,1,1,1,0,0,0
211218,Tyrande Whisperwind,,,,1,7,0,0,108637,0,0,0,1,1,1,1,164726,0,0
211219,Dreamseed Bloom,,,,0,10,0,0,113733,0,0,0,0,1,1,1,0,0,0
211220,Dreamseed Bloom,,,,0,10,0,0,113739,0,0,0,0,1,1,1,0,0,0
211221,Dreamseed Bloom,,,,0,10,0,0,113736,0,0,0,0,1,1,1,0,0,0
211286,Fyrakk,,The Blazing,,0,2,0,0,111452,0,0,0,1,1,1,1,0,0,0
211287,Suzska,,Claw of Vyranoth,,0,7,0,0,113559,0,0,0,1,1,1,1,0,0,0
211288,Leyhart,,,,0,14,0,0,114321,0,0,0,1,1,1,1,0,0,0
211295,Slumbertooth,,,,0,14,0,0,114322,0,0,0,1,1,1,1,0,0,0
211302,Pewling,,,,0,14,0,0,114518,114323,114519,0,35,35,1,1,0,0,0
211349,Alleria Windrunner,,,,1,7,0,0,118072,0,0,0,1,1,1,1,0,0,219442
211351,Anduin Wrynn,,,,1,7,0,0,115995,0,0,0,1,1,1,1,0,0,0
211368,Alleria Windrunner,,,,1,7,0,0,86013,0,0,0,1,1,1,1,0,0,219442
211375,Alleria Windrunner,,,,1,7,0,0,118072,0,0,0,1,1,1,1,0,0,219442
211393,Alysrazor,,,,1,4,0,0,38446,0,0,0,1,1,1,1,0,0,0
211409,Faerin Lothar,,,,0,7,0,0,118719,0,0,0,1,1,1,1,220159,0,0
211493,Xal'atath,,,,1,15,0,0,89310,0,0,0,1,1,1,1,0,0,0
211499,Executor Nizrek,,Word of the Queen,,0,7,0,0,114268,0,0,0,1,1,1,1,0,0,0
211516,Alleria Windrunner,,,,1,7,0,0,86013,0,0,0,1,1,1,1,0,0,219442
211519,Anduin Wrynn,,,,1,7,0,0,115995,0,0,0,1,1,1,1,224743,0,0
211521,Moira Thaurissan,,Queen of the Dark Iron,,1,7,0,0,82772,0,0,0,1,1,1,1,11928,0,0
211561,Sansok Khan,,,,1,7,0,0,102115,0,0,0,1,1,1,1,0,0,189505
211637,Misha,,,,1,1,0,0,9492,0,0,0,1,1,1,1,0,0,0
211660,Talthis,,Tyr's Guard,,0,7,0,0,116241,0,0,0,1,1,1,1,105083,208197,0
211662,Valunei,,Tyr's Guard,,0,7,0,0,116231,0,0,0,1,1,1,1,27426,208197,0
211664,Elisande,,Grand Magistrix,,0,7,0,0,69082,0,0,0,1,1,1,1,0,0,0
211695,Alleria Windrunner,,,,1,7,0,0,114447,0,0,0,1,1,1,1,0,0,151781
211727,Katy Stampwhistle,,,,0,7,0,0,119000,0,0,0,0,1,1,1,0,0,0
211752,Alleria Windrunner,,,,1,7,0,0,118072,0,0,0,1,1,1,1,0,0,219442
211773,Kiya Featherpaw,,,,0,7,0,0,113893,0,0,0,1,1,1,1,0,0,0
211774,Sylvanesh,,Seer of Flame,,1,7,0,0,114457,0,0,0,1,1,1,1,202125,0,0
211844,Tyrande Whisperwind,,,,1,7,0,0,108637,0,0,0,1,1,1,1,164726,0,0
211888,Executor Nizrek,,Word of the Queen,,0,7,0,2,114268,0,0,0,1,1,1,1,0,0,0
211934,Raven Familiar,,,,6,10,0,0,80962,0,0,0,1,1,1,1,0,0,0
211939,Sergeant Quackers,,,,0,12,0,0,114494,0,0,0,1,1,1,1,0,0,0
211942,Aura,,,,0,12,0,0,114495,0,0,0,1,1,1,1,0,0,0
212078,Echo of Vol'jin,,,,1,7,0,0,89267,21342,0,0,100,0,1,1,0,0,0
212079,Galok Wingslicer,,,,1,7,0,0,113630,0,0,0,1,1,1,1,0,0,0
212119,Shattrath Crystalsmith,,,,0,7,0,0,116663,116658,0,0,1,1,1,1,182578,0,0
212137,Gerithus,,Son of the Dream,,1,2,0,0,107144,107123,0,0,1,0,1,1,0,0,0
212138,Lord Itharius,,,,0,2,0,0,108916,0,0,0,1,1,1,1,0,0,0
212139,Somnikus,,,,1,2,0,0,105802,107466,106210,0,1,0,0,1,0,0,0
212140,Theramus,,,,0,2,0,0,107142,0,0,0,1,1,1,1,0,0,0
212141,Valithria Dreamwalker,,,,0,2,0,0,108915,0,0,0,1,1,1,1,0,0,0
212148,Calia Menethil,,The Pallid Lady,,1,7,0,0,92900,0,0,0,1,1,1,1,0,0,0
212150,Magical Murloc Monument,,,,0,12,0,0,65967,0,0,0,1,1,1,1,0,0,0
212158,Zaqali Ashwarden,,,,1,7,0,0,111167,0,0,0,1,1,1,1,125953,192138,0
212164,Dragon Glyph,,,,0,10,0,3,21955,23767,0,0,0,1,1,1,0,0,0
212166,Dragon Glyph,,,,0,10,0,3,21955,23767,0,0,0,1,1,1,0,0,0
212167,Dragon Glyph,,,,0,10,0,3,21955,23767,0,0,0,1,1,1,0,0,0
212168,Dragon Glyph,,,,0,10,0,3,21955,23767,0,0,0,1,1,1,0,0,0
212169,Dragon Glyph,,,,0,10,0,3,21955,23767,0,0,0,1,1,1,0,0,0
212170,Dragon Glyph,,,,0,10,0,3,21955,23767,0,0,0,1,1,1,0,0,0
212171,Dragon Glyph,,,,0,10,0,3,21955,23767,0,0,0,1,1,1,0,0,0
212172,Dragon Glyph,,,,0,10,0,3,21955,23767,0,0,0,1,1,1,0,0,0
212174,Tracker Dragon Glyph,,,,0,10,0,3,21955,23767,0,0,0,1,1,1,0,0,0
212175,Tracker Dragon Glyph,,,,0,10,0,3,21955,23767,0,0,0,1,1,1,0,0,0
212176,Tracker Dragon Glyph,,,,0,10,0,3,21955,23767,0,0,0,1,1,1,0,0,0
212177,Tracker Dragon Glyph,,,,0,10,0,3,21955,23767,0,0,0,1,1,1,0,0,0
212178,Tracker Dragon Glyph,,,,0,10,0,3,21955,23767,0,0,0,1,1,1,0,0,0
212179,Tracker Dragon Glyph,,,,0,10,0,3,21955,23767,0,0,0,1,1,1,0,0,0
212180,Tracker Dragon Glyph,,,,0,10,0,3,21955,23767,0,0,0,1,1,1,0,0,0
212181,Tracker Dragon Glyph,,,,0,10,0,3,21955,23767,0,0,0,1,1,1,0,0,0
212190,Brathia,,,,1,2,0,0,104460,0,0,0,1,1,1,1,0,0,0
212192,Reverie,,,,0,12,0,0,114607,0,0,0,1,1,1,1,0,0,0
212202,Prophet Velen,,,,1,7,0,0,17822,0,0,0,1,1,1,1,152612,0,0
212203,Chieftain Hatuun,,,,1,7,0,0,75273,0,0,0,1,1,1,1,73363,0,0
212204,Arzaal,,,,1,3,0,0,113706,0,0,0,1,1,1,1,208225,0,0
212206,Blueloo,,,,0,12,0,0,114609,0,0,0,1,1,1,1,0,0,0
212210,Eranthi,,,,0,3,0,0,114011,0,0,0,1,1,1,1,206801,0,0
212211,Tronaar,,,,0,3,0,0,114012,0,0,0,1,1,1,1,0,0,126273
212244,Hadwin,,Tyr's Guard,,0,7,0,0,116239,0,0,0,1,1,1,1,162871,208197,0
212246,Nolaki,,Tyr's Guard,,0,7,0,0,116240,0,0,0,1,1,1,1,165595,208197,0
212247,Travard,,Tyr's Guard,,0,7,0,0,116232,0,0,0,1,1,1,1,111584,208197,0
212259,Akuda,,Captive Emerald Guardian,,1,2,0,0,106886,0,0,0,1,1,1,1,0,0,0
212267,Dreamborne Scarab,,,,0,12,0,0,114635,0,0,0,1,1,1,1,0,0,0
212273,Dreamhoof,,,,0,12,0,0,114642,0,0,0,1,1,1,1,0,0,0
212275,Ivy,,,,0,12,0,0,114645,0,0,0,1,1,1,1,0,0,0
212301,[DNT] Zombie,,,,0,6,0,0,41049,0,0,0,1,1,1,1,0,0,0
212315,Memorie,,,,0,12,0,0,114660,0,0,0,1,1,1,1,0,0,0
212325,Primalist Flamewarden,,,,0,7,0,0,102886,0,0,0,1,1,1,1,0,0,0
212326,Primalist Flamewarden,,,,0,7,0,0,102888,102889,0,0,1,1,1,1,0,0,0
212328,Napps,,,,0,12,0,0,114666,0,0,0,1,1,1,1,0,0,0
212329,Snoozles,,,,0,12,0,0,114667,0,0,0,1,1,1,1,0,0,0
212342,Vindicator Boros,,Triumvirate of the Hand,,1,7,0,0,63504,0,0,0,1,1,1,1,105940,126759,0
212343,Farseer Nobundo,,The Earthen Ring,,1,7,0,0,71623,0,0,0,1,1,1,1,1908,0,0
212344,High Priestess Ishanah,,,,0,7,0,0,17882,0,0,0,1,1,1,1,28738,0,0
212345,Jadaar,,,,0,7,0,0,27780,0,0,0,1,1,1,1,208683,114945,0
212346,Vindicator Kuros,,Triumvirate of the Hand,,1,7,0,0,114673,0,0,0,1,1,1,1,105939,111462,0
212347,Exarch Naielle,,Rangari,,0,7,0,0,116653,0,0,0,1,1,1,1,0,0,116579
212348,Vindicator Aesom,,Triumvirate of the Hand,,1,7,0,0,114672,0,0,0,1,1,1,1,105938,111461,0
212349,Akama,,,,1,7,0,0,115645,0,0,0,0,1,1,1,30699,30699,0
212350,Ph'el Oman,,,,0,7,0,0,112119,0,0,0,1,1,1,1,0,0,0
212358,Soultender Nemuraan,,,,0,7,0,0,115265,0,0,0,1,1,1,1,153292,0,0
212374,Okir,,Interpreter to the Khan,,0,7,0,0,105539,0,0,0,1,1,1,1,189523,0,0
212381,Elder Kuruti,,,,1,7,0,0,11650,0,0,0,1,1,1,1,0,0,0
212382,Asric,,,,0,7,0,0,27772,0,0,0,1,1,1,1,55466,0,0
212384,Reluun,,,,0,7,0,0,108610,0,0,0,1,1,1,1,0,0,0
212385,Tishad,,,,0,7,0,0,108611,0,0,0,1,1,1,1,0,0,0
212386,Apprentice Beruun,,,,0,7,0,0,113607,0,0,0,1,1,1,1,0,0,0
212387,Grand Anchorite Almonen,,,,1,7,0,0,116558,0,0,0,100,1,1,1,0,0,0
212388,Captain Fareeya,,,,1,7,0,0,77524,0,0,0,1,1,1,1,0,0,0
212399,Kal'andu,,,,0,12,0,3,114693,0,0,0,1,1,1,1,0,0,0
212402,Prophet Velen,,,,1,7,0,0,17822,0,0,0,1,1,1,1,152612,0,0
212404,Chieftain Hatuun,,,,1,7,0,0,75273,0,0,0,1,1,1,1,0,0,0
212406,Rootsear Defiler,,,,0,7,0,0,112450,112451,112452,112460,1,1,1,1,78401,0,0
212408,Seedle,,,,0,12,0,0,114704,0,0,0,1,1,1,1,0,0,0
212409,Roottender Treant,,,,0,4,0,0,71640,106603,0,0,1,0,1,1,0,0,0
212410,Splinterlimb,,,,4,4,0,0,113870,0,0,0,1,1,1,1,0,0,0
212413,Dustite,,,,0,12,0,0,114707,0,0,0,1,1,1,1,0,0,0
212417,Somnolet,,,,0,12,0,0,114708,0,0,0,1,1,1,1,0,0,0
212427,Eternus,,,,1,2,0,0,112713,0,0,0,1,1,1,1,0,0,0
212437,Pale Slumbertooth,,,,0,14,0,0,114746,0,0,0,1,1,1,1,0,0,0
212438,Pale Slumbertooth,,,,0,8,0,0,114746,0,0,0,1,1,1,1,0,0,0
212448,Winds of the Isles,,,,0,10,0,3,21955,23767,114748,0,0,0,1,1,0,0,0
212451,Oathsworn Stormrider,,,,0,7,0,0,114749,114751,114752,114753,1,1,1,1,211255,211255,0
212459,Snaggletoof,,,,0,14,0,0,114754,0,0,0,1,1,1,1,0,0,0
212460,Snaggletoof,,,,0,8,0,0,114754,0,0,0,1,1,1,1,0,0,0
212554,Chromie,,,,1,2,0,0,96559,105811,107134,0,1,0,0,1,0,0,0
212557,Dream Badger,,,,0,14,0,0,114780,0,0,0,1,1,1,1,0,0,0
212558,Dream Badger,,,,0,8,0,0,114780,0,0,0,1,1,1,1,0,0,0
212562,Snoots,,,,0,12,0,0,114781,0,0,0,1,1,1,1,0,0,0
212567,Elmer,,,,0,12,0,0,114782,0,0,0,1,1,1,1,0,0,0
212568,Keeper Tyr,,,,0,9,0,0,102579,0,0,0,1,1,1,1,0,0,0
212569,Spruce,,,,0,12,0,0,114783,0,0,0,1,1,1,1,0,0,0
212570,Juniper,,,,0,12,0,0,114784,0,0,0,1,1,1,1,0,0,0
212580,Alexstrasza the Life-Binder,,Queen of the Dragons,,1,2,0,0,28227,92146,107052,0,1,0,0,1,0,0,0
212586,Sootsnout,,The Brutal,,0,7,0,0,114736,0,0,0,1,1,1,1,5532,13610,0
212682,Friends of Q'onzu Entrance,,,,6,10,0,3,90874,11686,0,0,0,1,1,1,0,0,0
212696,Lokren,,,,0,4,0,0,121714,0,0,0,1,1,1,1,0,0,0
212741,Speaker Brinthe,,,,1,7,0,0,117238,0,0,0,1,1,1,1,0,0,0
212742,Moira Thaurissan,,Queen of the Dark Iron,,0,7,0,0,120588,0,0,0,1,1,1,1,0,0,0
212744,Dagran Thaurissan II,,,,1,7,0,0,119519,0,0,0,1,1,1,1,0,0,0
212755,Queensguard Zirix,,,,1,7,0,0,114662,0,0,0,1,1,1,1,0,0,0
212756,Baelgrim,,Stormward,,1,7,0,0,114472,0,0,0,1,1,1,1,211256,0,0
212758,Adelgonn,,Stoneward,,1,7,0,0,117127,0,0,0,1,1,1,1,110039,0,0
212759,Provoked Burrowfiend,,,,0,7,0,0,114531,114532,0,0,1,1,1,1,214501,0,0
212761,Swarming Skyterror,,,,6,7,0,3,114509,114510,0,0,1,1,1,1,0,0,0
212762,Wenbrandt,,,,1,7,0,0,114514,0,0,0,1,1,1,1,223483,0,0
212784,Rokhan,,Darkspear Chieftain,,1,7,0,0,119380,0,0,0,1,1,1,1,182571,0,0
212830,Kalecgos,,Aspect of the Blue Dragonflight,,1,2,0,0,124308,116648,111427,0,1,0,0,1,0,0,0
212877,Drowsey,,,,0,12,0,0,114910,0,0,0,1,1,1,1,0,0,0
212933,Invading Depthlurker,,,,0,7,0,0,119960,119961,0,0,1,1,1,1,214501,0,0
212935,Armored Subjugator,,,,1,7,0,0,115010,0,0,0,1,1,1,1,0,0,0
212954,Snorr,,,,0,12,0,3,115016,0,0,0,1,1,1,1,0,0,0
213057,Lord Darius Crowley,,,,0,7,0,0,34161,29694,0,0,1,0,1,1,54877,54878,0
213107,Faerin Lothar,,,,1,7,0,0,115280,0,0,0,1,1,1,1,220159,0,0
213108,General Steelstrike,,,,1,7,0,0,115282,0,0,0,1,1,1,1,218268,0,0
213111,Mitzy,,,,0,12,0,0,115261,0,0,0,1,1,1,1,0,0,0
213128,Merithra,,The Dreamer,,1,2,0,0,113000,113156,114434,0,1,0,0,1,0,0,0
213130,Tyrande Whisperwind,,,,1,7,0,0,108637,0,0,0,1,1,1,1,0,0,0
213131,Alexstrasza the Life-Binder,,Queen of the Dragons,,1,2,0,0,28227,92146,107052,0,1,0,0,1,0,0,0
213152,Skitter,,,,0,7,0,0,117831,0,0,0,1,1,1,1,0,0,0
213183,Arathi Stalwart,,,,0,7,0,0,115035,115036,115037,115038,1,1,1,1,214436,222984,0
213352,Chieftain Hatuun,,,,1,7,0,3,75273,0,0,0,1,1,1,1,73363,0,0
213407,Lil' Wrathion,,,,0,12,0,3,115559,0,0,0,1,1,1,1,0,0,0
213534,Shikaar Hunter,,,,0,7,0,0,103855,103856,0,0,1,1,1,1,0,0,108491
213567,High Speaker Eirich,,,,0,7,0,0,115622,0,0,0,1,1,1,1,214506,0,0
213588,Ysera,,,,1,2,0,0,104795,95442,0,0,1,0,1,1,0,0,0
213604,High Vindicator,,Hand of Argus,,0,7,0,0,70925,115643,0,0,1,1,1,1,32964,116386,0
213632,Alleria Windrunner,,,,1,7,0,0,118072,0,0,0,1,1,1,1,0,0,151781
213633,Magni Bronzebeard,,The Speaker,,1,7,0,0,117842,0,0,0,1,1,1,1,0,161683,0
213634,Dagran Thaurissan II,,,,1,7,0,0,119519,0,0,0,1,1,1,1,0,0,0
213646,Fyrakk,,The Blazing,,0,2,0,0,112381,0,0,0,1,1,1,1,0,0,0
213662,Magni Bronzebeard,,The Speaker,,1,7,0,0,117842,0,0,0,1,1,1,1,0,161683,0
213670,Bwonsamdi,,Loa of Death,,1,7,0,2,75961,0,0,0,100,1,1,1,154134,0,0
213682,Ravenholdt Mini-Assassin,,,,0,12,0,0,115655,115656,115657,115658,1,1,1,1,2179,2711,0
213742,Blacktalon Assassin,,,,1,2,0,0,102381,102390,0,0,1,1,1,1,0,0,0
213748,Velhanite Citizen,,,,0,7,0,0,115013,115014,117752,0,1,1,1,1,0,0,0
213749,Velhanite Citizen,,,,0,7,0,0,115011,115012,117751,0,1,1,1,1,0,0,0
213755,Vyranoth,,The Frozenheart,,1,2,0,0,112426,113256,0,0,1,0,1,1,0,0,0
213757,Storm Drake,,,,1,1,0,0,67203,0,0,0,1,1,1,1,0,0,0
213761,Vyranoth,,The Frozenheart,,1,2,0,0,113668,0,0,0,1,1,1,1,0,0,0
213763,Moira Thaurissan,,Queen of the Dark Iron,,0,7,0,0,120588,0,0,0,1,1,1,1,118789,0,0
213765,Blacktalon Mage,,,,1,2,0,0,102381,102390,0,0,1,1,1,1,0,0,0
213787,Duke Velhan,,,,0,7,0,0,115692,0,0,0,1,1,1,1,214436,0,0
213803,Draenei Spirit,,,,0,7,0,0,119805,119804,119803,119802,1,1,1,1,0,0,0
213807,Merithra,,The Dreamer,,1,2,0,0,113156,114434,113000,0,1,0,0,1,0,0,0
213813,Molten Sporebat,,,,1,1,34,3,109508,0,0,0,1,1,1,1,0,0,0
213814,Green Drake,,,,1,2,0,0,106224,106229,106227,0,1,1,1,1,0,0,0
213815,Rydra Scalegorger,,,,1,1,26,3,113629,0,0,0,1,1,1,1,0,0,0
213816,Galok Wingslicer,,,,1,7,0,0,113630,0,0,0,1,1,1,1,201975,0,0
213818,Igira the Cruel,,,,1,5,0,0,112382,0,0,0,1,1,1,1,0,0,0
213819,Otharia,,"Captive Green Dragon, Visage",,1,2,0,0,108146,0,0,0,1,1,1,1,0,0,0
213820,Innocent Faerie Dragon,,,,0,2,0,0,110479,0,0,0,1,1,1,1,0,0,0
213821,Elusive Swifthoof Gladehart,,,,1,1,151,0,112903,112906,0,0,1,1,1,1,0,0,0
213822,Turtle,,,,0,1,21,0,105963,105961,0,0,1,1,1,1,0,0,0
213823,Merithra,,The Dreamer,,1,2,0,0,113000,0,0,0,1,1,1,1,0,0,0
213867,Eternus,,,,1,2,0,0,106055,0,0,0,1,1,1,1,0,0,0
213871,Void Pulse,,,,0,10,0,3,22903,11686,0,0,0,1,1,1,0,0,0
213886,Orc Wolf Rider,,,,0,7,0,0,91671,91672,91673,0,1,1,1,1,165264,165264,0
213938,Stormrider,,,,0,7,0,0,114678,0,0,0,1,1,1,1,0,0,0
213996,Prophet Velen,,,,1,7,0,0,17822,0,0,0,1,1,1,1,152612,0,0
214021,Prophet Velen,,,,1,7,0,0,17822,0,0,0,1,1,1,1,152612,0,0
214046,Valunei,,Tyr's Guard,,0,7,0,0,113673,0,0,0,1,1,1,1,27426,208197,0
214047,Elementalist Janai,,The Earthen Ring,,0,7,0,0,36894,0,0,0,1,1,1,1,0,0,0
214048,Earthcaller Yevaa,,The Earthen Ring,,0,7,0,0,106212,0,0,0,1,1,1,1,0,0,0
214051,Vyranoth,,,,1,2,0,0,112426,113256,113814,0,0,1,0,1,0,0,0
214052,Archdruid of the Flame,,,,0,7,0,0,69679,113102,38417,0,1,1,1,1,206597,0,0
214062,???,,,,1,7,0,0,119242,65761,0,0,1,0,1,1,0,0,0
214080,Kothaar,,,,0,7,0,0,115846,0,0,0,1,1,1,1,0,0,0
214128,Image of Lukou,,,,1,7,0,0,115885,0,0,0,1,1,1,1,0,0,0
214158,Nozdormu,,,,1,2,0,0,38754,0,0,0,1,1,1,1,0,0,0
214187,Lord Itharius,,,,0,2,0,0,108916,0,0,0,1,1,1,1,0,0,0
214192,Amaan the Wise,,,,0,7,0,0,118891,0,0,0,100,1,1,1,219521,0,0
214193,Arechron,,,,0,7,0,0,17560,0,0,0,100,1,1,1,0,0,0
214194,Corki,,,,0,7,0,0,17705,0,0,0,0,1,1,1,0,0,0
214244,Red Drake,,,,1,2,0,3,109632,109631,109633,0,1,1,1,1,0,0,0
214245,Kalecgos,,,,1,2,0,0,75614,0,0,0,1,1,1,1,0,0,0
214246,Merithra,,The Dreamer,,1,2,0,0,113000,113156,114434,0,1,0,0,1,0,0,0
214247,Nozdormu,,,,1,2,0,0,38754,0,0,0,1,1,1,1,0,0,0
214248,Ebyssian,,,,1,2,0,0,113703,0,0,0,1,1,1,1,0,0,0
214249,Vyranoth,,The Frozenheart,,1,2,0,0,112426,113256,0,0,1,0,1,1,0,0,0
214250,Alexstrasza the Life-Binder,,Queen of the Dragons,,1,2,0,0,28227,92146,107052,0,1,0,0,1,0,0,0
214256,Heartseeker Moth,,,,0,12,0,2,112195,0,0,0,1,1,1,1,0,0,0
214259,Heartseeker Mana Ray,,,,0,12,0,2,74903,0,0,0,1,1,1,1,0,0,0
214277,High Exarch Turalyon,,Lord Commander of Alliance Forces,,1,7,0,0,100074,0,0,0,1,1,1,1,150577,0,0
214286,Teele,,,,0,12,0,0,115967,0,0,0,1,1,1,1,0,0,0
214294,Archdruid of the Flame,,,,0,7,0,0,38417,0,0,0,1,1,1,1,206597,0,0
214296,Stage Manager Huberta,,,,0,7,0,0,117124,0,0,0,1,1,1,1,0,0,0
214297,Nerubian Saboteur,,,,0,7,0,0,114532,0,0,0,1,1,1,1,0,0,0
214303,Priestess Alinya,,,,0,7,0,0,116222,0,0,0,1,1,1,1,0,0,0
214304,Belysra Starbreeze,,Priestess of the Moon,,0,7,0,0,116221,0,0,0,1,1,1,1,0,0,0
214305,Priestess Kyleen Il'dinare,,,,0,7,0,0,116220,0,0,0,0,1,1,1,0,0,0
214306,Moon Priestess Lasara,,,,0,7,0,0,116219,0,0,0,1,1,1,1,0,0,0
214307,Cerellean Whiteclaw,,,,0,7,0,0,116224,0,0,0,1,1,1,1,3494,0,0
214308,Rensar Greathoof,,,,1,7,0,0,116223,0,0,0,1,1,1,1,0,0,0
214311,Altruis the Sufferer,,Illidari,,1,7,0,0,63985,0,0,0,1,1,1,1,128360,128370,0
214312,Arko'narin Starshade,,,,1,7,0,0,112157,0,0,0,1,1,1,1,127986,128321,0
214314,Broll Bearmantle,,,,1,7,0,0,26364,0,0,0,1,1,1,1,5600,11505,0
214315,Commander Mar'alith,,,,1,7,0,0,15315,0,0,0,0,1,1,1,20412,0,0
214316,Delaryn Summermoon,,,,1,7,0,0,89364,0,0,0,1,1,1,1,0,0,0
214320,Delas Moonfang,,,,0,7,0,0,71930,0,0,0,1,1,1,1,128366,0,0
214321,Drelanim Whisperwind,,,,1,7,0,0,64441,0,0,0,1,1,1,1,97129,97129,0
214322,Kery'nael Thorngale,,,,0,7,0,0,114060,0,0,0,1,1,1,1,0,0,0
214323,Solarys Thorngale,,,,0,7,0,0,114045,0,0,0,1,1,1,1,0,0,0
214325,Grimclaw,,,,0,1,4,0,913,0,0,0,1,1,1,1,0,0,0
214326,Commander Jarod Shadowsong,,,,1,7,0,0,63961,0,0,0,1,1,1,1,108924,0,0
214328,Koda Steelclaw,,Archdruid of the Claw,,0,7,0,0,63641,0,0,0,1,1,1,1,0,0,0
214329,Lea Stonepaw,,,,1,7,0,0,68584,0,0,0,1,1,1,1,12322,0,0
214330,Lyessa Bloomwatcher,,,,1,7,0,0,105957,0,0,0,1,1,1,1,0,0,0
214331,Lysander Starshade,,,,1,7,0,0,113467,0,0,0,0,1,1,1,94844,0,0
214332,Maiev Shadowsong,,,,1,7,0,0,89313,0,0,0,1,1,1,1,0,0,0
214333,Marin Bladewing,,,,1,7,0,0,64432,0,0,0,1,1,1,1,127986,128321,0
214335,Mirana Starlight,,,,1,7,0,0,64443,0,0,0,1,1,1,1,128528,128529,0
214336,Archmage Mordent Evenshade,,,,1,7,0,0,30120,0,0,0,1,1,1,1,0,0,0
214337,Myara Nightsong,,,,1,7,0,0,113049,0,0,0,1,1,1,1,165356,0,0
214340,Raene Wolfrunner,,,,0,7,0,0,113050,0,0,0,1,1,1,1,165202,0,13147
214344,Sentinel Cordressa Briarbow,,,,0,7,0,0,113051,0,0,0,1,1,1,1,0,0,0
214345,Shandris Feathermoon,,,,1,7,0,0,112715,0,0,0,1,1,1,1,0,0,0
214346,Skylord Omnuron,,,,1,7,0,0,113054,0,0,0,1,1,1,1,194897,0,0
214347,Thisalee Crow,,,,0,7,0,0,32254,0,0,0,1,1,1,1,56004,0,0
214349,Tyrande Whisperwind,,,,1,7,0,0,108637,0,0,0,1,1,1,1,0,0,0
214351,Go Here,,,,0,10,0,3,22903,115990,0,0,0,1,1,1,0,0,0
214355,Anduin Wrynn,,,,1,7,0,0,115995,0,0,0,1,1,1,1,224743,0,0
214362,Anduin Wrynn,,,,1,7,0,0,115995,0,0,0,1,1,1,1,224743,0,0
214367,Faerin Lothar,,Lamplighter,,1,7,0,0,115280,0,0,0,1,1,1,1,220159,0,0
214371,General Steelstrike,,,,1,7,0,0,115282,0,0,0,1,1,1,1,218268,0,0
214376,General Steelstrike,,,,1,7,0,0,115282,0,0,0,1,1,1,1,218268,0,0
214377,Anduin Wrynn,,,,1,7,0,0,115995,0,0,0,1,1,1,1,224743,0,0
214378,Faerin,,Lamplighter,,1,7,0,0,115280,0,0,0,1,1,1,1,220159,0,0
214402,Alleria Windrunner,,,,1,7,0,0,118072,0,0,0,1,1,1,1,0,0,219442
214418,Aelric Leid,,Aide de Camp,,1,7,0,0,115283,0,0,0,1,1,1,1,21573,21572,0
214449,Kirin Tor Mage,,,,0,7,0,0,58289,0,0,0,1,1,1,1,0,0,0
214537,Air Bubbles,,,,0,10,0,3,66432,116096,0,0,0,1,1,1,0,0,0
214540,Mia Greymane,,Queen of Gilneas,,1,7,0,0,116099,0,0,0,1,1,1,1,0,0,0
214596,Ashendir Hartwood,,Prophet of the Flame,,1,7,0,0,116102,0,0,0,1,1,1,1,0,0,0
214616,Corrupted Memory of Turalyon,,,,1,7,0,0,78867,0,0,0,1,1,1,1,150577,0,0
214700,Void Aspirant,,,,0,7,0,0,82548,0,0,0,1,1,1,1,0,0,0
214779,Sentinel of the New Moon,,,,0,7,0,0,113020,113023,0,0,1,1,1,1,144320,144321,0
214851,Ebyssian,,,,1,2,0,0,114680,116649,116233,0,0,1,0,1,0,0,0
214856,Sabellian,,,,1,2,0,0,104559,104558,107125,0,1,0,0,1,0,0,0
214857,Merithra,,,,1,2,0,0,113795,116647,116235,0,0,1,0,1,0,0,0
214859,Wrathion,,,,1,2,0,0,107146,107945,107055,0,1,0,0,1,0,0,0
214908,Alleria Windrunner,,,,1,7,0,0,118072,0,0,0,1,1,1,1,0,0,151781
214916,Merrix,,Councilward,,1,7,0,0,116815,0,0,0,1,1,1,1,0,0,0
214919,Thrall,,,,1,7,0,0,115495,0,0,0,1,1,1,1,204482,0,0
214936,Alexstrasza the Life-Binder,,Queen of the Dragons,,1,2,0,0,92146,107052,114433,0,0,0,1,1,0,0,0
214941,Kaheti Overseer,,,,0,7,0,0,115750,0,0,0,1,1,1,1,0,0,0
214975,Vyranoth,,The Frozenheart,,1,2,0,0,113256,0,0,0,1,1,1,1,0,0,0
214976,Merithra,,The Dreamer,,1,2,0,0,113156,114434,114432,0,0,0,1,1,0,0,0
214977,Ebyssian,,,,1,2,0,0,114578,0,0,0,1,1,1,1,0,0,0
214978,Kalecgos,,,,1,2,0,0,105921,114576,0,0,0,1,1,1,0,0,0
214980,Nozdormu,,,,1,2,0,0,105959,114575,0,0,0,1,1,1,0,0,0
214981,Wrathion,,,,1,2,0,0,107146,107945,107055,0,1,0,0,1,0,0,0
214983,Sabellian,,,,1,2,0,0,104559,104558,107125,0,1,0,0,1,0,0,0
214995,Olbarig,,,,0,7,0,0,117175,0,0,0,1,1,1,1,211255,0,0
215015,Ash'alah,,,,1,1,0,0,89156,0,0,0,1,1,1,1,0,0,0
215039,Rooktender Lufsela,,,,0,7,0,0,114678,0,0,0,1,1,1,1,0,0,0
215113,Orweyna,,,,0,7,0,0,117116,0,0,0,1,1,1,1,224812,224812,0
215244,Orc Invader,,,,0,10,0,0,116317,116318,116319,116320,1,1,1,1,104820,104820,0
215256,[DNT] Invisible Bunny - Rotation Vehicle,,,,0,10,0,0,15435,74,0,0,1,0,1,1,0,0,0
215277,Adelgonn,,Stoneward,,1,7,0,0,117127,0,0,0,1,1,1,1,110039,0,0
215330,Injured Traveler,,,,0,7,0,0,119608,119609,119606,119607,1,1,1,1,0,0,0
215332,Azuremyst Anchorite,,,,0,7,0,0,116596,116592,0,0,1,1,1,1,0,0,0
215446,Alleria Windrunner,,,,1,7,0,0,118072,0,0,0,1,1,1,1,0,0,219442
215447,Anduin Wrynn,,,,1,7,0,0,115995,0,0,0,1,1,1,1,224743,0,0
215533,Greyguard Elite,,,,1,7,0,0,116367,116369,116370,116371,1,1,1,1,109637,109631,0
215534,7th Legion Scout,,,,0,7,0,0,88837,89352,88881,89353,1,1,1,1,109637,0,37249
215535,7th Legion Infantry,,,,0,7,0,0,93139,93140,93141,93142,1,1,1,1,109637,177138,0
215536,7th Legion Sharpshooter,,,,0,7,0,0,90217,90218,90219,90220,1,1,1,1,0,0,162888
215537,7th Legion Battlemage,,,,0,7,0,0,83324,83323,85746,85747,2,1,1,1,138766,0,0
215565,Lovely Duckling,,,,0,12,0,0,116389,0,0,0,1,1,1,1,0,0,0
215587,Genn Greymane,,King of Gilneas,,1,7,0,0,62093,31177,0,0,1,0,1,1,0,0,0
215589,Invisible Bunny,,,,0,10,0,0,81209,27823,0,0,0,1,1,1,0,0,0
215609,Invisible Bunny,,,,0,10,0,0,81209,27823,0,0,0,1,1,1,0,0,0
215631,Felspreader [DNT],,,,0,10,0,3,1064,11686,0,0,0,1,1,1,0,0,0
215634,Prophet Velen,,,,1,7,0,0,17822,0,0,0,1,1,1,1,0,0,0
215635,Arzaal,,,,1,7,0,0,113706,0,0,0,1,1,1,1,208225,0,0
215636,Chieftain Hatuun,,,,1,7,0,0,75273,0,0,0,1,1,1,1,73363,0,0
215656,Shadow Bomb,,,,0,10,0,3,116416,0,0,0,1,1,1,1,0,0,0
215666,Velhanite Citizen,,,,0,7,0,0,115013,115014,117752,0,1,1,1,1,0,0,0
215667,Velhanite Citizen,,,,0,7,0,0,115011,115012,117751,0,1,1,1,1,0,0,0
215669,High Speaker Eirich,,,,0,7,0,0,115622,0,0,0,1,1,1,1,0,0,0
215681,Generic Bunny,,,,0,10,0,3,22903,11686,0,0,0,1,1,1,0,0,0
215693,Archmage Khadgar,,,,1,8,0,3,32546,0,0,0,1,1,1,1,0,0,0
215694,Kalecgos,,,,1,2,0,0,75614,0,0,0,1,1,1,1,0,0,0
215695,Archmage Khadgar,,,,1,7,0,0,107041,0,0,0,1,1,1,1,23998,0,0
215699,Kai'shae,,,,0,7,0,0,118187,0,0,0,1,1,1,1,205896,0,0
215718,Petey,,,,0,12,0,0,86021,0,0,0,1,1,1,1,0,0,0
215724,Ney'leia,,,,0,7,0,0,117243,0,0,0,1,1,1,1,210678,0,0
215797,Image of Lukou,,,,1,7,0,0,115885,0,0,0,1,1,1,1,0,0,0
215804,Faerin,,Lamplighter,,0,7,0,0,115280,0,0,0,1,1,1,1,220159,0,0
215821,Moira Thaurissan,,Queen of the Dark Iron,,0,7,0,0,120588,0,0,0,1,1,1,1,0,0,0
215822,Berrund the Gleaming,,,,0,7,0,0,116426,0,0,0,1,1,1,1,0,0,0
215840,Anduin,,,,1,7,0,0,115995,0,0,0,1,1,1,1,224743,0,0
215892,Grand Artificer Romuul,,,,0,7,0,0,116494,0,0,0,1,1,1,1,0,0,0
215956,Taerry Bilgestone,,,,0,7,0,0,118140,0,0,0,1,1,1,1,161445,0,0
216023,Witch Doctor Tzadah,,Avatar of Mueh'zala,,0,7,0,3,114020,0,0,0,100,1,1,1,12322,0,0
216024,Rokhan,,Darkspear Chieftain,,1,7,0,3,118641,0,0,0,1,1,1,1,29433,0,0
216026,Kevo ya Siti,,Loa of Cunning,,1,7,0,0,113967,0,0,0,0,1,1,1,0,0,0
216027,Lukou,,Loa of Regeneration,,1,7,0,0,114061,0,0,0,0,1,1,1,0,0,0
216067,Shandris Feathermoon,,,,1,7,0,0,116646,0,0,0,1,1,1,1,0,0,0
216068,Tyrande Whisperwind,,,,1,7,0,0,101941,0,0,0,1,1,1,1,0,0,0
216069,Malfurion Stormrage,,,,1,7,0,0,88958,0,0,0,1,1,1,1,0,0,0
216081,Dogmatic Machine Speaker,,Disciple of Eirich,,0,7,0,0,117834,117833,117832,117791,1,1,1,1,0,0,0
216082,Dogmatic Soot-Seer,,Disciple of Eirich,,0,7,0,0,117843,117844,117846,117845,1,1,1,1,0,0,0
216089,Krokul Visitor,,,,0,7,0,0,75171,75153,75159,75175,1,1,1,1,107134,0,0
216090,Tamed Marsuul,,,,0,1,0,0,75475,75474,75473,116530,1,1,1,1,0,0,0
216091,Tabaanu,,Marsuul Hoarder,,0,7,0,0,75266,0,0,0,1,1,1,1,0,0,0
216095,Draenei Child,,,,0,7,0,0,57849,57850,0,0,1,1,1,1,0,0,0
216096,Ironstrider Construct,,,,0,9,0,0,117970,0,0,0,1,1,1,1,0,0,0
216097,Off-Duty Vindicator,,,,0,7,0,0,116531,116532,116533,116534,1,1,1,1,0,0,0
216101,Kill Target,,,,0,7,0,0,114786,0,0,0,0,1,1,1,0,0,0
216102,Monstrous Skardyn,,,,0,7,0,0,114947,0,0,0,0,1,1,1,0,0,0
216113,Moira Thaurissan,,Queen of the Dark Iron,,0,7,0,0,120588,0,0,0,1,1,1,1,0,0,0
216115,Master Mathias Shaw,,Leader of SI:7,,1,7,0,0,72253,0,0,0,1,1,1,1,0,0,0
216116,Genn Greymane,,King of Gilneas,,1,7,0,0,62093,31177,0,0,1,0,1,1,0,0,0
216147,Anduin Wrynn,,,,1,7,0,0,115995,0,0,0,1,1,1,1,224743,0,0
216148,Alleria Windrunner,,,,1,7,0,0,118072,0,0,0,1,1,1,1,0,0,219442
216158,Alleria Windrunner,,,,1,7,0,0,78869,0,0,0,1,1,1,1,0,0,151781
216159,Locus-Walker,,,,0,7,0,0,78749,0,0,0,1,1,1,1,0,0,0
216167,Thrall,,,,1,7,0,0,115495,0,0,0,1,1,1,1,204482,0,0
216168,Lady Jaina Proudmoore,,,,1,7,0,0,88316,0,0,0,1,1,1,1,153575,0,0
216176,Arathi Farmer,,,,6,7,0,0,115013,115014,115011,115012,1,1,1,1,3346,0,0
216178,Arathi Farmer,,,,6,7,0,0,115011,115012,115013,115014,1,1,1,1,3346,0,0
216179,Sarge,,,,0,12,0,0,116543,0,0,0,1,1,1,1,0,0,0
216181,Draenei Spirit,,,,0,7,0,3,116545,0,0,0,1,1,1,1,0,0,0
216188,Arathi Stalwart,,,,0,7,0,0,115035,115036,115037,115038,1,1,1,1,214436,0,0
216189,Arathi Bulwark,,,,0,7,0,0,115031,115032,115033,115034,1,1,1,1,220487,0,0
216207,Lady Jaina Proudmoore,,,,1,7,0,0,87892,0,0,0,1,1,1,1,153575,0,0
216208,Archmage Khadgar,,,,1,7,0,0,65834,0,0,0,1,1,1,1,28067,0,0
216213,Spindle,,,,0,7,0,0,121053,0,0,0,1,1,1,1,0,0,0
216252,Scalecommander Azurathel,,Obsidian Warders,,1,7,0,0,102032,0,0,0,1,1,1,1,0,0,0
216253,Scalecommander Cindrethresh,,Dark Talons,,1,7,0,0,102033,0,0,0,1,1,1,1,0,0,0
216255,Scalecommander Emberthal,,,,1,7,0,0,102031,0,0,0,1,1,1,1,0,0,0
216296,Coalplume,,,,0,1,0,0,92422,0,0,0,1,1,1,1,0,0,0
216297,Gryphon,,,,0,1,0,0,17717,0,0,0,1,1,1,1,0,0,0
216299,Swarming Flyer,,,,6,1,296,3,114509,114510,114511,114512,1,1,1,1,0,0,0
216306,Deepwater Kobyss,,,,0,7,0,0,115413,115424,115417,115428,1,1,1,1,176543,0,0
216307,Arathi Fisher,,,,6,7,0,0,115012,0,0,0,1,1,1,1,0,0,0
216345,Nelle,,,,0,12,0,0,116571,0,0,0,1,1,1,1,0,0,0
216348,Meraas,,,,0,3,0,0,116572,0,0,0,1,1,1,1,190874,212697,0
216373,Algari Flask Cauldron |A:Professions-Icon-Quality-Tier1-Small:20:20|a,,,,0,10,0,0,116579,0,0,0,1,1,1,1,0,0,0
216374,Algari Flask Cauldron |A:Professions-Icon-Quality-Tier2-Small:20:20|a,,,,0,10,0,0,116579,0,0,0,1,1,1,1,0,0,0
216375,Algari Flask Cauldron |A:Professions-Icon-Quality-Tier3-Small:20:20|a,,,,0,10,0,0,116579,0,0,0,1,1,1,1,0,0,0
216377,Krokul Ridgestalker,,,,0,7,0,0,75142,74923,75146,75182,1,1,1,1,190833,0,0
216379,Buggsy,,,,0,12,0,0,116580,0,0,0,1,1,1,1,0,0,0
216382,Latanu the Pale,,,,0,7,0,0,116583,0,0,0,1,1,1,1,206484,0,0
216389,Aronen,,,,0,7,0,0,116587,0,0,0,1,1,1,1,124033,0,0
216390,Deiza Plaguehorn,,,,0,7,0,0,45206,0,0,0,1,1,1,1,0,0,0
216391,Vaelen the Flayed,,,,0,7,0,0,26854,0,0,0,1,1,1,1,42477,0,0
216392,Setaal Darkmender,,,,0,7,0,0,26217,0,0,0,1,1,1,1,34307,0,0
216396,Devout Vindicator,,,,0,7,0,0,116601,116602,116603,116604,1,1,1,1,28800,0,0
216398,Pious Anchorite,,,,0,7,0,0,116591,116592,116593,116594,1,1,1,1,119409,0,0
216418,Val'zuun,,,,0,3,0,3,119653,0,0,0,1,1,1,1,190078,0,0
216421,Tamed Panthara,,,,0,1,0,0,76590,76591,0,0,1,1,1,1,0,0,0
216426,High Chief Stillpine,,,,0,7,0,0,101446,0,0,0,1,1,1,1,13705,0,0
216427,Stillpine the Younger,,,,0,7,0,0,106893,0,0,0,1,1,1,1,0,0,0
216428,Exarch Menelaous,,,,0,7,0,0,119568,0,0,0,1,1,1,1,153297,0,0
216430,Rangari Tracker,,,,0,7,0,0,116627,116629,116630,116628,1,1,1,1,0,0,126751
216433,Assistant Artificer,,,,0,7,0,0,116665,116666,116667,116668,1,1,1,1,0,0,59698
216455,Beetriz,,,,0,12,0,0,116643,0,0,0,1,1,1,1,0,0,0
216466,Unbound Fighter,,,,0,7,0,0,118537,118538,118539,118540,1,1,1,1,155788,0,0
216467,Unbound Stormrider,,,,0,7,0,0,114749,114751,114752,114753,1,1,1,1,155788,0,0
216468,Horde Wolfaxe,,,,0,7,0,0,91670,91671,91672,91673,1,1,1,1,165264,165264,0
216479,Magni Bronzebeard,,The Speaker,,1,7,0,0,117842,0,0,0,1,1,1,1,0,161683,0
216480,Dagran Thaurissan II,,,,1,7,0,0,119519,0,0,0,1,1,1,1,0,0,0
216517,Anduin Wrynn,,,,1,7,0,0,115995,0,0,0,1,1,1,1,224743,0,0
216518,Alleria Windrunner,,,,1,7,0,0,118072,0,0,0,1,1,1,1,0,0,219442
216523,G.E.A.R Pilot,,,,0,7,0,0,116659,116660,116661,116662,1,1,1,1,0,0,0
216524,G.E.A.R Bomber,,,,0,9,0,0,91118,0,0,0,1,1,1,1,0,0,0
216546,Kra'jhendo,,,,1,1,3,0,117117,0,0,0,1,1,1,1,0,0,0
216552,Horde Wolfaxe,,,,0,7,0,0,91670,91671,91672,91673,1,1,1,1,165264,165264,0
216553,[DNT] Invisible Bunny - Rocket Vehicle,,,,0,10,0,0,15435,116148,0,0,0,1,1,1,0,0,0
216559,Wave of Darkness,,,,0,10,0,3,22903,11686,0,0,0,1,1,1,0,0,0
216569,Algari Potion Cauldron |A:Professions-Icon-Quality-Tier1-Small:20:20|a,,,,0,10,0,0,119569,0,0,0,1,1,1,1,0,0,0
216570,Algari Potion Cauldron |A:Professions-Icon-Quality-Tier2-Small:20:20|a,,,,0,10,0,0,119569,0,0,0,1,1,1,1,0,0,0
216571,Algari Potion Cauldron |A:Professions-Icon-Quality-Tier3-Small:20:20|a,,,,0,10,0,0,119569,0,0,0,1,1,1,1,0,0,0
216601,Stormwind Knight,,,,0,7,0,0,92858,92859,92860,92861,1,1,1,1,109638,7188,0
216605,Swarming Threadling,,,,0,1,3,0,116084,0,0,0,1,1,1,1,0,0,0
216609,Swift Stormrook,,,,1,4,0,3,121714,0,0,0,1,1,1,1,0,0,0
216610,"Generic Bunny - LWB (Infinite AOI, Client Local)",,,,0,10,0,3,22903,11686,0,0,0,1,1,1,0,0,0
216611,Health Bunny [DNT],,,,0,10,0,3,22903,11686,0,0,0,1,1,1,0,0,0
216613,Corpse Marker,,,,0,10,0,3,22903,11686,0,0,0,1,1,1,0,0,0
216628,Baelgrim,,Stormward,,1,7,0,0,114472,0,0,0,1,1,1,1,211256,0,0
216629,Client Scene Squib,,,,0,10,0,3,11686,0,0,0,1,1,1,1,0,0,0
216635,Dwarven Sharpshooter,,,,0,7,0,0,92894,92895,92896,92897,1,1,1,1,0,0,159498
216636,Druid of the Claw,,,,0,7,0,0,29405,29406,29407,29408,1,1,1,1,0,0,0
216637,Gilnean Scrapper,,,,0,7,0,0,89580,89581,89582,89583,1,1,1,1,0,0,0
216639,Master Tidesage,,,,0,7,0,0,108502,108503,108504,108505,1,1,1,1,155794,0,0
216682,Shandris Feathermoon,,General of the Sentinel Army,,1,7,0,0,116646,0,0,0,1,1,1,1,0,0,0
216832,Lightforged Vindicator,,,,0,7,0,0,82300,82301,82302,82303,1,1,1,1,137262,0,0
216835,Rift Voidsinger,,,,0,7,0,0,86740,86741,86706,86704,1,1,1,1,111743,0,0
216840,Suramar Chronomancer,,,,0,7,0,0,66275,66276,66588,66591,1,1,1,1,132170,0,0
216855,Suspicious Coal Pile,,,,0,10,0,3,116767,0,0,0,1,1,1,1,0,0,0
216866,Generic Bunny,,,,0,10,0,3,22903,11686,0,0,0,1,1,1,0,0,0
216930,Reese,,,,0,12,0,0,116799,0,0,0,1,1,1,1,0,0,0
216933,Hap'he,,,,0,12,0,0,116800,0,0,0,1,1,1,1,0,0,0
216949,Scalecommander Cindrethresh,,Dark Talons,,0,7,0,0,102033,107101,0,0,1,0,1,1,0,0,0
216951,Kalecgos,,,,1,2,0,0,75614,23487,0,0,1,0,1,1,197918,197919,0
216967,Scalecommander Cindrethresh,,Dark Talons,,0,7,0,0,107101,0,0,0,1,1,1,1,0,0,0
217026,Invisible Bunny,,,,0,10,0,0,94282,0,0,0,1,1,1,1,0,0,0
217032,Bel'ameth Huntress,,,,1,7,0,0,114501,114502,114503,114504,1,1,1,1,0,0,0
217033,Amirdrassil Settler,,,,0,7,0,0,116947,116921,116922,116923,1,1,1,1,0,0,0
217045,Aessa Silverdew,,Jewelcrafting Trainer,,0,7,0,0,38001,0,0,0,1,1,1,1,0,0,0
217046,Sentinel of the New Moon,,,,0,7,0,0,113020,113023,0,0,1,1,1,1,144320,144321,0
217116,Genn Greymane,,King of Gilneas,,1,7,0,0,62093,31177,0,0,1,0,1,1,0,0,0
217117,Princess Tess Greymane,,,,1,7,0,0,116131,0,0,0,1,1,1,1,108981,108981,155772
217149,Targeting Bunny,,,,0,10,0,0,22903,11686,0,0,0,1,1,1,0,0,0
217165,Calia Menethil,,The Pallid Lady,,1,7,0,0,92900,0,0,0,1,1,1,1,0,0,0
217171,Greyguard Elite,,,,1,7,0,0,116367,116369,116370,116371,1,1,1,1,109637,109631,0
217172,7th Legion Infantry,,,,0,7,0,0,93139,93140,93141,93142,1,1,1,1,109637,177138,0
217173,Commander Lorna Crowley,,,,0,7,0,0,34520,0,0,0,1,1,1,1,3364,52525,110179
217174,Priestess of the Moon,,,,0,7,0,0,114228,114229,114231,114232,1,1,1,1,0,0,178402
217175,Lord Darius Crowley,,,,0,7,0,0,34161,29694,0,0,1,0,1,1,54877,54878,0
217176,Vassandra Stormclaw,,,,1,7,0,0,30813,0,0,0,1,1,1,1,0,0,0
217177,Tobias Mistmantle,,,,0,7,0,0,33508,0,0,0,0,1,1,1,0,0,0
217180,Grandma Wahl,,,,0,7,0,0,30288,0,0,0,1,1,1,1,0,0,0
217181,Celestine of the Harvest,,,,0,7,0,0,33840,0,0,0,1,1,1,1,0,0,0
217182,Belysra Starbreeze,,Priestess of the Moon,,0,7,0,0,113045,0,0,0,1,1,1,1,0,0,0
217205,Targeting Bunny,,,,0,10,0,0,22903,11686,0,0,0,1,1,1,0,0,0
217209,Xishirra,,The Monster of Xesh,,1,1,3,2,117257,0,0,0,1,1,1,1,0,0,0
217229,Zandalari Prelate,,,,0,7,0,0,83392,83393,0,0,1,1,1,1,153585,0,0
217231,Arachno-Pummeler Mk. I,,,,0,9,0,0,93456,0,0,0,1,1,1,1,0,0,0
217234,Tauren Plainswalker,,,,0,7,0,0,91041,91039,82731,82733,1,1,1,1,204084,0,0
217236,Forsaken Warlock,,,,0,7,0,0,72563,72564,0,0,1,1,1,1,0,0,0
217282,Alleria Windrunner,,,,1,7,0,0,118072,0,0,0,1,1,1,1,0,0,219442
217306,Nerubian Swarmer,,,,6,1,3,3,114509,114510,114511,114512,1,1,1,1,0,0,0
217310,Nerubian Frontliner,,,,0,7,0,0,114536,114538,116467,114532,1,1,1,1,214501,0,0
217311,Nerubian Fighter,,,,0,7,0,0,116348,116460,115757,115756,1,1,1,1,221768,0,0
217313,Crypt Lord,,,,1,7,0,0,115730,115732,115731,114770,1,1,1,1,0,0,0
217347,Veteran Blood Knight,,,,0,7,0,0,87571,87572,87573,87574,1,1,1,1,191604,0,0
217361,Health Bunny,,,,0,7,0,0,114536,114538,116467,114532,1,1,1,1,214501,0,0
217385,Alleria Windrunner,,,,1,7,0,0,118072,0,0,0,1,1,1,1,0,0,219442
217386,Anduin Wrynn,,,,1,7,0,0,115995,0,0,0,1,1,1,1,0,0,0
217388,Cinderhoney,,,,0,10,0,0,122288,0,0,0,1,1,1,1,0,0,0
217389,Boiling Cinderbrew,,,,0,10,0,0,122289,0,0,0,1,1,1,1,0,0,0
217390,Flaming Pollen,,,,0,10,0,0,117083,0,0,0,1,1,1,1,0,0,0
217429,Overfiend,,,,0,3,0,0,70623,0,0,0,0,1,1,1,203860,0,0
217462,Swift Stormrook,,,,1,4,0,3,114500,0,0,0,1,1,1,1,0,0,0
217463,Enraged Colossus,,,,1,7,0,0,115010,0,0,0,1,1,1,1,0,0,0
217486,Auric Sunchaser,,,,1,7,0,0,117107,0,0,0,1,1,1,1,0,0,210960
217492,Shining Warframe,,,,0,9,0,0,75584,0,0,0,1,1,1,1,0,0,0
217493,Exodar Vigilant,,,,0,9,0,0,52953,0,0,0,1,1,1,1,114823,114824,0
217529,Stormwind Knight,,,,0,7,0,0,92858,92859,92860,92861,1,1,1,1,109638,7188,0
217530,Hoplet,,,,0,12,0,0,117118,0,0,0,1,1,1,1,0,0,0
217552,Machine Speaker Mech,,,,0,9,0,0,116915,0,0,0,1,1,1,1,0,0,0
217554,Hallowfall Lightblade,,,,0,7,0,0,115031,115032,115033,115034,1,1,1,1,155687,0,0
217569,Danath Trollbane,,,,1,7,0,0,119046,0,0,0,1,1,1,1,125319,13814,0
217640,Albert,,,,0,7,0,0,117165,0,0,0,1,1,1,1,0,0,0
217792,Zarein,,,,1,4,0,3,114474,0,0,0,1,1,1,1,0,0,0
217793,Cloud Gryphon,,,,0,4,0,3,118319,0,0,0,1,1,1,1,0,0,0
217811,Jani,,Loa of Scavengers,,1,10,0,0,79821,0,0,0,1,1,1,1,0,0,0
217825,Magni Bronzebeard,,,,1,7,0,0,120317,0,0,0,1,1,1,1,0,0,0
217838,Kal Smoulderbrow,,,,1,7,0,0,116918,0,0,0,1,1,1,1,220459,0,0
217840,Bwonsamdi,,Loa of Death,,1,7,0,2,75961,0,0,0,100,1,1,1,154134,0,0
217843,Master Gadrin,,,,0,7,0,0,116153,0,0,0,1,1,1,1,0,0,0
217860,Generic Bunny,,,,0,10,0,3,22903,11686,0,0,0,1,1,1,0,0,0
217880,Merrix,,Councilward,,1,7,0,0,116815,0,0,0,1,1,1,1,0,0,0
217885,Magni Bronzebeard,,The Speaker,,1,7,0,0,117842,0,0,0,1,1,1,1,0,161683,0
217886,Anduin Wrynn,,,,1,7,0,0,115995,0,0,0,1,1,1,1,224743,0,0
217913,Ballista,,,,0,10,0,3,117239,11686,0,0,0,1,1,1,0,0,0
217947,Ballista,,,,0,10,0,3,117239,0,0,0,1,1,1,1,0,0,0
217958,On'hiea,,,,0,7,0,0,117247,0,0,0,1,1,1,1,208389,0,0
217974,Targeting Bunny,,,,0,10,0,0,22903,11686,0,0,0,1,1,1,0,0,0
217975,Targeting Bunny,,,,0,10,0,0,22903,11686,0,0,0,1,1,1,0,0,0
217977,Targeting Bunny,,,,0,10,0,0,22903,11686,0,0,0,1,1,1,0,0,0
218017,G.E.A.R Bomber,,,,0,9,0,3,91118,0,0,0,1,1,1,1,0,0,0
218025,Targeting Bunny,,,,0,10,0,0,22903,11686,0,0,0,1,1,1,0,0,0
218040,Stormrider Gurnot,,,,0,7,0,0,117259,0,0,0,1,1,1,1,0,0,0
218041,Stormrider Adalar,,,,0,7,0,0,117258,0,0,0,1,1,1,1,0,0,0
218060,Fathom,,,,0,12,0,0,117265,0,0,0,1,1,1,1,0,0,0
218152,Web Crawler,,,,0,1,3,0,114553,114552,114551,0,1,1,1,1,0,0,0
218161,Swift Stormrook,,,,0,4,0,3,121708,0,0,0,1,1,1,1,0,0,0
218162,Oathsworn Coreguard,,,,0,7,0,0,118440,118439,118438,118437,1,1,1,1,192404,160699,0
218252,Magister Umbric,,,,0,7,0,0,117186,0,0,0,0,1,1,1,0,0,0
218253,Riftwalker Aderian,,,,0,7,0,0,117095,0,0,0,1,1,1,1,0,0,0
218255,Riftwalker Eiteiri,,,,0,7,0,0,117862,0,0,0,1,1,1,1,0,0,0
218256,Riftwalker Soran,,,,0,7,0,0,117852,0,0,0,1,1,1,1,0,0,0
218257,Riftwalker Tarrowyn,,,,0,7,0,0,117864,0,0,0,1,1,1,1,0,0,0
218258,Riftwalker Dellyn,,,,0,7,0,0,117854,0,0,0,1,1,1,1,0,0,0
218281,Archmage Khadgar,,,,1,7,0,0,65834,0,0,0,1,1,1,1,28067,0,0
218287,Lady Jaina Proudmoore,,,,1,7,0,0,87892,0,0,0,1,1,1,1,153575,0,0
218433,Infinite Ravager,,,,0,2,0,0,117221,0,0,0,1,1,1,1,192151,0,0
218438,Brann Bronzebeard,,,,0,7,0,0,115505,0,0,0,1,1,1,1,0,0,0
218542,Activated Harvestbot,,,,1,9,0,0,117512,0,0,0,1,1,1,1,0,0,0
218549,Brann Bronzebeard,,,,0,7,0,0,115505,0,0,0,1,1,1,1,0,0,0
218633,Arzaal,,,,1,7,0,0,113706,0,0,0,1,1,1,1,208225,0,0
218634,High Artificer Ataanya,,,,0,7,0,0,113606,0,0,0,1,1,1,1,0,0,0
218636,Chieftain Hatuun,,,,1,7,0,0,75273,0,0,0,1,1,1,1,73363,0,0
218637,Grand Artificer Romuul,,,,0,7,0,0,118672,0,0,0,1,1,1,1,182578,0,0
218639,Prophet Velen,,,,1,7,0,0,17822,0,0,0,1,1,1,1,0,0,0
218646,Bubbles,,,,0,12,0,0,118078,118079,0,0,1,1,1,1,0,0,0
218647,Glamrok,,,,0,12,0,0,118606,0,0,0,1,1,1,1,0,0,0
218745,Stormrider Kothilde,,,,0,7,0,0,116294,0,0,0,1,1,1,1,0,0,0
218859,Sky-Captain Elaena Lancekat,,Captain of the Dauntless,,0,7,0,0,119158,0,0,0,1,1,1,1,214436,0,0
218867,Dauntless Deckhand,,,,0,7,0,0,118273,0,0,0,1,1,1,1,214436,0,0
218939,Stormrider Kothilde,,,,0,7,0,0,116294,0,0,0,1,1,1,1,0,0,0
218940,Troumer,,,,0,4,0,0,117288,0,0,0,1,1,1,1,0,0,0
218977,Happy,,,,0,12,0,0,118654,0,0,0,0,1,1,1,0,0,0
219000,Ring,,,,0,10,0,3,21955,110503,0,0,0,1,1,1,0,0,0
219001,Target,,,,0,10,0,3,21955,23767,0,0,0,1,1,1,0,0,0
219041,Katy Stampwhistle,,The Postmaster's Assistant,,0,7,0,0,119000,0,0,0,1,1,1,1,0,0,0
219107,Devolved Skardyn,,,,0,7,0,0,118422,118423,118426,118425,1,1,1,1,0,0,0
219109,Orweyna,,,,0,7,0,0,117116,0,0,0,1,1,1,1,224812,224812,0
219134,Pokee,,,,0,12,0,0,117704,0,0,0,1,1,1,1,0,0,0
219161,Diabolic Imp,,,,6,3,0,0,117711,0,0,0,1,1,1,1,0,0,0
219172,Vacuous Ritualist,,,,1,7,0,0,114418,115745,115746,115747,1,1,1,1,0,0,0
219207,Ascended Neophyte,,,,1,7,0,0,114423,114422,114421,115755,1,1,1,1,0,0,0
219252,Alleria Windrunner,,,,1,7,0,0,118072,0,0,0,1,1,1,1,0,0,219442
219253,Anduin Wrynn,,,,1,7,0,0,115995,0,0,0,1,1,1,1,0,0,0
219345,Generic Invisible Actor,,,,0,10,0,0,328,27823,0,0,0,1,1,1,0,0,0
219440,High Speaker Eirich,,,,0,7,0,0,115622,0,0,0,1,1,1,1,0,0,0
219543,Devout Skitter Vassal,,,,6,7,0,0,116345,0,0,0,1,1,1,1,0,0,0
219582,Woven Ritualist,,,,1,7,0,0,114418,115745,115746,115747,1,1,1,1,0,0,0
219583,Defiled Ritualist,,,,1,7,0,0,114418,115745,115746,115747,1,1,1,1,0,0,0
219584,Screeching Terror,,,,1,1,296,3,114989,114988,114987,114986,1,1,1,1,0,0,0
219611,Winds of Dorn,,,,0,10,0,3,21955,23767,117849,0,0,0,1,1,0,0,0
219613,Kaheti Warshell,,,,0,7,0,0,114773,115731,115732,115730,1,1,1,1,0,0,0
219614,Web Priest,,,,0,7,0,0,114411,115749,115748,115750,1,1,1,1,0,0,0
219615,Unseen Blade,,,,1,7,0,0,114024,0,0,0,1,1,1,1,192818,192819,0
219616,Pale Priest,,,,1,7,0,0,114029,114026,115757,115756,1,1,1,1,214502,0,0
219617,Chitin Knight,,,,1,7,0,0,114468,114469,115761,115762,1,1,1,1,214503,0,0
219618,Sureki Ironweave,,,,1,7,0,0,116205,0,0,0,1,1,1,1,0,0,0
219620,Royal Weaver,,,,1,7,0,3,116192,0,0,0,1,1,1,1,0,0,0
219655,Drone Abductor,,,,0,7,0,3,112729,112727,112730,112728,1,1,1,1,0,0,0
219664,Rampaging Threadling,,,,0,1,3,0,116505,116084,116504,116503,1,1,1,1,0,0,0
219665,Queensguard An'Jak Shabtir,,,,0,7,0,0,119303,0,0,0,1,1,1,1,0,0,0
219678,Black Blood Egg Tender,,,,0,7,0,0,116160,116158,116157,0,1,1,1,1,0,0,0
219738,Poison Device,,,,0,10,0,3,94144,0,0,0,1,1,1,1,0,0,0
219879,Veteran Blood Knight,,,,0,7,0,0,87571,87572,87573,87574,1,1,1,1,191604,0,0
219898,Poison Device,,,,1,10,0,0,92243,0,0,0,1,1,1,1,0,0,0
219919,Night Elf Starcaller,,,,0,7,0,0,115799,115788,115798,115802,1,1,1,1,0,0,0
219942,Kirin Tor Defender,,,,0,7,0,0,48011,48009,47995,48010,1,1,1,1,0,0,0
219943,Winds of the Isles,,,,0,10,0,3,21955,23767,108324,0,0,0,1,1,0,0,0
220020,Toddy Whiskers,,Algari Expedition,,0,7,0,0,105170,0,0,0,1,1,1,1,194962,0,0
220028,Ballista,,,,0,10,0,3,117996,11686,0,0,0,1,1,1,0,0,0
220030,Ballista,,,,0,10,0,3,117996,0,0,0,1,1,1,1,0,0,0
220049,Frost Device,,,,0,10,0,0,92243,0,0,0,1,1,1,1,0,0,0
220061,Greatwing Macaw,,,,0,14,0,3,118002,0,0,0,1,1,1,1,0,0,0
220080,Frost Device,,,,0,10,0,0,92243,0,0,0,1,1,1,1,0,0,0
220212,Wall,,,,0,10,0,0,91401,0,0,0,1,1,1,1,0,0,0
220214,Attraction Pheromone,,,,0,10,0,0,112696,0,0,0,1,1,1,1,0,0,0
220215,Repulsion Pheromone,,,,0,10,0,0,112697,0,0,0,1,1,1,1,0,0,0
220216,Attack Pheromone,,,,0,10,0,0,112698,0,0,0,1,1,1,1,0,0,0
220217,Hunger Pheromone,,,,0,10,0,0,112699,0,0,0,1,1,1,1,0,0,0
220221,Nerubian Hatchling,,,,0,10,0,0,116437,0,0,0,1,1,1,1,0,0,0
220254,Rescued Citizen,,,,0,7,0,0,28151,68019,68020,68021,1,1,1,1,0,0,0
220356,Bog Beast,,,,1,10,0,3,22903,11686,0,0,0,1,1,1,0,0,0
220420,Remembered Riverpaw,,,,0,14,0,0,118088,0,0,0,1,1,1,1,1905,0,0
220440,Eternus,,,,1,2,0,0,112713,0,0,0,1,1,1,1,0,0,0
220445,Eternus,,,,1,2,0,0,106055,0,0,0,1,1,1,1,0,0,0
220536,Alleria Windrunner,,,,1,7,0,0,118072,0,0,0,1,1,1,1,0,0,219442
220555,Faerin Lothar,,,,1,7,0,0,115280,0,0,0,1,1,1,1,0,0,0
220556,Great Kyron,,Lamplighter,,1,7,0,0,115288,0,0,0,1,1,1,1,0,0,0
220557,Anduin Wrynn,,,,1,7,0,0,115995,0,0,0,1,1,1,1,224743,0,0
220558,Xal'atath,,,,1,15,0,0,117121,0,0,0,1,1,1,1,0,0,0
220559,Alleria Windrunner,,,,1,7,0,0,86013,0,0,0,1,1,1,1,0,0,219442
220571,Hallowfall Lightblade,,,,0,7,0,0,115031,115032,115033,115034,1,1,1,1,155687,0,0
220586,Queen Ansurek,,,,1,7,0,0,118230,0,0,0,1,1,1,1,0,0,0
220675,Remembered Construct,,,,0,12,0,0,118205,0,0,0,1,1,1,1,0,0,0
220680,Remembered Spawn,,,,0,12,0,3,118212,0,0,0,1,1,1,1,0,0,0
220770,Void Barrier,,,,0,10,0,0,118264,0,0,0,1,1,1,1,0,0,0
220796,Delver's Gob-Trotter,,,,0,2,0,0,122995,0,0,0,1,1,1,1,0,0,0
220802,Kurdran Wildhammer,,,,1,7,0,0,118377,0,0,0,1,1,1,1,219149,0,59023
220805,Danath Trollbane,,,,1,7,0,0,119046,0,0,0,1,1,1,1,125319,13814,0
220807,Overlord Geya'rah,,,,1,7,0,0,85555,0,0,0,1,1,1,1,118400,0,0
220832,Imperial Artillerist,,,,0,7,0,0,118271,118272,118273,118277,1,1,1,1,0,0,195425
220835,Dagran Thaurissan II,,,,1,7,0,0,119519,0,0,0,1,1,1,1,0,0,0
220848,Delve Key Credit,,,,0,10,0,3,22903,11686,0,0,0,1,1,1,0,0,0
220866,Horde Flag,,,,0,10,0,0,118342,0,0,0,1,1,1,1,0,0,0
220951,Hannan,,,,0,7,0,0,118149,0,0,0,1,1,1,1,0,0,0
220952,On'hiea,,,,0,7,0,0,117247,0,0,0,1,1,1,1,0,0,0
220954,Ney'leia,,,,0,7,0,0,117243,0,0,0,1,1,1,1,210678,0,0
220955,Kai'shae,,,,0,7,0,0,118187,0,0,0,1,1,1,1,205896,0,0
220957,Boost,,,,0,10,0,3,21955,23767,0,0,0,1,1,1,0,0,0
220970,Faerin Lothar,,,,0,7,0,0,117765,0,0,0,1,1,1,1,132171,0,0
221100,Faerin,,Lamplighter,,1,7,0,0,115280,0,0,0,1,1,1,1,220159,0,0
221193,Reckoning Deckhand,,,,0,7,0,0,118578,118579,118580,118581,1,1,1,1,0,0,0
221228,Friendly Joe,,,,0,7,0,0,33757,0,0,0,1,1,1,1,0,0,0
221379,Generic Bunny,,,,0,10,0,3,22903,11686,0,0,0,1,1,1,0,0,0
221386,Aspiring Farseer,,,,0,7,0,0,120101,120102,0,0,1,1,1,1,0,0,0
221387,Farseer Nobundo,,The Earthen Ring,,1,7,0,0,71623,0,0,0,1,1,1,1,1908,0,0
221418,Amaan the Wise,,,,0,7,0,0,118891,0,0,0,100,1,1,1,219521,0,0
221517,Mineral-Rich Cloud,,,,0,13,0,3,118681,0,0,0,1,1,1,1,0,0,0
221545,[DNT] Rare 08 Stalker,,,,0,10,0,0,47399,11686,0,0,0,1,1,1,0,0,0
221560,Electrical Disturbance,,,,6,10,0,3,107088,0,0,0,1,1,1,1,0,0,0
221650,Void Aspirant,,,,0,7,0,0,82403,0,0,0,1,1,1,1,0,0,0
221659,Coreway Repair Rig,,,,0,9,0,0,116915,0,0,0,1,1,1,1,0,0,0
221662,Chieftain Hatuun,,,,1,7,0,0,75273,0,0,0,1,1,1,1,73363,0,0
221808,Nambria,,The Earthen Ring,,0,7,0,0,30284,0,0,0,1,1,1,1,29694,0,0
221866,Anduin Wrynn,,,,1,7,0,0,115995,0,0,0,1,1,1,1,224743,0,0
221958,[DNT] Rare 15 Stalker,,,,0,10,0,0,47399,11686,0,0,0,1,1,1,0,0,0
222018,Invisible Target,,,,0,10,0,3,105131,0,0,0,1,1,1,1,0,0,0
222021,Candle,,,,0,10,0,0,118017,0,0,0,1,1,1,1,0,0,0
222046,Rak-Ush Threadling,,,,0,14,0,0,116508,0,0,0,1,1,1,1,0,0,0
222066,Arachnoid Hatchling,,,,0,14,0,0,116506,0,0,0,1,1,1,1,0,0,0
222067,Arachnoid Hatchling,,,,0,8,0,0,116506,0,0,0,1,1,1,1,0,0,0
222069,Illskitter,,,,0,12,0,0,116507,0,0,0,1,1,1,1,0,0,0
222070,Chitin Burrower,,,,0,8,0,0,116509,0,0,0,1,1,1,1,0,0,0
222071,Chitin Burrower,,,,0,14,0,0,116509,0,0,0,1,1,1,1,0,0,0
222077,Waddles,,,,0,14,0,0,114829,0,0,0,1,1,1,1,0,0,0
222078,Wriggle,,,,0,14,0,0,114831,0,0,0,1,1,1,1,0,0,0
222079,Skippy,,,,0,14,0,0,114833,0,0,0,1,1,1,1,0,0,0
222080,Redthroat Skipling,,,,0,14,0,0,114830,0,0,0,1,1,1,1,0,0,0
222081,Moss Skipper,,,,0,14,0,0,114832,0,0,0,1,1,1,1,0,0,0
222084,Faerin Lothar,,ALPHA ONLY,,1,7,0,0,115280,0,0,0,1,1,1,1,220159,0,0
222096,The Candle King,,,,1,7,0,0,114508,0,0,0,1,1,1,1,0,0,0
222113,Katy Stampwhistle,,,,0,7,0,0,119000,0,0,0,1,1,1,1,0,0,0
222127,Horde Grunt,,,,0,7,0,0,120336,119045,0,0,1,1,1,1,164588,0,0
222129,Horde Grunt,,,,0,7,0,0,120335,0,0,0,1,1,1,1,164588,0,0
222143,Gorgonna,,Warsong Clan,,1,7,0,0,118989,0,0,0,1,1,1,1,0,0,0
222175,Horde Emmissary,,,,0,7,0,0,119218,0,0,0,1,1,1,1,0,0,0
222179,Ballista,,,,0,7,0,0,117129,0,0,0,1,1,1,1,0,0,0
222194,Greenlands Chicken,,,,0,14,0,0,75340,0,0,0,1,1,1,1,0,0,0
222195,Arathi Chicken,,,,0,14,0,0,75339,0,0,0,1,1,1,1,0,0,0
222196,Greenlands Chicken,,,,0,8,0,0,75340,0,0,0,1,1,1,1,0,0,0
222197,Arathi Chicken,,,,0,8,0,0,75339,0,0,0,1,1,1,1,0,0,0
222200,Tiberius,,,,0,12,0,0,118865,0,0,0,1,1,1,1,0,0,0
222201,Vanilla,,,,0,12,0,0,116279,0,0,0,1,1,1,1,0,0,0
222202,Bean,,,,0,12,0,0,119876,0,0,0,1,1,1,1,0,0,0
222203,Thunder,,,,0,12,0,0,118864,0,0,0,1,1,1,1,0,0,0
222204,Argos,,,,0,12,0,0,118863,0,0,0,1,1,1,1,0,0,0
222298,Hallowed Glowfly,,,,0,12,0,3,119706,0,0,0,1,1,1,1,0,0,0
222318,Bop,,,,0,12,0,3,119745,0,0,0,1,1,1,1,0,0,0
222319,Oop'lajax,,,,0,14,0,0,119742,0,0,0,1,1,1,1,0,0,0
222320,Argent Scootlefish,,,,0,8,0,0,119742,0,0,0,1,1,1,1,0,0,0
222325,Aubergine Scootlefish,,,,0,14,0,0,119743,0,0,0,1,1,1,1,0,0,0
222326,Shadowbog Hopper,,,,0,12,0,0,119097,0,0,0,1,1,1,1,0,0,0
222327,Aubergine Scootlefish,,,,0,8,0,0,119743,0,0,0,1,1,1,1,0,0,0
222339,Spinner,,,,0,12,0,0,114050,0,0,0,1,1,1,1,0,0,0
222340,Anub'Rekyute,,,,0,12,0,0,114049,0,0,0,1,1,1,1,0,0,0
222341,Itchbite,,,,0,12,0,0,114052,0,0,0,1,1,1,1,0,0,0
222342,Webbers,,,,0,12,0,0,114051,0,0,0,1,1,1,1,0,0,0
222343,Verdant Scootlefish,,,,0,8,0,0,119744,0,0,0,1,1,1,1,0,0,0
222344,Verdant Scootlefish,,,,0,14,0,0,119744,0,0,0,1,1,1,1,0,0,0
222348,Caustic Oozeling,,,,0,14,0,0,116616,0,0,0,1,1,1,1,0,0,0
222349,Caustic Oozeling,,,,0,14,0,0,116616,0,0,0,1,1,1,1,0,0,0
222350,Shadowy Oozeling,,,,0,8,0,0,115715,0,0,0,1,1,1,1,0,0,0
222351,Shadowy Oozeling,,,,0,14,0,0,115715,0,0,0,1,1,1,1,0,0,0
222354,Voidling Ooze,,,,0,14,0,0,115716,0,0,0,1,1,1,1,0,0,0
222355,Voidling Ooze,,,,0,8,0,0,115716,0,0,0,1,1,1,1,0,0,0
222359,Writhing Transmutagen,,,,0,14,0,0,116615,0,0,0,1,1,1,1,0,0,0
222361,Sorrel Oozeling,,,,0,14,0,0,116615,0,0,0,1,1,1,1,0,0,0
222370,Xishirra Targeting [DNT],,,,0,10,0,0,73745,27823,0,0,0,1,1,1,0,0,0
222420,Frenzied Bloodtick,,,,0,14,0,0,82290,0,0,0,1,1,1,1,0,0,0
222421,Vile Bloodtick,,,,0,14,0,0,118403,0,0,0,1,1,1,1,0,0,0
222476,Kirin Tor Guardian,,,,1,7,0,0,68480,47997,47999,48000,2,2,3,1,43617,0,0
222492,Deviant Skardyn,,,,0,7,0,0,117972,117973,117974,117975,1,1,1,1,0,0,0
222499,Mossy Snail,,,,0,14,0,0,119170,0,0,0,1,1,1,1,0,0,0
222500,Mossy Snail,,,,0,14,0,0,119172,0,0,0,1,1,1,1,0,0,0
222501,Mossy Sea Snail,,,,0,14,0,0,119171,0,0,0,1,1,1,1,0,0,0
222503,Mossy Snail,,,,0,8,0,0,119172,0,0,0,1,1,1,1,0,0,0
222504,Mossy Sea Snail,,,,0,8,0,0,119171,0,0,0,1,1,1,1,0,0,0
222515,Nerubian Swarmer,,,,0,1,296,3,119191,0,0,0,1,1,1,1,0,0,0
222532,Bouncer,,,,0,12,0,0,119179,0,0,0,1,1,1,1,0,0,0
222535,Haywire Servobot,,,,0,14,0,0,119180,0,0,0,1,1,1,1,0,0,0
222557,Magni Bronzebeard,,The Speaker,,1,7,0,0,117842,0,0,0,1,1,1,1,0,161683,0
222558,Anduin Wrynn,,,,1,7,0,0,115995,0,0,0,1,1,1,1,224743,0,0
222574,Fuzzy,,,,0,12,0,0,119200,0,0,0,1,1,1,1,0,0,0
222575,Jump Jump,,,,0,12,0,0,119201,0,0,0,1,1,1,1,0,0,0
222576,Fringe,,,,0,12,0,0,119202,0,0,0,1,1,1,1,0,0,0
222577,Jumping Spider,,,,0,12,0,0,119202,0,0,0,1,1,1,1,0,0,0
222582,Ebon Ploughworm,,,,0,14,0,0,119696,0,0,0,1,1,1,1,0,0,0
222583,Lil' Bonechewer,,,,0,14,0,0,119695,0,0,0,1,1,1,1,0,0,0
222584,Common Ploughworm,,,,0,14,0,0,119694,0,0,0,1,1,1,1,0,0,0
222585,Kaheti Bull Worm,,,,0,14,0,0,119693,0,0,0,1,1,1,1,0,0,0
222586,Jawcrawler,,,,0,14,0,0,119695,0,0,0,1,1,1,1,0,0,0
222587,Common Ploughworm,,,,0,8,0,0,119694,0,0,0,1,1,1,1,0,0,0
222588,Sporbit,,,,0,14,0,0,115409,0,0,0,1,1,1,1,0,0,0
222589,Sporbit,,,,0,14,0,0,115408,0,0,0,1,1,1,1,0,0,0
222590,Violet Sporbit,,,,0,14,0,0,115407,0,0,0,1,1,1,1,0,0,0
222591,Sporbit,,,,0,14,0,0,115406,0,0,0,1,1,1,1,0,0,0
222592,Hemospore,,,,0,14,0,0,115405,115408,115403,0,1,10,100,1,0,0,0
222593,Emerald Sporbit,,,,0,14,0,0,115404,0,0,0,1,1,1,1,0,0,0
222594,Sporbit,,,,0,14,0,0,115403,0,0,0,1,1,1,1,0,0,0
222595,Sporbit,,,,0,14,0,0,115403,0,0,0,1,1,1,1,0,0,0
222596,Sporbit,,,,0,14,0,0,115404,0,0,0,1,1,1,1,0,0,0
222597,Sporbit,,,,0,14,0,0,115405,0,0,0,1,1,1,1,0,0,0
222598,Sporbit,,,,0,14,0,0,115406,0,0,0,1,1,1,1,0,0,0
222599,Sporbit,,,,0,14,0,0,115407,0,0,0,1,1,1,1,0,0,0
222600,Sporbit,,,,0,14,0,0,115408,0,0,0,1,1,1,1,0,0,0
222601,Sporbit,,,,0,14,0,0,115409,0,0,0,1,1,1,1,0,0,0
222606,Pillarnest Bonedrinker,,,,0,12,0,2,114511,0,0,0,1,1,1,1,0,0,0
222607,Venomwing,,,,0,14,0,2,114512,0,0,0,1,1,1,1,0,0,0
222608,Winged Arachnoid,,,,0,14,0,2,114509,0,0,0,1,1,1,1,0,0,0
222609,Sceaduthax,,,,0,14,0,2,114510,0,0,0,1,1,1,1,0,0,0
222613,Fallowspark Glowfly,,,,0,14,0,3,119703,0,0,0,1,1,1,1,0,0,0
222614,Azure Flickerfly,,,,0,14,0,3,119704,0,0,0,1,1,1,1,0,0,0
222615,Vibrant Glowfly,,,,0,14,0,3,119705,0,0,0,1,1,1,1,0,0,0
222644,Razorfang Saboteur,,,,6,1,296,3,118737,118738,118739,0,1,1,1,1,0,0,0
222657,Kevo ya Siti,,Loa of Cunning,,1,7,0,0,113967,0,0,0,0,1,1,1,0,0,0
222666,Kevo ya Siti,,Loa of Cunning,,1,7,0,0,113967,0,0,0,0,1,1,1,0,0,0
222711,Waxwick,,,,0,12,0,0,119225,0,0,0,1,1,1,1,0,0,0
222712,Magmashell Crawler,,,,0,8,0,0,104021,0,0,0,1,1,1,1,0,0,0
222713,Magmashell Crawler,,,,0,14,0,0,104021,0,0,0,1,1,1,1,0,0,0
222714,Burntram,,,,0,12,0,0,103840,0,0,0,1,1,1,1,0,0,0
222717,Fathom Incher,,,,0,12,0,0,114110,0,0,0,1,1,1,1,0,0,0
222730,Rampaging Threadling,,,,0,1,3,0,116505,116084,116504,116503,1,1,1,1,0,0,0
222736,Subterranean Dartswog,,,,0,14,0,0,81234,0,0,0,1,1,1,1,0,0,0
222737,Subterranean Dartswog,,,,0,8,0,0,81234,0,0,0,1,1,1,1,0,0,0
222738,Troglofrog,,,,0,8,0,0,103831,0,0,0,1,1,1,1,0,0,0
222739,Troglofrog,,,,0,14,0,0,103831,0,0,0,1,1,1,1,0,0,0
222742,Survey Tool,,,,0,10,0,0,119228,0,0,0,1,1,1,1,0,0,0
222744,Ebon Ploughworm,,,,0,8,0,0,119696,0,0,0,1,1,1,1,0,0,0
222745,Arathi Chicken,,,,0,8,0,0,75339,0,0,0,1,1,1,1,0,0,0
222746,Greenlands Chicken,,,,0,8,0,0,75340,0,0,0,1,1,1,1,0,0,0
222747,Mossy Snail,,,,0,8,0,0,119170,0,0,0,1,1,1,1,0,0,0
222749,Winged Arachnoid,,,,0,8,0,3,114509,0,0,0,1,1,1,1,0,0,0
222751,Azure Flickerfly,,,,0,8,0,3,119704,0,0,0,1,1,1,1,0,0,0
222752,Vibrant Glowfly,,,,0,8,0,3,119705,0,0,0,1,1,1,1,0,0,0
222754,Fallowspark Glowfly,,,,0,8,0,3,119703,0,0,0,1,1,1,1,0,0,0
222755,Vile Bloodtick,,,,0,8,0,0,118403,0,0,0,1,1,1,1,0,0,0
222757,Shalewing Devourer,,,,0,8,0,3,112188,0,0,0,1,1,1,1,0,0,0
222759,Ravenous Shalewing,,,,0,8,0,3,112187,0,0,0,1,1,1,1,0,0,0
222764,Starkstripe Hopper,,,,0,14,0,0,119233,0,0,0,1,1,1,1,0,0,0
222766,Seafoam Hopper,,,,0,14,0,0,119234,0,0,0,1,1,1,1,0,0,0
222767,Palelight Hopper,,,,0,14,0,0,119235,0,0,0,1,1,1,1,0,0,0
222769,Starkstripe Hopper,,,,0,8,0,0,119233,0,0,0,1,1,1,1,0,0,0
222770,Seafoam Hopper,,,,0,8,0,0,119234,0,0,0,1,1,1,1,0,0,0
222771,Palelight Hopper,,,,0,8,0,0,119235,0,0,0,1,1,1,1,0,0,0
222774,Fragrant Stonelamb,,,,0,14,0,0,119070,119076,119068,0,0.5,0.13,0.37,1,0,0,0
222775,Sandstone Mosswool,,,,0,14,0,0,119074,0,0,0,1,1,1,1,0,0,0
222776,Lil' Moss Rosy,,,,0,14,0,0,119076,0,0,0,1,1,1,1,0,0,0
222777,Cobalt Mosswool,,,,0,14,0,0,119068,0,0,0,1,1,1,1,0,0,0
222778,Shale Mosswool,,,,0,14,0,0,119066,0,0,0,1,1,1,1,0,0,0
222779,Loamy,,,,0,12,0,0,119072,0,0,0,1,1,1,1,0,0,0
222780,Fragrant Stonelamb,,,,0,8,0,0,119068,119070,119076,0,0.37,0.5,0.13,1,0,0,0
222781,Sandstone Mosswool,,,,0,8,0,0,119074,0,0,0,1,1,1,1,0,0,0
222782,Lil' Moss Rosy,,,,0,12,0,0,119076,0,0,0,1,1,1,1,0,0,0
222783,Cobalt Mosswool,,,,0,8,0,0,119068,0,0,0,1,1,1,1,0,0,0
222784,Shale Mosswool,,,,0,8,0,0,119066,0,0,0,1,1,1,1,0,0,0
222806,Elizabeth Ross,,Tabard Vendor,,0,7,0,0,25674,0,0,0,1,1,1,1,0,0,0
222819,Horde Grunt,,,,0,7,0,0,108463,0,0,0,1,1,1,1,164588,0,0
222823,Horde Grunt,,,,0,7,0,0,108464,0,0,0,1,1,1,1,164588,0,0
222825,Gorgonna,,Warsong Clan,,1,7,0,0,118989,0,0,0,1,1,1,1,0,0,0
222828,Wildhammer Skyfighter,,,,0,7,0,0,119048,0,0,0,1,1,1,1,220694,0,0
222829,Stromgarde Footman,,,,0,7,0,0,119057,0,0,0,1,1,1,1,0,0,0
222830,Bonegrim,,Importer/Exporter,,0,7,0,0,65477,0,0,0,1,1,1,1,0,0,0
222831,Nerubian Venomspitter,,,,0,7,0,0,117315,0,0,0,1,1,1,1,221769,0,0
222845,Generic Bunny,,,,0,10,0,0,22903,11686,0,0,0,1,1,1,0,0,0
222848,Warborn Crusher,,,,0,9,0,0,117402,117403,117406,0,1,1,1,1,0,0,0
222851,Hallowfall Lightblade,,,,0,7,0,0,115031,115032,115033,115034,1,1,1,1,155687,0,0
222852,Treasure Tracker,,,,0,10,0,0,118960,11686,0,0,0,1,1,1,0,0,0
222853,Arathi Warlynx,,,,0,1,2,0,119182,0,0,0,1,1,1,1,0,0,0
222875,Meek Bloodlasher,,,,0,14,0,0,118223,118217,0,0,5,1,1,1,0,0,0
222876,Meek Bloodlasher,,,,0,8,0,0,118223,118217,0,0,5,1,1,1,0,0,0
222877,Ghostcap Menace,,,,0,14,0,0,118222,118214,0,0,5,1,1,1,0,0,0
222878,Ghostcap Menace,,,,0,8,0,0,118222,118214,0,0,5,1,1,1,0,0,0
222879,Blightbud,,,,0,12,0,0,118221,0,0,0,5,1,1,1,0,0,0
222880,Nightfarm Growthling,,,,0,12,0,0,118216,0,0,0,1,1,1,1,0,0,0
222883,Chester,,,,0,12,0,0,114692,0,0,0,1,1,1,1,0,0,0
222887,Treasure Tracker,,,,0,10,0,0,118960,11686,0,0,0,1,1,1,0,0,0
222899,Storm Gryphon,,,,0,1,160,0,119090,0,0,0,1,1,1,1,0,0,0
222904,Horde Emmissary,,,,0,7,0,0,119212,0,0,0,1,1,1,1,0,0,0
222928,Horde Emmissary,,,,0,7,0,0,119222,0,0,0,1,1,1,1,0,0,0
222935,Horde Emmissary,,,,0,7,0,0,73066,73067,73068,73050,1,1,1,1,0,0,0
222949,Arathi Aeroknight,,,,0,7,0,0,118182,118181,0,0,1,1,1,1,0,0,220454
223047,Alliance Emmissary,,,,0,7,0,0,119100,0,0,0,1,1,1,1,0,0,0
223048,Alliance Emmissary,,,,0,7,0,0,108811,0,0,0,1,1,1,1,0,0,0
223049,Alliance Emmissary,,,,0,7,0,0,119976,0,0,0,1,1,1,1,0,0,0
223050,Kurdran Wildhammer,,,,1,7,0,0,118377,0,0,0,1,1,1,1,219149,0,0
223051,Stromgarde Footman,,,,0,7,0,0,119057,0,0,0,1,1,1,1,0,0,0
223053,Stromgarde Footman,,,,0,7,0,0,119060,0,0,0,1,1,1,1,0,0,0
223083,Arathi Deckhand,,The Righteous Hammer,,0,7,0,0,118578,118579,118580,118581,1,1,1,1,0,0,0
223087,Clay Stonecharger,,,,0,12,0,0,120663,0,0,0,1,1,1,1,0,0,0
223088,Sandstone Ramolith,,,,0,12,0,0,120665,0,0,0,1,1,1,1,0,0,0
223090,Bedrock Stonecharger,,,,0,14,0,0,120661,0,0,0,1,1,1,1,0,0,0
223092,Alabaster Stonecharger,,,,0,14,0,0,120660,0,0,0,1,1,1,1,0,0,0
223093,Granite Ramolith,,,,0,14,0,0,120662,0,0,0,1,1,1,1,0,0,0
223094,Cobalt Ramolith,,,,0,14,0,0,120664,0,0,0,1,1,1,1,0,0,0
223095,Bedrock Stonecharger,,,,0,8,0,0,120661,0,0,0,1,1,1,1,0,0,0
223096,Alabaster Stonecharger,,,,0,8,0,0,120660,0,0,0,1,1,1,1,0,0,0
223097,Black Ramolith,,,,0,8,0,0,120662,0,0,0,1,1,1,1,0,0,0
223098,Cobalt Ramolith,,,,0,8,0,0,120664,0,0,0,1,1,1,1,0,0,0
223101,War Wolf,,,,0,1,1,0,67117,0,0,0,1,1,1,1,0,0,0
223134,Supervisor Varric,,,,0,7,0,0,119389,0,0,0,1,1,1,1,0,0,0
223135,Sir Shady Mrrgglton Junior,,,,0,12,0,0,118750,0,0,0,1,1,1,1,0,0,0
223136,Umbral Amalgam,,,,0,14,0,0,118749,0,0,0,1,1,1,1,0,0,0
223137,Umbral Amalgam,,,,0,8,0,0,118749,0,0,0,1,1,1,1,0,0,0
223138,Slim,,,,0,12,0,0,78240,0,0,0,1,1,1,1,0,0,0
223201,<DNT> Smoke Plume,,,,0,10,0,0,1126,119378,0,0,0,1,1,1,0,0,0
223205,High Exarch Turalyon,,Lord Commander of Alliance Forces,,1,7,0,0,100074,0,0,0,1,1,1,1,150577,0,0
223209,Zovex,,Violet Hold Prisoner,,4,7,0,0,68593,0,0,0,1,1,1,1,0,0,0
223215,Rokhan,,Darkspear Chieftain,,1,7,0,0,116250,0,0,0,1,1,1,1,29433,0,0
223235,<DNT> Giant Crystal,,,,0,10,0,0,1126,119384,0,0,0,1,1,1,0,0,0
223236,Unbound Earthen,,,,0,7,0,0,117354,117353,117356,117355,1,1,1,1,0,0,0
223256,Alleria Windrunner,,,,1,7,0,0,118072,0,0,0,1,1,1,1,0,0,219442
223257,Faerin Lothar,,,,1,7,0,0,115280,0,0,0,1,1,1,1,220159,0,0
223263,Supervisor Varric,,,,0,9,0,0,121328,0,0,0,1,1,1,1,0,0,0
223268,General Steelstrike,,,,1,7,0,0,115282,0,0,0,1,1,1,1,0,0,0
223269,Web Target [DNT],,,,0,10,0,2,73745,27823,0,0,0,1,1,1,0,0,0
223316,Marrlok,,,,0,12,0,0,119402,0,0,0,1,1,1,1,0,0,0
223343,Tiny Cragling,,,,0,12,0,0,119410,0,0,0,1,1,1,1,0,0,0
223344,Stratus,,,,0,12,0,0,33293,0,0,0,1,1,1,1,0,0,0
223346,Ridge,,,,0,12,0,0,119412,0,0,0,1,1,1,1,0,0,0
223347,Mini Airship,,,,0,12,0,3,62404,0,0,0,1,1,1,1,0,0,0
223351,Cinderwold Sizzlestinger,,,,0,12,0,3,119747,0,0,0,1,1,1,1,0,0,0
223356,Bwemba,,,,0,7,0,0,116152,0,0,0,1,1,1,1,31801,0,0
223360,Orweyna,,,,0,7,0,0,117116,0,0,0,1,1,1,1,0,0,0
223366,Takey-Take,,,,0,12,0,0,117580,0,0,0,1,1,1,1,0,0,0
223367,Bubs,,,,0,12,0,0,115963,0,0,0,1,1,1,1,0,0,0
223368,Sir Pounce,,,,0,12,0,0,116278,0,0,0,1,1,1,1,0,0,0
223379,Arrow Stalker 1 [DNT],,,,0,10,0,0,68857,107538,0,0,0,1,1,1,0,0,0
223380,Arrow Stalker 2 [DNT],,,,0,10,0,0,68857,107538,0,0,0,1,1,1,0,0,0
223381,Arrow Stalker 3 [DNT],,,,0,10,0,0,68857,107538,0,0,0,1,1,1,0,0,0
223382,Arrow Stalker 4 [DNT],,,,0,10,0,0,68857,107538,0,0,0,1,1,1,0,0,0
223399,Tickler,,,,0,12,0,0,114052,0,0,0,1,1,1,1,0,0,0
223400,Swoopgrasp,,,,0,12,0,0,114511,0,0,0,1,1,1,1,0,0,0
223401,Four-Legs,,,,0,12,0,0,116509,0,0,0,1,1,1,1,0,0,0
223402,Flicker,,,,0,12,0,0,119706,0,0,0,1,1,1,1,0,0,0
223406,Zaedu,,,,0,14,0,0,115101,0,0,0,1,1,1,1,0,0,0
223407,Awakened Custodian,,,,0,14,0,0,119438,0,0,0,1,1,1,1,0,0,0
223409,Guttergunk,,,,0,14,0,0,115577,0,0,0,1,1,1,1,0,0,0
223435,Rufus,,,,0,12,0,0,119707,0,0,0,1,1,1,1,0,0,0
223436,Nerubian Caster,,T2 (2/1.2),,0,7,0,0,114541,114542,0,0,1,1,1,1,0,0,0
223466,Kaheti Siegelord,,,,1,7,0,0,114773,0,0,0,1,1,1,1,0,0,0
223501,Merrix,,Councilward,,1,7,0,0,116815,0,0,0,1,1,1,1,0,0,0
223504,Tishamaat Celebrant,,,,0,7,0,0,77959,0,0,0,1,1,1,1,0,0,0
223505,Relaxing Augari,,,,0,7,0,0,119588,119589,119590,119591,1,1,1,1,0,0,0
223511,Atharuun,,Demon Trainer,,0,3,0,0,114186,0,0,0,1,1,1,1,118129,0,0
223519,Zuronar,,,,0,7,0,0,109934,0,0,0,1,1,1,1,189816,189816,0
223523,Amaan the Younger,,,,0,7,0,0,119531,0,0,0,100,1,1,1,116467,0,0
223531,Valwar,,,,0,7,0,0,119532,0,0,0,1,1,1,1,201367,0,0
223533,Custodian Khubon,,Catalyst Steward,,0,7,0,0,120727,0,0,0,1,1,1,1,0,0,0
223545,Swarming Screamer,,,,0,1,296,3,114989,114988,114987,114986,1,1,1,1,0,0,0
223558,Skyriding Glyph,,,,0,10,0,3,21955,23767,0,0,0,1,1,1,0,0,0
223560,Tracker Skyriding Glyph,,,,0,10,0,3,21955,23767,0,0,0,1,1,1,0,0,0
223566,Grand Anchorite Almonen,,,,1,7,0,0,116558,0,0,0,100,1,1,1,0,0,0
223567,High Priestess Ishanah,,,,0,7,0,0,17882,0,0,0,1,1,1,1,28738,0,0
223579,Eliza,,,,0,8,0,0,119564,0,0,0,1,1,1,1,0,0,0
223580,Ella,,,,0,8,0,0,119565,0,0,0,1,1,1,1,0,0,0
223595,Kirin Tor Shield Master,,,,1,7,0,0,68480,47997,47999,48000,2,2,3,1,43617,0,0
223600,Trishi,,,,0,12,0,0,119579,0,0,0,1,1,1,1,223338,0,0
223607,Lady Jaina Proudmoore,,,,1,7,0,0,88316,0,0,0,1,1,1,1,153575,0,0
223616,Soulspeaker Niir,,Warlock Trainer,,0,7,0,0,113857,0,0,0,1,1,1,1,119396,0,0
223619,Tishamaat Celebrant,,,,0,7,0,0,119558,0,0,0,1,1,1,1,0,0,0
223620,Tishamaat Celebrant,,,,0,7,0,0,115266,0,0,0,1,1,1,1,0,0,0
223621,Tishamaat Celebrant,,,,0,7,0,0,116628,0,0,0,1,1,1,1,0,0,0
223622,Tishamaat Celebrant,,,,0,7,0,0,116596,0,0,0,1,1,1,1,0,0,0
223623,Tishamaat Celebrant,,,,0,7,0,0,119589,0,0,0,1,1,1,1,0,0,0
223624,Tishamaat Celebrant,,,,0,7,0,0,116607,0,0,0,1,1,1,1,0,0,0
223625,Tishamaat Celebrant,,,,0,7,0,0,119609,0,0,0,1,1,1,1,0,0,0
223626,Tishamaat Celebrant,,,,0,7,0,0,119627,0,0,0,1,1,1,1,0,0,0
223627,Tishamaat Celebrant,,,,0,7,0,0,119613,0,0,0,1,1,1,1,0,0,0
223628,Tishamaat Celebrant,,,,0,7,0,0,119644,0,0,0,1,1,1,1,0,0,0
223629,Tishamaat Celebrant,,,,0,7,0,0,119639,0,0,0,1,1,1,1,0,0,0
223630,Tishamaat Celebrant,,,,0,7,0,0,116627,0,0,0,1,1,1,1,0,0,0
223631,Tishamaat Celebrant,,,,0,7,0,0,116600,0,0,0,1,1,1,1,0,0,0
223632,Tishamaat Celebrant,,,,0,7,0,0,120020,0,0,0,1,1,1,1,0,0,0
223633,Tishamaat Celebrant,,,,0,7,0,0,77960,0,0,0,1,1,1,1,0,0,0
223634,Tishamaat Celebrant,,,,0,7,0,0,119563,0,0,0,1,1,1,1,0,0,0
223645,Worgli the Apprehensive,,,,0,12,0,0,119672,0,0,0,1,1,1,1,0,0,0
223691,Whoopy,,,,0,12,0,3,120173,0,0,0,1,1,1,1,0,0,0
223695,Lil' Manny,,,,0,12,0,0,119700,0,0,0,1,1,1,1,0,0,0
223698,Cinderhoney Emberstinger,,,,0,14,0,3,119715,0,0,0,1,1,1,1,0,0,0
223699,Tishamaat Celebrant,,,,0,7,0,0,119625,0,0,0,1,1,1,1,0,0,0
223706,Pinkskin Burrower,,,,0,14,0,0,119707,0,0,0,1,1,1,1,0,0,0
223707,Pinkskin Burrower,,,,0,8,0,0,119707,0,0,0,1,1,1,1,0,0,0
223712,Skittish Sniffler,,,,0,14,0,0,119708,119710,119723,0,100,10,1,1,0,0,0
223715,Snuffling,,,,0,14,0,0,119711,119712,0,0,5,1,1,1,0,0,0
223717,Guacamole,,,,0,12,0,0,119709,0,0,0,1,1,1,1,0,0,0
223718,Sneef,,,,0,12,0,0,119713,0,0,0,1,1,1,1,0,0,0
223722,Thrall,,,,1,7,0,0,115495,0,0,0,1,1,1,1,0,0,0
223744,Snuffling,,,,0,8,0,0,119711,0,0,0,1,1,1,1,0,0,0
223747,Skittish Sniffler,,,,0,8,0,0,119708,119710,119723,0,100,10,1,1,0,0,0
223785,Muskpaw Calf,,,,0,12,0,0,119748,0,0,0,1,1,1,1,0,0,0
223810,Astral Emperor's Serpentling,,,,0,12,0,2,119749,0,0,0,1,1,1,1,0,0,0
223813,Deviant Skardyn,,,,0,7,0,0,117972,117973,117974,117975,1,1,1,1,0,0,0
223814,Void Crystal Monstrosity,,,,0,7,0,0,117971,0,0,0,1,1,1,1,0,0,0
223835,Cinderhoney Emberstinger,,,,0,8,0,3,119715,0,0,0,1,1,1,1,0,0,0
223859,Ruby-Eyed Stagshell,,,,0,12,0,0,119766,0,0,0,1,1,1,1,0,0,0
223861,Rak-Ush Battleshell,,,,0,12,0,0,119767,0,0,0,1,1,1,1,0,0,0
223862,Tan Stagshell,,,,0,14,0,0,119769,0,0,0,1,1,1,1,0,0,0
223863,Green Stagshell,,,,0,14,0,0,119768,0,0,0,1,1,1,1,0,0,0
223864,Tan Stagshell,,,,0,8,0,0,119769,0,0,0,1,1,1,1,0,0,0
223865,Green Stagshell,,,,0,8,0,0,119768,0,0,0,1,1,1,1,0,0,0
223944,Alleria Windrunner,,,,1,7,0,0,118072,0,0,0,1,1,1,1,0,0,219442
223982,Anduin Wrynn,,,,1,7,0,0,115995,0,0,0,1,1,1,1,224743,0,0
224076,Hannan,,,,0,7,0,0,118149,0,0,0,1,1,1,1,0,0,0
224090,Brown Leafbug,,,,0,12,0,0,119847,0,0,0,1,1,1,1,0,0,0
224116,Winds of Pandaria,,,,0,10,0,3,21955,23767,108324,0,0,0,1,1,0,0,0
224154,General Steelstrike,,,,1,7,0,0,119881,0,0,0,1,1,1,1,0,0,0
224383,Nerubian Caster,,,,0,7,0,0,114541,114542,0,0,1,1,1,1,0,0,0
224384,"Nerubian Priest, Dark",,,,0,7,0,0,114414,0,0,0,1,1,1,1,0,0,0
224385,"Nerubian Hulk, Evolved - Fighter",,,,0,7,0,0,116498,116497,116496,116495,1,1,1,1,0,0,0
224388,Nerubian Spiderling,,,,0,1,3,0,116505,116084,116504,116503,1,0,0,0,0,0,0
224408,Hallowfall Crystal Sound Controller,,,,0,10,0,3,100470,11686,0,0,0,1,1,1,0,0,0
224519,Nerubian Army Periodic Sound 01,,,,6,10,0,3,90874,119998,0,0,0,1,1,1,0,0,0
224520,Nerubian Army Periodic Sound 02,,,,6,10,0,3,90874,119999,0,0,0,1,1,1,0,0,0
224530,Kill Credit,,,,0,10,0,0,11686,0,0,0,1,1,1,1,0,0,0
224561,Fray,,,,0,1,129,0,114923,0,0,0,1,1,1,1,0,0,0
224562,Buck,,,,0,1,129,0,114924,0,0,0,1,1,1,1,0,0,0
224674,Weaponmaster Li,,,,0,7,0,0,41357,0,0,0,1,1,1,1,0,0,0
224698,Plague Deviser Marileth,,,,0,7,0,0,94122,0,0,0,1,1,1,1,0,0,0
224716,Flash,,,,0,12,0,3,120035,0,0,0,1,1,1,1,0,0,0
224717,Gale,,,,0,12,0,3,120032,0,0,0,1,1,1,1,0,0,0
224718,Thundo,,,,0,12,0,3,120033,0,0,0,1,1,1,1,0,0,0
224722,Flash,,,,0,12,0,3,120035,0,0,0,1,1,1,1,0,0,0
224739,Orweyna,,,,0,7,0,0,117116,0,0,0,1,1,1,1,0,0,0
224768,Thundo,,,,0,12,0,0,120033,0,0,0,1,1,1,1,0,0,0
224770,Gale,,,,0,12,0,0,120032,0,0,0,1,1,1,1,0,0,0
224786,Arathi Aeroknight,,,,0,7,0,0,118181,0,0,0,1,1,1,1,205896,0,0
224787,Arathi Aeroknight,,,,0,7,0,0,118182,0,0,0,1,1,1,1,205896,0,0
224821,Zev'kall,,High General of the Siege,,1,7,0,0,116521,0,0,0,1,1,1,1,212395,212395,0
224822,Kaheti Skirmisher,,,,0,7,0,0,114533,0,0,0,1,1,1,1,0,0,0
224823,Flynn Fairwind,,,,0,7,0,0,76222,0,0,0,1,1,1,1,0,0,0
224912,Kobyss Totem,,,,0,10,0,0,120159,0,0,0,1,1,1,1,0,0,0
224915,Misty,,,,0,12,0,0,123991,0,0,0,1,1,1,1,0,0,0
224916,Craggles,,,,0,12,0,0,123990,0,0,0,1,1,1,1,0,0,0
224937,Air Bubbles,,,,0,10,0,3,120165,116096,0,0,0,1,1,1,0,0,0
225188,General Steelstrike,,,,1,7,0,0,115282,0,0,0,1,1,1,1,218268,0,0
225203,"Nerubian Skitterling, Fighter",,T0 (.5/.5),,6,7,0,0,116346,116441,116439,116440,1,1,1,1,0,0,0
225226,Arathi Stalwart,,,,0,7,0,0,115035,115036,115037,115038,1,1,1,1,214436,222984,0
225238,Dalaran Sewer Turtle,,,,0,14,21,0,16259,0,0,0,1,1,1,1,0,0,0
225265,Necrotic Cauldron,,,,0,10,0,2,120261,0,0,0,1,1,1,1,0,0,0
225277,Arathi Stalwart,,,,0,7,0,0,115035,115036,115037,115038,1,1,1,1,214436,222984,0
225293,Brinthe,,,,1,7,0,0,117238,0,0,0,1,1,1,1,0,0,0
225354,Lil' Flameo,,,,0,12,0,0,111446,0,0,0,1,1,1,1,0,0,0
225355,Archmage Aethas Sunreaver,,Kirin Tor,,1,7,0,0,123721,0,0,0,1,1,1,1,35781,0,0
225361,Queen Ansurek,,,,1,7,0,0,118230,0,0,0,1,1,1,1,0,0,0
225401,Wrapped Spool,,,,0,10,0,2,120297,0,0,0,1,1,1,1,0,0,0
225404,Beledar's Spawn,,,,0,10,0,0,47399,11686,0,0,0,1,1,1,0,0,0
225493,Doomguard,,,,0,3,19,0,64965,0,0,0,0,1,1,1,0,0,0
225495,Warsong Grunt,,,,1,7,0,0,119045,120331,120341,120337,1,1,0,1,164588,0,0
225496,Warsong Grunt,,,,1,7,0,0,120333,120334,120335,120338,1,1,1,1,164588,0,0
225497,Burning Candle,,,,0,10,0,0,56187,0,0,0,1,1,1,1,0,0,0
225537,Faithful Dog,,,,0,12,0,0,1100,0,0,0,1,1,1,1,0,0,0
225554,Coppers,,,,0,12,0,0,117603,0,0,0,1,1,1,1,0,0,0
225585,Widow Arak'nai,,The Weaver,,0,7,0,3,116208,0,0,0,1,1,1,1,0,0,0
225595,Dropbat,,,,0,1,0,0,120361,0,0,0,1,1,1,1,0,0,0
225620,Hannan,,,,0,1,0,3,120370,0,0,0,1,1,1,1,0,0,0
225621,Orweyna,,,,0,1,0,0,119260,0,0,0,1,1,1,1,0,0,0
225629,Greenspeaker Na'layro,,,,0,1,0,0,120372,0,0,0,1,1,1,1,0,0,0
225632,Wobbles,,,,0,12,0,0,120374,0,0,0,1,1,1,1,0,0,0
225648,Monte Gazlowe,,Bilgewater Trade-Prince,,1,7,0,0,121049,0,0,0,1,1,1,1,221476,0,0
225654,Boost,,,,0,10,0,3,21955,23767,0,0,0,1,1,1,0,0,0
225664,Boost,,,,0,10,0,3,21955,23767,0,0,0,1,1,1,0,0,0
225711,General Steelstrike,,,,1,7,0,0,115282,0,0,0,1,1,1,1,218268,0,0
225745,Vaelisia Steelstrike,,,,1,7,0,0,115282,0,0,0,1,1,1,1,0,0,0
225747,Fishing,,,,1,7,0,0,108077,0,0,0,1,1,1,1,0,0,0
225755,"Renzik ""The Shiv""",,SI:7 Operative,,1,7,0,0,120369,0,0,0,1,1,1,1,18838,18838,0
225756,Monte Gazlowe,,Bilgewater Trade-Prince,,1,7,0,0,121049,0,0,0,1,1,1,1,221476,0,0
225807,Boost,,,,0,10,0,3,21955,23767,0,0,0,1,1,1,0,0,0
225810,Stalking Assassin,,,,0,7,0,0,75005,0,0,0,1,1,1,1,0,0,0
225813,Boost,,,,0,10,0,3,21955,23767,0,0,0,1,1,1,0,0,0
225825,Boost,,,,0,10,0,3,21955,23767,0,0,0,1,1,1,0,0,0
225864,Steamwheedle Alchemist,,,,0,7,0,0,124349,0,0,0,1,1,1,1,0,0,0
225897,Anduin Wrynn,,,,1,7,0,0,115995,0,0,0,1,1,1,1,224743,0,0
225902,Vicious Skyrazor,,,,1,1,296,0,118700,120362,120363,120364,1,1,1,1,0,0,0
226025,Dead Arathi,,,,0,7,0,0,83279,0,0,0,1,1,1,1,0,0,0
226026,Dagran Thaurissan II,,,,1,7,0,0,119519,0,0,0,1,1,1,1,0,0,0
226040,High Speaker Brinthe,,,,1,7,0,0,122811,0,0,0,1,1,1,1,0,0,0
226044,Dead Ritualist,,,,0,7,0,0,115520,115523,115521,115522,1,1,1,1,0,0,0
226099,Faerin Lothar,,,,1,7,0,0,115280,0,0,0,1,1,1,1,0,0,0
226125,Mind Slurp,,,,0,14,0,0,120539,0,0,0,1,1,1,1,0,0,0
226131,Thimble,,,,0,7,0,0,121066,0,0,0,1,1,1,1,0,0,0
226132,Ru'murh,,,,1,7,0,0,119871,0,0,0,1,1,1,1,0,0,0
226133,Swift,,,,0,7,0,0,114049,0,0,0,1,1,1,1,0,0,0
226134,Bobbin,,,,0,7,0,0,114051,0,0,0,1,1,1,1,0,0,0
226135,Heddle,,,,0,7,0,0,121069,0,0,0,1,1,1,1,0,0,0
226136,Treadle,,,,0,7,0,0,121070,0,0,0,1,1,1,1,0,0,0
226199,Rainbow Trout,,,,0,8,0,0,120574,0,0,0,0,1,1,1,0,0,0
226219,Water Stalker [DNT],,,,0,10,0,0,68857,107538,0,0,0,1,1,1,0,0,0
226259,Adelgonn,,Stoneward,,1,7,0,0,117127,0,0,0,1,1,1,1,110039,0,0
226261,Moira Thaurissan,,Queen of the Dark Iron,,1,7,0,0,120588,0,0,0,1,1,1,1,0,0,0
226264,Ebona,,,,0,7,0,0,117344,0,0,0,1,1,1,1,0,0,0
226265,Drone Abductor,,,,0,7,0,3,112729,112727,112730,112728,1,1,1,1,0,0,0
226266,Baelgrim,,Stormward,,1,7,0,0,114472,0,0,0,1,1,1,1,211256,0,0
226317,Energy,,,,0,10,0,3,21955,23767,0,0,0,1,1,1,0,0,0
226318,Energy,,,,0,10,0,3,21955,23767,0,0,0,1,1,1,0,0,0
226319,Energy,,,,0,10,0,3,21955,23767,0,0,0,1,1,1,0,0,0
226362,Merrix,,Councilward,,1,7,0,0,116815,0,0,0,1,1,1,1,0,0,0
226363,High Speaker Brinthe,,,,1,7,0,0,117238,0,0,0,1,1,1,1,0,0,0
226364,Adelgonn,,Stoneward,,1,7,0,0,117127,0,0,0,1,1,1,1,110039,0,0
226366,Lufsela,,Stormward,,1,7,0,0,121385,0,0,0,1,1,1,1,0,0,0
226414,Stolen Skiff,,,,0,10,0,3,113231,0,0,0,1,1,1,1,0,0,0
226432,Generic Bunny,,,,0,10,0,3,22903,11686,0,0,0,1,1,1,0,0,0
226521,Archmage Drenden,,Kirin Tor,,1,7,0,0,117115,0,0,0,1,1,1,1,126048,0,0
226562,Blazefeather Peacock,,,,0,1,7,0,107364,0,0,0,1,1,1,1,0,0,0
226575,High Speaker Brinthe,,,,1,7,0,0,117238,0,0,0,1,1,1,1,0,0,0
226577,Convoy Leader,,,,1,7,0,0,118696,120281,120282,120283,1,1,1,1,224515,0,0
226596,Convoy Protector,,,,0,7,0,0,116283,115762,115761,114469,1,1,1,1,221770,0,0
226600,Chitin Commander,,,,1,7,0,0,114768,0,0,0,1,1,1,1,0,0,0
226601,Skitterling,,,,0,7,0,0,120412,0,0,0,1,1,1,1,0,0,0
226602,Skitterling Leader,,,,0,7,0,0,116462,0,0,0,1,1,1,1,0,0,0
226633,Orweyna,,,,0,7,0,0,117116,0,0,0,1,1,1,1,224812,224812,0
226646,Sha of Anger,,,,1,4,0,0,120918,0,0,0,1,1,1,1,0,0,0
226650,High Exarch Turalyon,,Lord Commander of Alliance Forces,,1,7,0,0,100074,0,0,0,1,1,1,1,150577,0,0
226656,Lady Liadrin,,Blood Knight Matriarch,,1,7,0,0,85924,0,0,0,1,1,1,1,163831,163832,0
226759,Dawn,,The Awakened,,0,7,0,0,118887,0,0,0,1,1,1,1,0,0,0
226763,Naleidea Rivergleam,,,,0,7,0,0,105169,0,0,0,1,1,1,1,0,0,0
226773,Zekvir,,Hand of the Harbinger,,1,7,0,0,120947,0,0,0,1,1,1,1,0,0,0
226790,Infernal Fragment,,,,0,3,108,0,87778,0,0,0,1,1,1,1,0,0,0
226837,Dagran Thaurissan II,,,,1,7,0,0,119519,0,0,0,1,1,1,1,0,0,0
226871,Archmage Aethas Sunreaver,,Kirin Tor,,1,7,0,0,123721,0,0,0,1,1,1,1,35781,0,0
226895,Archmage Aethas Sunreaver,,Kirin Tor,,1,7,0,0,123721,0,0,0,1,1,1,1,35781,0,0
227067,Kalecgos,,Aspect of the Blue Dragonflight,,1,2,0,0,124308,116648,111427,0,1,0,0,1,0,0,0
227111,Hallowfall Airman,,,,0,7,0,0,118271,118272,118273,118277,1,1,1,1,0,0,220454
227136,Brann Bronzebeard,,,,0,7,0,0,115505,0,0,0,1,1,1,1,0,0,0
227164,MiniZep,,,,0,14,0,3,17192,0,0,0,1,1,1,1,0,0,0
227200,Archmage Modera,,Kirin Tor,,1,7,0,0,121080,0,0,0,1,1,1,1,35781,0,0
227207,Gather Intel,,,,0,13,0,3,121094,0,0,0,1,1,1,1,0,0,0
227213,Anti-Aerial Assembly,,,,6,10,0,0,41384,0,0,0,1,1,1,1,0,0,0
227225,Xal'atath,,,,1,15,0,0,117121,0,0,0,1,1,1,1,0,0,0
227226,Y'tekhi,,Severed Threads Quartermaster,,0,7,0,0,114024,0,0,0,1,1,1,1,224496,224496,0
227228,Lilian Voss,,,,1,7,0,0,85799,0,0,0,1,1,1,1,160500,160501,0
227257,Archavon the Stone Watcher,,,,1,5,0,0,123760,0,0,0,0,1,1,1,0,0,0
227270,Brok,,Master Pet Tamer,,0,7,0,0,45379,0,0,0,1,1,1,1,0,0,0
227414,Claudius,,,,0,12,0,0,121176,0,0,0,1,1,1,1,0,0,0
227436,Archmage Khadgar,,,,1,7,0,0,125322,0,0,0,1,1,1,1,0,0,0
227437,Archmage Khadgar,,,,1,7,0,0,121178,0,0,0,1,1,1,1,0,0,0
227451,Archmage Aethas Sunreaver,,Kirin Tor,,1,7,0,0,123721,0,0,0,1,1,1,1,35781,0,0
227465,Guts,,<Lilian Voss's Mount>,,0,1,24,0,86094,0,0,0,1,1,1,1,0,0,0
227466,Arathi Aeroknight,,,,0,7,0,0,118182,118181,0,0,1,1,1,1,214436,0,0
227488,Kirin Tor Guardian,,,,1,7,0,0,68480,47997,47999,48000,2,2,3,1,43617,0,0
227492,Brann Bronzebeard,,Explorers' League,,1,7,0,0,115505,0,0,0,1,1,1,1,0,0,0
227496,Strange Chest,,,,0,10,0,0,121202,0,0,0,1,1,1,1,0,0,0
227497,Image of Zekvir,,Hand of the Harbinger,,1,7,0,0,120947,0,0,0,1,1,1,1,0,0,0
227502,Kirin Tor Guardian,,,,1,7,0,2,108317,0,0,0,1,1,1,1,0,0,0
227503,Magni Bronzebeard,,,,1,7,0,0,120317,0,0,0,1,1,1,1,0,0,0
227530,Delve Credit,,,,0,10,0,3,22903,11686,0,0,0,1,1,1,0,0,0
227543,Grimla Fizzlecrank,,Venture Co.,,0,7,0,0,108462,0,0,0,1,1,1,1,0,0,0
227545,Ikir the Flotsurge,,,,2,5,0,0,125109,0,0,0,1,1,1,1,0,0,0
227551,Delve Credit,,,,0,10,0,3,22903,11686,0,0,0,1,1,1,0,0,0
227588,Captain Fareeya,,The Crescent Glaive,,1,7,0,0,77524,0,0,0,1,1,1,1,141994,0,0
227600,Meesk the Venomtongue,,,,1,7,0,0,115760,0,0,0,1,1,1,1,0,0,0
227601,Spindle,,,,0,7,0,0,121068,0,0,0,1,1,1,1,0,0,0
227641,Ookin Scoundrel,,The Bilge Rats,,0,7,0,0,121264,76947,121265,0,1,1,1,1,0,0,155817
227642,Brinescale Cutthroat,,The Bilge Rats,,0,7,0,0,80475,0,0,0,1,1,1,1,79832,0,0
227643,Spineskin Horker,,The Bilge Rats,,0,7,0,0,6078,0,0,0,1,1,1,1,107378,0,0
227653,Darktide Punisher,,,,1,7,0,0,67527,0,0,0,1,1,1,1,124360,0,0
227675,Delver's Guide,,,,0,7,0,0,117806,0,0,0,1,1,1,1,0,0,0
227677,Vulpera Toe-Slasher,,The Bilge Rats,,0,7,0,0,121261,121262,0,0,2,2,1,1,56817,56817,0
227682,Kill Credit [DNT],,,,0,10,0,0,11686,0,0,0,1,1,1,1,0,0,0
227720,Sound Stalker - 11.0 Scenario - Theater Troupe - Audience,,,,6,10,0,3,90874,11686,0,0,0,1,1,1,0,0,0
227722,Xal'atath,,Blade of the Black Empire,,1,7,0,0,121284,0,0,0,1,1,1,1,0,0,0
227723,Meesk the Venomtongue,,,,0,10,0,0,1126,118628,0,0,0,1,1,1,0,0,0
227725,Beetle of Burden,,,,0,1,53,0,116493,0,0,0,1,1,1,1,0,0,0
227748,Vicious Skyrazor,,,,1,1,296,3,118700,120362,120363,120364,1,1,1,1,0,0,0
227749,Faerin Lothar,,,,1,7,0,0,115280,0,0,0,1,1,1,1,220159,0,0
227758,Alleria Windrunner,,,,1,7,0,0,118072,0,0,0,1,1,1,1,0,0,219442
227762,Kirin Tor Portal Mage,,,,1,7,0,0,47997,0,0,0,2,1,1,1,43617,0,0
227766,Kirin Tor Portal Mage,,,,1,7,0,0,47999,0,0,0,2,1,1,1,43617,0,0
227776,Kordac Invisible Stalker,,,,0,10,0,0,1126,118628,0,0,0,1,1,1,0,0,0
227792,Kordac Invisible Stalker,,,,0,10,0,0,1126,118628,0,0,0,1,1,1,0,0,0
227796,Sky-Captain Elaena Lancekat,,Captain of the Starchaser,,0,7,0,0,123945,0,0,0,1,1,1,1,220499,0,0
227797,Raen Dawncavalyr,,Head Armorer,,0,7,0,0,127938,0,0,0,1,1,1,1,232798,232793,0
227810,Ricket,,,,0,7,0,0,124172,0,0,0,1,1,1,1,0,0,0
227869,Sound Stalker - 11.0 Scenario - Theater Troupe - Stampede,,,,6,10,0,3,90874,121334,0,0,0,1,1,1,0,0,0
227876,Supervisor Radlock,,Darkfuse Enforcement,,0,9,0,0,121339,0,0,0,1,1,1,1,0,0,0
227882,Convoy Driver,,,,0,7,0,0,116283,115762,115761,114469,1,1,1,1,221770,0,0
227883,Convoy Guard,,,,1,7,0,0,118696,120281,120282,120283,1,1,1,1,224515,0,0
227897,Webbed,,,,0,10,0,0,22903,11686,0,0,0,1,1,1,0,0,0
227963,Ney'leia,,,,0,1,0,3,120370,0,0,0,1,1,1,1,0,0,0
227964,Kai'shae,,,,0,1,0,3,120370,0,0,0,1,1,1,1,0,0,0
227965,On'hiea,,,,0,1,0,3,120370,0,0,0,1,1,1,1,0,0,0
227971,Zev'kall,,High General of the Siege,,1,7,0,0,116521,0,0,0,1,1,1,1,0,0,0
227972,Grimla Fizzlecrank,,Venture Co.,,0,7,0,0,108462,0,0,0,1,1,1,1,0,0,0
227977,Oathsworn Peacekeeper,,,,1,7,0,0,117651,117652,117649,117650,1,1,1,1,214473,217173,222897
228001,Nipper,,,,0,7,0,0,121401,0,0,0,1,1,1,1,0,0,0
228008,Grimla Fizzlecrank,,Venture Co.,,0,7,0,0,108462,0,0,0,1,1,1,1,0,0,0
228074,Angorla,,,,0,7,0,0,124370,0,0,0,1,1,1,1,224820,0,0
228096,Dawn,,The Awakened,,0,7,0,0,123944,0,0,0,1,1,1,1,0,0,0
228122,Kai'shae,,,,0,7,0,0,118187,0,0,0,1,1,1,1,205896,0,0
228124,Ney'leia,,,,0,7,0,0,117243,0,0,0,1,1,1,1,210678,0,0
228126,On'hiea,,,,0,7,0,0,117247,0,0,0,1,1,1,1,208389,0,0
228132,"Renzik ""The Shiv""",,SI:7 Operative,,1,7,0,0,120369,0,0,0,1,1,1,1,18838,18838,0
228371,Faerin Lothar,,,,1,7,0,0,121525,0,0,0,1,1,1,1,220159,0,0
228383,Zarein,,,,1,4,0,0,114474,0,0,0,1,1,1,1,0,0,0
228404,Dead Abductor,,,,0,7,0,0,114532,0,0,0,1,1,1,1,0,0,0
228407,Moss-Draped Ramolith,,,,0,1,129,0,114927,0,0,0,1,1,1,1,0,0,0
228408,Injured Earthen,,,,0,7,0,0,118459,118460,117336,117337,1,1,1,1,0,0,0
228410,Unbound Protector,,,,0,7,0,0,117659,117660,117657,117658,1,1,1,1,224819,0,0
228422,Brinescale Reaver,,The Bilge Rats,,0,7,0,0,80454,0,0,0,1,1,1,1,54539,0,0
228454,Anduin Wrynn,,,,1,7,0,0,115995,0,0,0,1,1,1,1,224743,0,0
228455,Lady Jaina Proudmoore,,,,1,7,0,0,88316,0,0,0,1,1,1,1,153575,0,0
228456,Thrall,,,,1,7,0,0,115495,0,0,0,1,1,1,1,204482,0,0
228457,Alleria Windrunner,,,,1,7,0,0,118072,0,0,0,1,1,1,1,0,0,219442
228493,Alleria Windrunner,,,,1,7,0,0,118072,0,0,0,1,1,1,1,0,0,219442
228518,Sound Stalker - 11.0 Quest - Max Level Campaign - Q07b,,,,6,10,0,3,90874,11686,0,0,0,1,1,1,0,0,0
228526,Scenario First Task Credit,,,,0,10,0,0,11686,0,0,0,1,1,1,1,0,0,0
228528,Scenario Final Task Credit,,,,0,10,0,0,11686,0,0,0,1,1,1,1,0,0,0
228604,Sound Stalker - 11.0 Quest - Ringing Deeps - Earthen Crowd,,,,6,10,0,3,90874,121684,0,0,0,1,1,1,0,0,0
228613,Hunting Skyrazor,,,,1,7,0,3,118700,0,0,0,1,1,1,1,0,0,0
228740,Provoked Burrowfiend,,,,0,7,0,0,114532,0,0,0,1,1,1,1,214501,0,0
228807,Swarming Threadling,,,,0,7,0,0,116084,0,0,0,1,1,1,1,0,0,0
228809,Invading Depthlurker,,,,0,7,0,0,114531,114532,114533,0,1,1,1,1,0,0,0
228811,Hazardous Heli,,,,6,10,0,3,28830,0,0,0,1,1,1,1,0,0,0
228812,Armored Subjugator,,,,1,7,0,0,115010,0,0,0,1,1,1,1,0,0,0
228815,Oathsworn Peacekeeper,,,,0,7,0,0,117651,117652,117649,117650,1,1,1,1,214473,217173,0
228824,Coreway Worker,,,,0,7,0,0,117430,117431,117428,117429,1,1,1,1,217160,0,0
228825,Baelgrim,,Stormward,,1,7,0,0,114472,0,0,0,1,1,1,1,211256,0,0
228826,Zarein,,,,1,4,0,0,114474,0,0,0,1,1,1,1,0,0,0
228828,Stormrider Meirand,,,,0,7,0,0,116263,0,0,0,1,1,1,1,0,0,0
228830,Meirand's Stormrook,,,,1,4,0,0,121708,0,0,0,1,1,1,1,0,0,0
228832,Lorewalker Cho,,,,0,7,0,0,127838,0,0,0,0,1,1,1,0,0,0
228884,Air Bubbles,,,,0,10,0,3,66432,116096,0,0,0,1,1,1,0,0,0
228958,Magni Bronzebeard,,The Speaker,,1,7,0,0,117842,0,0,0,1,1,1,1,0,161683,0
228959,Moira Thaurissan,,Queen of the Dark Iron,,1,7,0,0,120588,0,0,0,1,1,1,1,0,0,0
228960,Dagran Thaurissan II,,,,1,7,0,0,119519,0,0,0,1,1,1,1,0,0,0
228963,Lady Jaina Proudmoore,,,,1,7,0,0,88316,0,0,0,1,1,1,1,153575,0,0
228964,Archmage Aethas Sunreaver,,Kirin Tor,,1,7,0,0,123721,0,0,0,1,1,1,1,35781,0,0
228965,Kalecgos,,Aspect of the Blue Dragonflight,,1,2,0,0,124308,116648,111427,0,1,0,0,1,0,0,0
228966,Archmage Khadgar,,,,1,7,0,2,121178,0,0,0,1,1,1,1,0,0,0
229039,Rooktender Lufsela,,,,0,7,0,0,114678,0,0,0,1,1,1,1,0,0,0
229040,Olbarig,,,,0,7,0,0,117175,0,0,0,1,1,1,1,211255,0,0
229041,Thrall,,,,1,7,0,0,115495,0,0,0,1,1,1,1,204482,0,0
229042,Shraubendre,,,,0,4,0,0,117287,0,0,0,1,1,1,1,0,0,0
229043,Rampant Thunder Elemental,,,,0,4,0,0,65631,0,0,0,1,1,1,1,0,0,0
229044,Stormrook,,,,0,4,0,0,114500,0,0,0,1,1,1,1,0,0,0
229045,Pilgrim,,,,0,7,0,0,117209,117211,117210,117212,1,1,1,1,0,0,0
229053,Area Trigger Bunny [DNT],,,,0,10,0,0,11686,0,0,0,1,1,1,1,0,0,0
229128,Valeera Sanguinar,,,,1,7,0,0,26365,0,0,0,1,1,1,1,171193,171193,0
229137,Fire Stalker [DNT],,,,0,10,0,0,68857,107538,0,0,0,1,1,1,0,0,0
229148,Taoshi,,,,1,7,0,0,41792,0,0,0,1,1,1,1,0,0,0
229149,Garona Halforcen,,,,1,7,0,0,89342,0,0,0,1,1,1,1,0,0,0
229150,Lord Jorach Ravenholdt,,,,1,7,0,0,69542,0,0,0,1,1,1,1,0,0,0
229151,Arthas,,,,1,7,0,0,121901,0,0,0,0,1,1,1,37579,0,0
229174,Arthas,,,,1,7,0,0,121901,0,0,0,0,1,1,1,33475,0,0
229176,Arthas,,,,1,7,0,0,121918,0,0,0,0,1,1,1,33475,0,0
229192,The Lich King,,,,1,7,0,0,121920,0,0,0,1,1,1,1,0,0,0
229203,Hannan,,,,0,7,0,0,119261,118149,0,0,0,1,1,1,232649,232650,0
229235,Monte Gazlowe,,Bilgewater Trade-Prince,,1,7,0,0,121049,0,0,0,1,1,1,1,0,0,0
229243,"Renzik ""The Shiv""",,SI:7 Operative,,1,7,0,0,120369,0,0,0,1,1,1,1,0,0,0
229267,Kirin Tor Defender,,,,0,7,0,0,48011,48009,47995,48010,1,1,1,1,0,0,0
229300,Kill Credit [DNT],,,,0,10,0,0,11686,0,0,0,1,1,1,1,0,0,0
229301,Kill Credit [DNT],,,,0,10,0,0,11686,0,0,0,1,1,1,1,0,0,0
229305,Armored Ironbreaker,,,,0,9,0,0,116915,0,0,0,1,1,1,1,0,0,0
229307,Veteran Blood Knight,,,,0,7,0,0,87571,87572,87573,87574,1,1,1,1,191604,0,0
229314,Night Elf Starcaller,,,,0,7,0,0,116708,116709,116704,116705,1,1,1,1,0,0,0
229316,Forsaken Warlock,,,,0,7,0,0,72563,72564,0,0,1,1,1,1,0,0,0
229318,Queensguard Zirix,,,,1,7,0,0,114662,0,0,0,1,1,1,1,0,0,0
229319,Master Tidesage,,,,0,7,0,0,108502,108503,108504,108505,1,1,1,1,155794,0,0
229321,Thrall,,,,1,7,0,0,115495,0,0,0,1,1,1,1,204482,0,0
229322,Gilnean Scrapper,,,,0,7,0,0,89580,89581,89582,89583,1,1,1,1,0,0,0
229323,Moira Thaurissan,,Queen of the Dark Iron,,1,7,0,0,120588,0,0,0,1,1,1,1,0,0,0
229324,Magni Bronzebeard,,The Speaker,,1,7,0,0,117842,0,0,0,1,1,1,1,0,161683,0
229325,Lady Jaina Proudmoore,,,,1,7,0,0,88316,0,0,0,1,1,1,1,153575,0,0
229326,Dagran Thaurissan II,,,,1,7,0,0,119519,0,0,0,1,1,1,1,0,0,0
229327,Anduin Wrynn,,,,1,7,0,0,115995,0,0,0,1,1,1,1,224743,0,0
229328,Suramar Chronomancer,,,,0,7,0,0,66275,66276,66588,66591,1,1,1,1,132170,0,0
229329,Warborn Crusher,,,,0,9,0,0,117402,117403,117406,0,1,1,1,1,0,0,0
229335,Electricity Stalker [DNT],,,,0,10,0,3,68857,107538,0,0,0,1,1,1,0,0,0
229340,Stormwind Knight,,,,0,7,0,0,92858,92859,92860,92861,1,1,1,1,109638,7188,0
229341,Hallowfall Lightblade,,,,0,7,0,0,115031,115032,115033,115034,1,1,1,1,155687,0,0
229342,Zandalari Prelate,,,,0,7,0,0,83392,83393,0,0,1,1,1,1,153585,0,0
229391,Baelgrim,,Stormward,,1,7,0,0,114472,0,0,0,1,1,1,1,211256,0,0
229392,Baelgrim,,Stormward,,1,7,0,0,114472,0,0,0,1,1,1,1,0,0,0
229393,Rotatey Bug,,,,0,12,0,0,45527,0,0,0,1,1,1,1,0,0,0
229424,Kalecgos,,Mirror Image,,1,2,0,0,124311,0,0,0,1,1,1,1,0,0,0
229426,Alleria Windrunner,,,,1,7,0,0,118072,0,0,0,1,1,1,1,0,0,0
229427,Wisp of Wind,,,,0,10,0,3,21955,110863,0,0,0,1,1,1,0,0,0
229448,Alleria Windrunner,,,,1,7,0,0,118072,0,0,0,1,1,1,1,0,0,0
229449,Faerin Lothar,,,,1,7,0,0,115280,0,0,0,1,1,1,1,0,0,0
229451,Nightfall Darkcaster,,,,1,7,0,0,121400,0,0,0,1,1,1,1,176599,176586,0
229453,Aelric Leid,,Aide de Camp,,1,7,0,0,115283,0,0,0,1,1,1,1,21573,21572,0
229494,Moira Thaurissan,,Queen of the Dark Iron,,1,7,0,0,120588,0,0,0,1,1,1,1,0,0,0
229512,Nerubian Swarmite,,,,0,1,296,3,114989,114988,114987,114986,1,1,1,1,0,0,0
229696,Targeting Bunny,,,,0,10,0,0,83572,11686,0,0,0,1,1,1,0,0,0
229697,Targeting Bunny,,,,0,10,0,0,107428,11686,0,0,0,1,1,1,0,0,0
229744,Executor Nizrek,,The Vizier,,1,7,0,0,119884,0,0,0,1,1,1,1,0,0,0
229779,Gizmo the Pure,,,,0,12,0,0,122124,0,0,0,1,1,1,1,0,0,0
229790,Blacksteel Loader,,The Bilge Rats,,0,7,0,0,121261,121262,0,0,2,2,1,1,56817,56817,0
229794,Spineskin Fuselighter,,The Bilge Rats,,0,7,0,0,6078,0,0,0,1,1,1,1,107254,0,0
229795,Anub'azal,,The General,,1,7,0,0,119886,0,0,0,1,1,1,1,0,0,0
229797,Widow Arak'nai,,The Weaver,,0,7,0,0,116358,0,0,0,1,1,1,1,0,0,0
229804,Swarming Screamer,,,,0,1,296,3,114989,114988,114987,114986,1,1,1,1,0,0,0
229807,TEST,,,,0,12,0,0,122128,0,0,0,1,1,1,1,0,0,0
229827,Brinescale Cutthroat,,The Bilge Rats,,0,7,0,0,80475,0,0,0,1,1,1,1,79832,0,0
229829,Ookin Scoundrel,,The Bilge Rats,,0,7,0,0,121264,76947,121265,0,1,1,1,1,1897,0,155818
229830,Spineskin Horker,,The Bilge Rats,,0,7,0,0,6078,0,0,0,1,1,1,1,2695,0,0
229841,Turalyon,,,,1,7,0,0,100762,0,0,0,1,1,1,1,0,0,0
229842,Locus Walker,,,,0,7,0,0,78749,0,0,0,1,1,1,1,0,0,0
229843,Anduin Wrynn,,,,1,7,0,0,115995,0,0,0,1,1,1,1,224743,0,0
229844,Archmage Khadgar,,,,1,7,0,0,123402,0,0,0,1,1,1,1,23998,0,0
229846,Parrlok,,,,0,12,0,0,122139,0,0,0,1,1,1,1,0,0,0
229860,Gummi,,,,0,12,0,0,122142,0,0,0,1,1,1,1,0,0,0
229869,Adelgonn,,Stoneward,,1,7,0,0,117127,0,0,0,1,1,1,1,110039,0,0
229871,Kill Credit [DNT],,,,0,10,0,0,11686,0,0,0,1,1,1,1,0,0,0
229883,Kill Credit [DNT],,,,0,10,0,0,11686,0,0,0,1,1,1,1,0,0,0
229884,Kill Credit [DNT],,,,0,10,0,0,11686,0,0,0,1,1,1,1,0,0,0
229885,Kill Credit [DNT],,,,0,10,0,0,11686,0,0,0,1,1,1,1,0,0,0
229886,Kill Credit [DNT],,,,0,10,0,0,11686,0,0,0,1,1,1,1,0,0,0
229887,Kill Credit [DNT],,,,0,10,0,0,11686,0,0,0,1,1,1,1,0,0,0
229888,Kill Credit [DNT],,,,0,10,0,0,11686,0,0,0,1,1,1,1,0,0,0
229889,Kill Credit [DNT],,,,0,10,0,0,11686,0,0,0,1,1,1,1,0,0,0
229890,Thrillbot 9000,,,,0,12,0,0,122172,0,0,0,1,1,1,1,0,0,0
229901,Chillbot 9000,,,,0,12,0,0,122173,0,0,0,1,1,1,1,0,0,0
229928,Gazix Fusegrease,,Gazlowe's Greasemonkeys,,0,7,0,0,122189,0,0,0,1,1,1,1,206515,206515,0
229931,Energy,,,,0,10,0,3,21955,23767,0,0,0,1,1,1,0,0,0
229945,Faerin Lothar,,,,1,7,0,0,129110,0,0,0,1,1,1,1,220159,0,0
229951,Captain Roderick Brewston,,,,0,7,0,0,122768,0,0,0,1,1,1,1,2178,6434,0
229970,Restless Odek,,,,2,5,0,0,24301,0,0,0,1,1,1,1,0,0,0
230029,Supplier Wei,,Trading Post,,0,7,0,0,41357,0,0,0,1,1,1,1,0,0,0
230030,Supplier Wei,,Trading Post,,0,7,0,0,41357,0,0,0,1,1,1,1,0,0,0
230055,Anduin Wrynn,,,,1,7,0,0,115995,0,0,0,1,1,1,1,224743,0,0
230057,Faerin Lothar,,,,1,7,0,0,115280,0,0,0,1,1,1,1,220159,0,0
230060,Aelric Leid,,Aide de Camp,,1,7,0,0,115283,0,0,0,1,1,1,1,21573,21572,0
230062,Alleria Windrunner,,,,1,7,0,0,118072,0,0,0,1,1,1,1,0,0,219442
230090,Arathi Stalwart,,,,0,7,0,0,122870,122871,122872,122873,1,1,1,1,214436,222984,0
230091,General Steelstrike,,,,1,7,0,0,122876,0,0,0,1,1,1,1,218268,0,0
230093,Faerin Lothar,,,,1,7,0,0,122877,0,0,0,1,1,1,1,220159,0,0
230094,Slain Kobyss,,,,0,7,0,0,115454,115455,115482,115483,1,1,1,1,0,0,0
230095,Aelric Leid,,Aide de Camp,,1,7,0,0,122878,0,0,0,1,1,1,1,0,0,0
230096,Invisible Stalker,,,,0,7,0,0,56187,11686,0,0,0,1,1,1,0,0,0
230097,Marran Trollbane,,,,1,7,0,0,122230,0,0,0,1,1,1,1,0,0,0
230098,Spindle,,,,0,7,0,0,121053,0,0,0,1,1,1,1,0,0,0
230101,Adelgonn,,Stoneward,,1,7,0,0,117127,0,0,0,1,1,1,1,110039,0,0
230102,Baelgrim,,Stormward,,1,7,0,0,114472,0,0,0,1,1,1,1,211256,0,0
230103,Zarein,,,,1,4,0,0,114474,0,0,0,1,1,1,1,0,0,0
230104,Swift Stormrook,,,,1,4,0,3,114500,0,0,0,1,1,1,1,0,0,0
230105,Wenbrandt,,,,1,7,0,0,114514,0,0,0,1,1,1,1,223483,0,0
230106,Queensguard Zirix,,,,1,7,0,0,114662,0,0,0,1,1,1,1,0,0,0
230128,Kalecgos,,Aspect of the Blue Dragonflight,,1,2,0,0,116648,0,0,0,0,1,1,1,0,0,0
230143,Boat,,,,6,10,0,0,122246,0,0,0,1,1,1,1,0,0,0
230155,Xal'atath,,,,1,15,0,0,117121,0,0,0,1,1,1,1,0,0,0
230190,Oathsworn Earthen,,,,0,7,0,0,117414,117415,117412,117413,1,1,1,1,0,0,0
230201,Lightforged Vindicator,,,,0,7,0,0,82300,82301,82302,82303,1,1,1,1,158900,0,0
230215,Burrowing Worm,,,,0,1,42,0,117062,117064,117063,115007,1,1,1,1,0,0,0
230239,Moira Thaurissan,,Queen of the Dark Iron,,0,7,0,0,120588,0,0,0,1,1,1,1,158463,0,0
230240,Dagran Thaurissan II,,,,1,7,0,0,119519,0,0,0,1,1,1,1,0,0,0
230246,Li Li Stormstout,,Apprentice Lorewalker,,0,7,0,0,126169,0,0,0,0,1,1,1,0,0,0
230250,Supplier Wei,,Trading Post,,0,7,0,0,41357,0,0,0,1,1,1,1,0,0,0
230251,Supplier Wei,,Trading Post,,0,7,0,0,41357,0,0,0,1,1,1,1,0,0,0
230252,Supplier Wei,,Trading Post,,0,7,0,0,41357,0,0,0,1,1,1,1,0,0,0
230253,Supplier Wei,,Trading Post,,0,7,0,0,41357,0,0,0,1,1,1,1,0,0,0
230254,Supplier Wei,,Trading Post,,0,7,0,0,41357,0,0,0,1,1,1,1,0,0,0
230255,Supplier Wei,,Trading Post,,0,7,0,0,41357,0,0,0,1,1,1,1,0,0,0
230256,Supplier Wei,,Trading Post,,0,7,0,0,41357,0,0,0,1,1,1,1,0,0,0
230257,Supplier Wei,,Trading Post,,0,7,0,0,41357,0,0,0,1,1,1,1,0,0,0
230258,Supplier Wei,,Trading Post,,0,7,0,0,41357,0,0,0,1,1,1,1,0,0,0
230259,Supplier Wei,,Trading Post,,0,7,0,0,41357,0,0,0,1,1,1,1,0,0,0
230292,Soul-Scribe,,,,0,7,0,0,126804,0,0,0,1,1,1,1,0,0,0
230330,N'Zoth the Corruptor,,,,1,15,0,0,93507,0,0,0,1,1,1,1,0,0,0
230333,Yogg-Saron,,,,1,15,0,0,28817,0,0,0,1,1,1,1,0,0,0
230334,C'Thun,,,,1,15,0,3,123092,0,0,0,1,1,1,1,0,0,0
230336,Y'Shaarj,,,,1,15,0,0,124227,0,0,0,1,1,1,1,0,0,0
230381,Boost,,,,0,10,0,3,122740,0,0,0,1,1,1,1,0,0,0
230388,Honor Guard,,,,0,7,0,0,124170,0,0,0,1,1,1,1,225754,217173,0
230394,Tidal Kroling,,,,0,14,0,0,122396,122397,122395,0,35,10,35,1,0,0,0
230400,Xal'atath,,,,1,15,0,3,122404,0,0,0,1,1,1,1,0,0,0
230403,Silver Covenant Spellcaster,,,,0,7,0,0,121969,121970,121971,121972,1,1,1,1,140564,0,0
230404,Kirin Tor Conjuror,,,,0,7,0,0,121983,121981,121982,121986,1,1,1,1,190846,0,0
230405,Sunreaver Battlemage,,,,0,7,0,0,121978,121979,121980,121975,1,1,1,1,159840,125863,0
230447,Ballista,,,,0,10,0,3,117239,11686,0,0,0,1,1,1,0,0,0
230455,Personal Skiff,,,,0,10,0,3,117239,11686,0,0,0,1,1,1,0,0,0
230460,"Renzik ""The Shiv""",,SI:7 Operative,,1,7,0,0,120369,0,0,0,1,1,1,1,18838,18838,0
230461,Monte Gazlowe,,Bilgewater Trade-Prince,,1,7,0,0,121049,0,0,0,1,1,1,1,0,0,0
230524,Sharptalon Stalker,,The Bilge Rats,,0,7,0,0,122448,122447,0,0,1,1,1,1,158508,191746,0
230553,Boost,,,,0,10,0,3,23767,0,0,0,1,1,1,1,0,0,0
230560,Seasmasher Deckmate,,The Bilge Rats,,0,7,0,0,122465,0,0,0,1,1,1,1,217813,0,0
230561,C'Thun,,,,1,15,0,3,15786,0,0,0,1,1,1,1,0,0,0
230571,Aqir Destroyer,,,,0,15,0,0,90723,0,0,0,1,1,1,1,0,0,0
230573,Umbral Seer,,,,1,15,0,0,90740,90739,90741,0,1,1,1,1,0,0,0
230576,Chosen Champion,,,,1,15,0,0,93172,0,0,0,1,1,1,1,0,0,0
230601,Locus-Walker,,,,0,7,0,0,131473,0,0,0,1,1,1,1,124381,0,0
230602,Xal'atath,,The Harbinger,,1,15,0,0,131474,0,0,0,1,1,1,1,0,0,0
230603,Om'resh,,,,0,7,0,0,122330,0,0,0,1,1,1,1,0,0,0
230609,Alleria Windrunner,,,,1,7,0,0,131464,0,0,0,1,1,1,1,0,0,219442
230627,Kill Credit [DNT],,,,0,10,0,0,11686,0,0,0,1,1,1,1,0,0,0
230628,Kill Credit [DNT],,,,0,10,0,0,11686,0,0,0,1,1,1,1,0,0,0
230629,Kill Credit [DNT],,,,0,10,0,0,11686,0,0,0,1,1,1,1,0,0,0
230630,Kill Credit [DNT],,,,0,10,0,0,11686,0,0,0,1,1,1,1,0,0,0
230631,Kill Credit [DNT],,,,0,10,0,0,11686,0,0,0,1,1,1,1,0,0,0
230632,Kill Credit [DNT],,,,0,10,0,0,11686,0,0,0,1,1,1,1,0,0,0
230633,Kill Credit [DNT],,,,0,10,0,0,11686,0,0,0,1,1,1,1,0,0,0
230645,Soul-Scribe,,,,0,7,0,0,126804,0,0,0,1,1,1,1,0,0,0
230658,Xal'atath,,The Harbinger,,1,15,0,0,131474,0,0,0,1,1,1,1,0,0,0
230666,Demon Hunter Champion,,,,0,7,0,0,122533,0,0,0,1,1,1,1,221160,221160,0
230670,Paladin Champion,,,,0,7,0,0,122541,0,0,0,1,1,1,1,218444,218445,0
230689,Warrior Champion,,,,0,7,0,0,122547,0,0,0,1,1,1,1,207014,162885,0
230693,Demon Hunter Champion,,,,0,7,0,0,122569,0,0,0,1,1,1,1,212391,212391,0
230778,Ripsnoodle,,Entrepreneur Inc.,,1,7,0,0,116566,0,0,0,1,1,1,1,0,0,0
230779,Skedgit Cinderbangs,,Entrepreneur Inc.,,1,7,0,0,115844,0,0,0,1,1,1,1,0,0,0
230811,Locus-Walker,,,,0,7,0,0,131473,0,0,0,1,1,1,1,124381,0,0
230815,Faerin Lothar,,,,1,7,0,0,129110,0,0,0,1,1,1,1,220159,0,0
230825,Xal'atath,,The Harbinger,,1,15,0,0,131474,0,0,0,1,1,1,1,0,0,0
230834,Gill'el,,,,0,12,0,0,120330,0,0,0,1,1,1,1,0,0,0
230837,Drowned Helhound,,,,0,6,52,0,122602,0,0,0,1,1,1,1,0,0,0
230850,Darkfuse Re-Grabber,,Eyes of Gallywix,,0,9,0,3,80864,0,0,0,1,1,1,1,0,0,0
230856,Darkfuse Pursuit Mech,,,,1,9,0,3,82944,0,0,0,1,1,1,1,0,0,0
230859,Snowfang,,,,0,8,0,0,73093,0,0,0,1,1,1,1,0,0,0
230862,Kreethun,,,,0,3,29,0,122661,0,0,0,1,1,1,1,22199,0,0
230868,High Speaker's Guard,,,,0,7,0,0,114755,117459,0,0,0,1,1,1,214494,0,0
230870,Dreadstalker,,,,6,3,0,0,77402,77403,77404,0,1,1,1,1,0,0,0
230873,Wild Imp,,,,6,3,0,0,77405,77406,77407,0,1,1,1,1,0,0,0
230898,Kill Credit [DNT],,,,0,10,0,0,11686,0,0,0,1,1,1,1,0,0,0
230900,Kill Credit [DNT],,,,0,10,0,0,11686,0,0,0,1,1,1,1,0,0,0
230905,Kill Credit [DNT],,,,0,10,0,0,11686,0,0,0,1,1,1,1,0,0,0
230928,General Steelstrike,,,,1,7,0,0,122876,0,0,0,1,1,1,1,0,0,0
230977,Overseer Dritz,,Darkfuse Enforcement,,0,7,0,0,123785,0,0,0,1,1,1,1,0,0,0
230987,Kill Credit [DNT],,,,0,10,0,0,11686,0,0,0,1,1,1,1,0,0,0
230988,Kill Credit [DNT],,,,0,10,0,0,11686,0,0,0,1,1,1,1,0,0,0
230989,Kill Credit [DNT],,,,0,10,0,0,11686,0,0,0,1,1,1,1,0,0,0
230998,Kill Credit [DNT],,,,0,10,0,0,11686,0,0,0,1,1,1,1,0,0,0
230999,Kill Credit [DNT],,,,0,10,0,0,11686,0,0,0,1,1,1,1,0,0,0
231000,Kill Credit [DNT],,,,0,10,0,0,11686,0,0,0,1,1,1,1,0,0,0
231001,Kill Credit [DNT],,,,0,10,0,0,11686,0,0,0,1,1,1,1,0,0,0
231030,Arator,,,,1,7,0,0,130420,0,0,0,1,1,1,1,233067,0,0
231071,Blastburn Roarcannon Stalker [DNT],,,,0,10,0,0,1126,118628,0,0,0,1,1,1,0,0,0
231084,Neighborhood Local,,,,0,7,0,0,35369,3642,1664,3324,1,1,1,1,0,0,0
231096,Kill Credit [DNT],,,,0,10,0,0,11686,0,0,0,1,1,1,1,0,0,0
231097,Kill Credit [DNT],,,,0,10,0,0,11686,0,0,0,1,1,1,1,0,0,0
231098,Kill Credit [DNT],,,,0,10,0,0,11686,0,0,0,1,1,1,1,0,0,0
231099,Kill Credit [DNT],,,,0,10,0,0,11686,0,0,0,1,1,1,1,0,0,0
231100,Kill Credit - Progress Bar [DNT],,,,0,10,0,0,11686,0,0,0,1,1,1,1,0,0,0
231102,Faerin Lothar,,,,1,7,0,0,122723,0,0,0,1,1,1,1,0,0,0
231128,Locus-Walker,,,,0,7,0,0,131473,0,0,0,1,1,1,1,0,0,0
231171,Sound Stalker - 11.0 Scenario - Theater Troupe - Audience,,,,6,10,0,3,90874,11686,0,0,0,1,1,1,0,0,0
231374,Light Blue Balloon,,,,0,12,0,0,122843,0,0,0,0,1,1,1,0,0,0
231375,Dark Blue Balloon,,,,0,12,0,0,122844,0,0,0,0,1,1,1,0,0,0
231376,Gold Balloon,,,,0,12,0,0,122845,0,0,0,0,1,1,1,0,0,0
231395,Yu'lon,,The Jade Serpent,,1,2,303,3,40799,0,0,0,1,1,1,1,0,0,0
231415,Expedition Shieldhand,,,,0,7,0,0,123710,0,0,0,1,1,1,1,0,0,0
231436,Stasis-Locked Obsidian Warder,,,,0,7,0,0,104843,104844,104845,104846,1,1,1,1,0,0,0
231448,Tiny Torq,,,,0,12,0,0,121417,0,0,0,1,1,1,1,0,0,0
231450,Rocketfist,,,,0,12,0,0,121420,0,0,0,1,1,1,1,0,0,0
231451,Mega-Mecha Gorilla,,,,0,12,0,0,121419,0,0,0,1,1,1,1,0,0,0
231453,Professor Punch,,,,0,12,0,0,121418,0,0,0,1,1,1,1,0,0,0
231454,Fun-Size Flarendo,,,,0,12,0,0,121813,0,0,0,1,1,1,1,0,0,0
231455,Crimson Mechasaur,,,,0,12,0,0,121815,0,0,0,1,1,1,1,0,0,0
231456,Viridian Mechasaur,,,,0,12,0,0,121816,0,0,0,1,1,1,1,0,0,0
231457,Wavebreaker Mechasaur,,,,0,12,0,0,121814,0,0,0,1,1,1,1,0,0,0
231458,Bilgewater Junkhauler,,,,0,12,0,0,121695,0,0,0,1,1,1,1,0,0,0
231459,Blackwater Kegmover,,,,0,12,0,0,121701,0,0,0,1,1,1,1,0,0,0
231460,Venture Companyman,,,,0,12,0,0,121705,0,0,0,1,1,1,1,0,0,0
231461,Steamwheedle Flunkie,,,,0,12,0,0,121703,0,0,0,1,1,1,1,0,0,0
231462,Mr. DELVER,,,,0,12,0,0,121697,0,0,0,1,1,1,1,0,0,0
231463,Personal-Use Sapper,,,,0,12,0,0,121699,0,0,0,1,1,1,1,0,0,0
231464,Mutt,,,,0,12,0,0,121853,0,0,0,1,1,1,1,0,0,0
231465,Grinner,,,,0,12,0,0,121850,0,0,0,1,1,1,1,0,0,0
231466,Goggles,,,,0,12,0,0,121855,0,0,0,1,1,1,1,0,0,0
231467,Scruff,,,,0,12,0,0,121851,0,0,0,1,1,1,1,0,0,0
231468,Eepy,,,,0,12,0,0,121852,0,0,0,1,1,1,1,0,0,0
231469,Foreman,,,,0,12,0,0,144093,0,0,0,1,1,1,1,0,0,0
231470,Acid-Drenched Rat,,,,0,14,0,0,120524,0,0,0,1,1,1,1,0,0,0
231471,Acid-Drenched Rat,,,,0,8,0,0,120524,0,0,0,1,1,1,1,0,0,0
231472,Alonsus Faol,,Bishop of Secrets,,1,7,0,0,67043,0,0,0,1,1,1,1,0,0,0
231475,Alleria Windrunner,,,,1,7,0,0,131464,0,0,0,1,1,1,1,0,0,219442
231477,Wily Rat,,,,0,14,0,0,120521,120522,120520,0,20,3,8,1,0,0,0
231478,Wily Rat,,,,0,8,0,0,120521,120522,120520,0,20,3,8,1,0,0,0
231479,Lab Rat,,,,0,12,0,0,120525,0,0,0,1,1,1,1,0,0,0
231480,Underroach,,,,0,8,0,0,120515,120516,0,0,20,3,1,1,0,0,0
231481,Underroach,,,,0,14,0,0,120515,120516,0,0,20,3,1,1,0,0,0
231482,Doomguard,,,,0,3,19,0,64965,0,0,0,0,1,1,1,0,0,0
231522,Alleria Windrunner,,,,1,7,0,0,131464,0,0,0,1,1,1,1,0,0,0
231523,Xal'atath,,The Harbinger,,1,15,0,0,131474,0,0,0,1,1,1,1,0,0,0
231524,Locus-Walker,,,,0,7,0,0,131473,0,0,0,1,1,1,1,124381,0,0
231536,Apprentice Tanmar,,Sacredite Gemwright,,0,7,0,0,122922,0,0,0,1,1,1,1,0,0,0
231539,Trader Pam,,Specialty Trading Post,,0,7,0,0,122923,0,0,0,1,1,1,1,0,0,0
231540,Scalecommander Azurathel,,Obsidian Warders,,0,7,0,0,102032,107028,0,0,1,0,1,1,0,0,0
231542,Mounted Stormranger,,,,0,7,0,3,123788,123791,123796,123799,1,1,1,1,220760,0,226481
231544,Scalecommander Cindrethresh,,Dark Talons,,0,7,0,0,102033,107101,0,0,1,0,1,1,0,0,0
231546,Xal'atath,,,,1,15,0,0,117121,0,0,0,1,1,1,1,0,0,0
231548,Cruncher,,,,0,12,0,0,120514,0,0,0,1,1,1,1,0,0,0
231550,Bombshell Crab,,,,0,14,0,0,120711,120712,120708,0,20,5,1,1,0,0,0
231559,Bombshell Crab,,,,0,8,0,0,120711,120712,120708,0,20,5,1,1,0,0,0
231567,Venture Bombshell,,,,0,14,0,0,120713,120710,0,0,20,5,1,1,0,0,0
231568,Venture Bombshell,,,,0,8,0,0,120713,120710,0,0,20,5,1,1,0,0,0
231570,Cave Crab,,,,0,14,0,0,120699,120703,120706,0,20,5,1,1,0,0,0
231571,Cave Crab,,,,0,8,0,0,120699,120703,120706,0,20,5,1,1,0,0,0
231572,Kaja Crab,,,,0,14,0,0,120702,0,0,0,20,1,1,1,0,0,0
231573,Kaja Crab,,,,0,8,0,0,120702,0,0,0,20,1,1,1,0,0,0
231574,Paleshell Crab,,,,0,14,0,0,120705,0,0,0,20,1,1,1,0,0,0
231575,Paleshell Crab,,,,0,8,0,0,120705,0,0,0,20,1,1,1,0,0,0
231577,Varmint MK II,,,,0,14,0,0,75352,0,0,0,20,1,1,1,0,0,0
231578,Varmint MK-II,,,,0,8,0,0,75352,0,0,0,20,1,1,1,0,0,0
231579,Lime Roboclucker,,,,0,14,0,0,75334,0,0,0,20,1,1,1,0,0,0
231593,Undermine Resident,,,,0,7,0,0,125434,125511,125512,125435,1,1,1,1,0,0,0
231604,Generic Bunny - (STM),,,,0,10,0,0,22903,11686,0,0,0,1,1,1,0,0,0
231610,Lime Roboclucker,,,,0,8,0,0,75334,0,0,0,20,1,1,1,0,0,0
231611,Copper Robochicken,,,,0,14,0,0,75332,0,0,0,20,1,1,1,0,0,0
231612,Copper Robochicken,,,,0,8,0,0,75332,0,0,0,20,1,1,1,0,0,0
231613,Yellow Tropical Frog,,,,0,14,0,0,122963,0,0,0,20,1,1,1,0,0,0
231614,Yellow Tropical Frog,,,,0,8,0,0,122963,0,0,0,20,1,1,1,0,0,0
231616,Tropical Frog,,,,0,14,0,0,122964,0,0,0,20,1,1,1,0,0,0
231618,Tropical Frog,,,,0,8,0,0,122964,0,0,0,20,1,1,1,0,0,0
231621,Iron Chick,,,,0,12,0,0,75331,0,0,0,1,1,1,1,0,0,0
231622,Mechagopher,,,,0,12,0,0,75348,0,0,0,1,1,1,1,0,0,0
231624,Trader Toffa,,Specialty Trading Post,,0,7,0,0,122965,0,0,0,1,1,1,1,0,0,0
231627,Black Cave Crab,,,,0,12,0,0,120695,0,0,0,1,1,1,1,0,0,0
231628,Bawkinator 2000,,,,0,12,0,0,75333,0,0,0,1,1,1,1,0,0,0
231630,Trader Josef,,Specialty Trading Post,,0,7,0,0,122976,0,0,0,1,1,1,1,0,0,0
231634,Trader Fram,,Specialty Trading Post,,0,7,0,0,122984,0,0,0,1,1,1,1,0,0,0
231665,Dog,,,,0,1,1,0,111025,111027,111028,111029,1,1,1,1,0,0,0
231666,Undermine Resident,,,,0,7,0,0,125309,125795,125796,125321,1,1,1,1,0,0,0
231684,Spring-Loaded Ribbitron,,,,0,14,0,0,78845,0,0,0,20,1,1,1,0,0,0
231685,Spring-Loaded Ribbitron,,,,0,8,0,0,78845,0,0,0,20,1,1,1,0,0,0
231686,Ultrahopper EX,,,,0,14,0,0,78836,0,0,0,20,1,1,1,0,0,0
231687,Ultrahopper EX,,,,0,8,0,0,78836,0,0,0,20,1,1,1,0,0,0
231712,Hemospore,,,,0,8,0,0,115405,115408,115403,0,1,10,100,1,0,0,0
231713,Bluedoo,,,,0,12,0,0,123008,0,0,0,1,1,1,1,0,0,0
231728,Alchemical Runoff,,,,0,14,0,0,123018,0,0,0,1,1,1,1,0,0,0
231729,Alchemical Runoff,,,,0,8,0,0,123018,0,0,0,1,1,1,1,0,0,0
231755,Faerin Lothar,,,,1,7,0,0,122723,0,0,0,1,1,1,1,0,0,0
231756,Hermes,,,,0,12,0,0,120709,0,0,0,1,1,1,1,0,0,0
231757,Cauldrone,,,,0,12,0,0,47711,0,0,0,1,1,1,1,0,0,0
231758,Finnity,,,,0,12,0,0,74800,0,0,0,1,1,1,1,0,0,0
231759,Eitrigg,,,,1,7,0,0,128707,0,0,0,1,1,1,1,10612,0,0
231760,Crunchy,,,,0,12,0,0,54848,0,0,0,1,1,1,1,0,0,0
231762,Dosh,,,,0,12,0,0,123032,0,0,0,1,1,1,1,0,0,0
231763,FO-MO Mark II,,,,0,12,0,0,111667,0,0,0,1,1,1,1,0,0,0
231764,Faerin Lothar,,,,1,7,0,0,129110,0,0,0,1,1,1,1,220159,0,0
231769,Line Owner,,,,0,10,0,0,22903,11686,0,0,0,1,1,1,0,0,0
231798,Hotel Line,,,,0,10,0,0,22903,11686,0,0,0,1,1,1,0,0,0
231814,Unstable Rocket,,,,0,9,0,3,58149,0,0,0,1,1,1,1,0,0,0
231820,Ve'nari,,Founder of the Trust,,1,7,0,0,130488,0,0,0,1,1,1,1,0,0,0
231840,Lil'Doomy,,,,0,12,0,0,123068,0,0,0,1,1,1,1,230213,0,0
231841,Lil'Kaz,,,,0,12,0,0,123075,0,0,0,1,1,1,1,230215,0,0
231891,Lorewalker Cho,,,,0,7,0,0,127838,0,0,0,1,1,1,1,0,0,0
231902,Caverns of Time Portal,,,,0,10,0,0,113523,0,0,0,1,1,1,1,0,0,0
231927,Y'Shaarj,,,,1,15,0,3,123089,0,0,0,1,1,1,1,0,0,0
231931,Yogg-Saron,,,,1,15,0,3,123090,0,0,0,1,1,1,1,0,0,0
231932,Sentry Totem,,,,0,10,0,0,123268,0,0,0,1,1,1,1,0,0,0
231988,Rocket-Chief Fuselage,,B.O.O.M. Commander,,0,7,0,0,91533,0,0,0,1,1,1,1,0,0,136632
231997,Didi the Wrench,,,,0,7,0,0,124371,0,0,0,1,1,1,1,0,0,0
232048,Jeremy Feasel,,Master Pet Tamer,,0,7,0,0,123262,0,0,0,1,1,1,1,0,0,0
232095,[DNT] Symbol,,,,0,10,0,3,123282,123283,123284,123285,1,1,1,1,0,0,0
232184,Background,,,,0,10,0,0,127495,0,0,0,1,1,1,1,0,0,0
232214,Xal'atath,,,,0,10,0,3,1126,11686,0,0,0,1,1,1,0,0,0
232229,Delve Credit,,,,0,10,0,3,22903,11686,0,0,0,1,1,1,0,0,0
232231,Lorewalker Cho,,,,1,10,0,0,29101,0,0,0,1,1,1,1,0,0,0
232233,Blingston Wrenchbreaker,,,,0,7,0,0,123322,0,0,0,1,1,1,1,0,0,0
232253,Pet Pal,,,,0,12,0,0,116580,16359,106617,73637,1,1,1,1,0,0,0
232279,Pet Pal,,,,0,12,0,0,116571,112290,106628,68845,1,1,1,1,0,0,0
232280,Pet Pal,,,,0,12,0,0,116543,111025,111259,106638,1,1,1,1,0,0,0
232295,Almyr Sunhart,,Sacredite Scribe,,0,7,0,0,124672,0,0,0,1,1,1,1,0,0,0
232296,Brann Bronzebeard,,,,0,7,0,0,115505,0,0,0,1,1,1,1,0,0,0
232300,Kerlock Tinkercraft,,Proprietor,,0,7,0,0,123411,0,0,0,1,1,1,1,0,0,0
232328,Elylian Tinkercraft,,Shop Attendant,,0,7,0,0,123427,0,0,0,1,1,1,1,0,0,0
232329,Missy Hammet,,Proprietor,,0,7,0,0,123436,0,0,0,1,1,1,1,0,0,0
232331,Wynna Hammet,,Shop Attendant,,0,7,0,0,123413,0,0,0,1,1,1,1,0,0,0
232332,Viruuni,,Clerk,,0,7,0,0,123405,0,0,0,1,1,1,1,0,0,0
232333,Navim,,Assistant,,0,7,0,0,123408,0,0,0,1,1,1,1,0,0,0
232336,Arlor Morrowmourn,,Clerk,,0,7,0,0,123397,0,0,0,1,1,1,1,0,0,0
232337,Skamp,,Assistant,,0,1,23,0,123617,0,0,0,1,1,1,1,0,0,0
232338,Ru'zul,,Housekeeper,,0,7,0,0,123439,0,0,0,1,1,1,1,0,0,0
232349,Hiruk Hollowbone,,Innkeeper,,0,7,0,0,123432,0,0,0,1,1,1,1,0,0,0
232350,Bristles,,Housekeeper,,0,7,0,0,123410,0,0,0,1,1,1,1,0,0,0
232352,Zworbu,,"""Support Staff""",,0,1,5,0,123624,0,0,0,1,1,1,1,0,0,0
232353,Gora,,"""Support Staff""",,0,1,5,0,123623,0,0,0,1,1,1,1,0,0,0
232355,Sellin Everfold,,Magister,,0,7,0,0,123443,0,0,0,1,1,1,1,0,0,0
232356,Kydrel Paledawn,,Apprentice,,0,7,0,0,123435,0,0,0,1,1,1,1,0,0,0
232357,Noemille Maltros,,Arcanist,,0,7,0,0,123425,0,0,0,1,1,1,1,0,0,0
232358,Oulteir Kolto,,Apprentice,,0,7,0,0,123423,0,0,0,1,1,1,1,0,0,0
232360,Lestia Goldenstrike,,Carpenter,,0,7,0,0,123409,0,0,0,1,1,1,1,0,0,0
232361,Salma Padley,,Part-Time Worker,,0,7,0,0,123414,0,0,0,1,1,1,1,0,0,0
232363,Xiz'ro,,Carpenter,,0,7,0,0,123437,0,0,0,1,1,1,1,0,0,0
232364,Tyl,,Apprentice,,0,7,0,0,123403,0,0,0,1,1,1,1,0,0,0
232366,Keita Notleigh,,Shepherd,,0,7,0,0,123440,0,0,0,1,1,1,1,0,0,0
232367,Narathe,,,,0,7,0,0,124124,0,0,0,1,1,1,1,233003,0,0
232370,Song Hua Notleigh,,Herder,,0,7,0,0,123430,0,0,0,1,1,1,1,0,0,0
232371,Eza,,Wrangler,,0,7,0,0,123441,0,0,0,1,1,1,1,0,0,0
232372,Tiva Foxglove,,Herder,,0,7,0,0,123428,0,0,0,1,1,1,1,0,0,0
232373,Ho-Jin Yoon,,Florist,,0,7,0,0,123429,0,0,0,1,1,1,1,0,0,0
232374,Abaxial,,Shop Attendant,,0,7,0,0,123416,0,0,0,1,1,1,1,0,0,0
232375,Hye-Jung Yoon,,Florist,,0,7,0,0,123431,0,0,0,1,1,1,1,0,0,0
232377,Azka Leafbutton,,Shop Attendant,,0,7,0,0,123412,0,0,0,1,1,1,1,0,0,0
232384,Dagran Thaurissan II,,,,1,7,0,0,119519,0,0,0,1,1,1,1,0,0,0
232387,Bilgewater Mechanic,,,,0,7,0,0,57072,57071,57070,57069,1,1,1,1,0,0,0
232431,Delverbot5000,,,,1,9,154,0,123309,0,0,0,1,1,1,1,0,0,0
232472,Delve Credit,,,,0,10,0,3,22903,11686,0,0,0,1,1,1,0,0,0
232502,Reven,,,,0,12,0,0,123434,0,0,0,1,1,1,1,0,0,0
232533,Timbered Sky Snakelet,,,,0,12,0,3,123450,0,0,0,1,1,1,1,0,0,0
232579,Specter,,,,0,12,0,0,123482,0,0,0,1,1,1,1,0,0,0
232585,Karazhan Syphoner,,,,0,12,0,3,123486,0,0,0,1,1,1,1,0,0,0
232620,Kill Credit [DNT],,,,0,10,0,0,11686,0,0,0,1,1,1,1,0,0,0
232621,Kill Credit [DNT],,,,0,10,0,0,11686,0,0,0,1,1,1,1,0,0,0
232622,Kill Credit [DNT],,,,0,10,0,0,11686,0,0,0,1,1,1,1,0,0,0
232623,Kill Credit [DNT],,,,0,10,0,0,11686,0,0,0,1,1,1,1,0,0,0
232646,[DNT] Echo Device Missile,,,,0,10,0,3,328,27823,0,0,0,1,1,1,0,0,0
232650,[DNT] Echo Device Missile,,,,0,10,0,3,123522,0,0,0,1,1,1,1,0,0,0
232758,Kill Credit [DNT],,,,0,10,0,0,11686,0,0,0,1,1,1,1,0,0,0
232759,Kill Credit [DNT],,,,0,10,0,0,11686,0,0,0,1,1,1,1,0,0,0
232760,Kill Credit [DNT],,,,0,10,0,0,11686,0,0,0,1,1,1,1,0,0,0
232761,Kill Credit [DNT],,,,0,10,0,0,11686,0,0,0,1,1,1,1,0,0,0
232783,Ookin Scribbler,,The Bilge Rats,,0,7,0,0,80402,0,0,0,1,1,1,1,1897,0,0
232786,Hozen Hang Bunny,,,,6,10,0,3,64062,11686,0,0,0,1,1,1,0,0,0
232788,Hozen Poetry,,,,0,10,0,3,84285,0,0,0,1,1,1,1,0,0,0
232825,First Mate Dat-Dat,,The Bilge Rats,,0,7,0,0,80924,0,0,0,1,1,1,1,159587,159587,0
232914,Kill Credit [DNT],,,,0,10,0,0,11686,0,0,0,1,1,1,1,0,0,0
232915,Kill Credit [DNT],,,,0,10,0,0,11686,0,0,0,1,1,1,1,0,0,0
232916,Kill Credit [DNT],,,,0,10,0,0,11686,0,0,0,1,1,1,1,0,0,0
232917,Kill Credit [DNT],,,,0,10,0,0,11686,0,0,0,1,1,1,1,0,0,0
232987,Faerin Lothar,,,,1,7,0,0,129110,0,0,0,1,1,1,1,0,0,0
232999,Kill Credit [DNT],,,,0,10,0,0,11686,0,0,0,1,1,1,1,0,0,0
233001,Kill Credit [DNT],,,,0,10,0,0,11686,0,0,0,1,1,1,1,0,0,0
233003,Kill Credit [DNT],,,,0,10,0,0,11686,0,0,0,1,1,1,1,0,0,0
233004,Kill Credit [DNT],,,,0,10,0,0,11686,0,0,0,1,1,1,1,0,0,0
233005,Kill Credit [DNT],,,,0,10,0,0,11686,0,0,0,1,1,1,1,0,0,0
233009,Kill Credit [DNT],,,,0,10,0,0,11686,0,0,0,1,1,1,1,0,0,0
233010,Kill Credit [DNT],,,,0,10,0,0,11686,0,0,0,1,1,1,1,0,0,0
233028,Kill Credit [DNT],,,,0,10,0,0,11686,0,0,0,1,1,1,1,0,0,0
233061,Meyla Helton,,Innkeeper,,0,7,0,0,123608,0,0,0,1,1,1,1,0,0,0
233062,Tocho Cloudhide,,Steward,,0,7,0,0,131513,0,0,0,1,1,1,1,0,0,0
233064,Vaeli,,Postal Worker,,0,7,0,0,123613,0,0,0,1,1,1,1,0,0,0
233065,Sanaraa,,Store Regular,,0,7,0,0,123614,0,0,0,1,1,1,1,0,0,0
233067,Meznit Cogcash,,Store Regular,,0,7,0,0,123615,0,0,0,1,1,1,1,0,0,0
233070,Inhyldir the Cursed,,The Broken Shade,,1,7,0,3,123644,0,0,0,1,1,1,1,184465,0,0
233071,Celden,,Event Planner,,0,7,0,0,123616,0,0,0,1,1,1,1,0,0,0
233074,Ginde Dreamshift,,Event Planner,,0,7,0,0,123611,0,0,0,1,1,1,1,0,0,0
233077,Laila,,"""Support Staff""",,0,1,1,0,123619,0,0,0,1,1,1,1,0,0,0
233078,Monty,,"""Support Staff""",,0,1,1,0,123620,0,0,0,1,1,1,1,0,0,0
233079,Bandit,,"""Support Staff""",,0,1,1,0,123621,0,0,0,1,1,1,1,0,0,0
233080,Lupin,,"""Support Staff""",,0,1,1,0,123622,0,0,0,1,1,1,1,0,0,0
233082,Eliza,,Pet Familiar,,0,1,2,0,123626,0,0,0,1,1,1,1,0,0,0
233094,Eslee Switchspell,,Mage Apprentice,,0,7,0,0,123636,0,0,0,1,1,1,1,0,0,0
233097,Javier Luxford,,Mage Apprentice,,0,7,0,0,123639,0,0,0,1,1,1,1,0,0,0
233098,Ymik Slatesong,,Part-Time Worker,,0,7,0,0,123640,0,0,0,1,1,1,1,0,0,0
233099,Moira Thaurissan,,Queen of the Dark Iron,,1,7,0,0,123625,0,0,0,1,1,1,1,0,0,0
233101,Moira Thaurissan,,Queen of the Dark Iron,,1,7,0,0,123625,0,0,0,1,1,1,1,0,0,0
233103,Moira Thaurissan,,Queen of the Dark Iron,,1,7,0,0,123625,0,0,0,1,1,1,1,0,0,0
233105,Moira Thaurissan,,Queen of the Dark Iron,,1,7,0,0,123625,0,0,0,1,1,1,1,0,0,0
233107,Moira Thaurissan,,Queen of the Dark Iron,,1,7,0,0,123625,0,0,0,1,1,1,1,0,0,0
233109,Moira Thaurissan,,Queen of the Dark Iron,,1,7,0,0,123625,0,0,0,1,1,1,1,0,0,0
233111,Moira Thaurissan,,Queen of the Dark Iron,,1,7,0,0,123625,0,0,0,1,1,1,1,0,0,0
233113,Moira Thaurissan,,Queen of the Dark Iron,,1,7,0,0,123625,0,0,0,1,1,1,1,0,0,0
233115,Moira Thaurissan,,Queen of the Dark Iron,,1,7,0,0,123625,0,0,0,1,1,1,1,0,0,0
233117,Moira Thaurissan,,Queen of the Dark Iron,,1,7,0,0,123625,0,0,0,1,1,1,1,0,0,0
233119,Moira Thaurissan,,Queen of the Dark Iron,,1,7,0,0,123625,0,0,0,1,1,1,1,0,0,0
233121,Moira Thaurissan,,Queen of the Dark Iron,,1,7,0,0,123625,0,0,0,1,1,1,1,0,0,0
233123,Olanea Rosekind,,Apprentice,,0,7,0,0,123641,0,0,0,1,1,1,1,0,0,0
233125,Ganel Mistgrove,,Herder,,0,7,0,0,123643,0,0,0,1,1,1,1,0,0,0
233128,Lethgor Lonehunter,,Herder,,0,7,0,0,123645,0,0,0,1,1,1,1,0,0,0
233133,Lalni,,Shop Attendant,,0,7,0,0,123646,0,0,0,1,1,1,1,0,0,0
233135,Camphor,,Regular,,0,7,0,0,123647,0,0,0,1,1,1,1,0,0,0
233137,Inhyldir the Cursed,,The Broken Shade,,0,7,0,3,123644,0,0,0,1,1,1,1,184465,0,0
233153,Undermine Arena Center Stalker [DNT],,,,0,10,0,0,1126,118628,0,0,0,1,1,1,0,0,0
233231,Xal'atath,,,,1,15,0,0,117121,0,0,0,1,1,1,1,0,0,0
233237,Lady Jaina Proudmoore,,,,1,7,0,0,88316,0,0,0,1,1,1,1,153575,0,0
233238,Phase-Thief Azir,,,,0,7,0,0,123949,0,0,0,1,1,1,1,0,0,0
233239,Archmage Khadgar,,,,1,7,0,0,123402,0,0,0,1,1,1,1,0,0,0
233241,Kalecgos,,Aspect of the Blue Dragonflight,,1,2,0,0,75614,116648,111427,0,1,0,0,1,0,0,0
233242,Jastor Gallywix,,Overboss of Undermine,,1,7,0,0,75730,0,0,0,1,1,1,1,0,0,0
233243,Monte Gazlowe,,Bilgewater Trade-Prince,,1,7,0,0,121049,0,0,0,1,1,1,1,221476,0,0
233244,Archmage Aethas Sunreaver,,Kirin Tor,,1,7,0,0,123721,0,0,0,1,1,1,1,35781,0,0
233245,Ultra-Deluxe Riotguard,,,,0,7,0,0,121485,0,0,0,1,1,1,1,227293,226834,227293
233285,Ball and chain bunny A,,,,0,10,0,3,81212,27823,0,0,0,1,1,1,0,0,0
233286,Ball and chain bunny B,,,,0,10,0,3,81212,27823,0,0,0,1,1,1,0,0,0
233290,Grappling Hook Bunny,,,,0,10,0,0,328,38497,0,0,0,1,1,1,0,0,0
233311,Fire Wave Stalker [DNT],,,,0,10,0,0,1126,118628,0,0,0,1,1,1,0,0,0
233352,Paladin Champion,,,,0,7,0,0,123772,0,0,0,1,1,1,1,208165,0,0
233353,Mage Champion,,,,0,7,0,0,123774,0,0,0,1,1,1,1,232060,0,0
233354,Demon Hunter Champion,,,,0,7,0,0,123775,0,0,0,1,1,1,1,206246,206246,0
233355,Hunter Champion,,,,0,7,0,0,123776,0,0,0,1,1,1,1,0,0,228362
233392,Wastelander Assassin,,,,0,7,0,0,123812,0,0,0,1,1,1,1,0,0,0
233447,Demoralized Mechanic,,Venture Co.,,0,7,0,0,124638,124639,124640,124641,1,1,1,1,0,0,0
233449,Runed Storm Cache,,,,6,10,0,3,64062,11686,0,0,0,1,1,1,0,0,0
233481,Razeshi B.,,,,0,12,0,0,119681,0,0,0,1,1,1,1,232518,0,0
233511,Narathe,,,,0,7,0,0,124124,0,0,0,1,1,1,1,233003,0,0
233529,Storm Rook,,,,0,1,0,3,123977,123978,123979,123976,1,1,1,1,0,0,0
233530,Lady Jaina Proudmoore,,,,1,7,0,0,88316,0,0,0,1,1,1,1,0,0,0
233532,Skaggit,,,,0,7,0,0,90800,0,0,0,1,1,1,1,0,0,0
233561,Pet Pal,,,,0,12,0,0,116580,16359,106617,73637,1,1,1,1,0,0,0
233564,Grunch,,,,0,12,0,0,123987,0,0,0,1,1,1,1,0,0,0
233626,Carli Joyride,,Gutterside Drill Operator,,0,7,0,0,125868,0,0,0,1,1,1,1,0,0,0
233640,Wastelander Assassin,,,,0,7,0,0,123878,123812,0,0,1,1,1,1,240526,240526,0
233694,Zexel Fingersnap,,Gazlowe's Greasemonkeys,,0,7,0,0,124078,0,0,0,1,1,1,1,190859,208450,0
233702,Lo'shah,,,,0,7,0,0,124011,0,0,0,1,1,1,1,0,0,0
233703,Yanhal,,,,0,7,0,0,124011,0,0,0,1,1,1,1,0,0,0
233706,Locus-Walker,,,,0,7,0,0,131473,0,0,0,1,1,1,1,0,0,0
233754,Jaina Proudmoore,,Kirin Tor Apprentice,,0,7,0,0,24952,0,0,0,1,1,1,1,0,0,0
233797,Sparklesnap,,,,0,12,0,0,124130,0,0,0,1,1,1,1,0,0,0
233861,Lash'ir,,,,0,7,0,0,124125,0,0,0,1,1,1,1,232997,0,0
233862,Jayaan,,,,0,7,0,0,123833,0,0,0,1,1,1,1,240501,0,0
233884,Overseer Dritz,,Darkfuse Enforcement,,0,7,0,0,122862,0,0,0,1,1,1,1,0,0,0
233960,Grimla Fizzlecrank,,Venture Co.,,0,7,0,0,108462,0,0,0,1,1,1,1,0,0,0
233961,Goblin Laborer,,,,0,7,0,0,125523,125522,125438,125514,1,1,1,1,0,0,0
233962,Marin Noggenfogger,,Steamwheedle Trade-Prince,,0,7,0,0,120388,0,0,0,1,1,1,1,0,0,0
233963,Baron Revilgaz,,Blackwater Trade-Prince,,0,7,0,0,121205,0,0,0,1,1,1,1,3364,5284,0
233964,Goblin Laborer,,,,0,7,0,0,122460,122458,122985,0,1,1,1,1,0,0,0
233965,Portentous Present,,,,0,12,0,0,124173,0,0,0,0,1,1,1,0,0,0
233966,Hobgoblin Laborer,,,,0,7,0,0,122725,122589,122746,122509,1,1,1,1,0,0,0
233967,Parley,,,,0,12,0,3,124174,0,0,0,1,1,1,1,0,0,0
233979,Runed Storm Cache,,,,6,10,0,3,64062,11686,0,0,0,1,1,1,0,0,0
234023,Frenzied Bloodtick,,,,0,8,0,0,82290,0,0,0,1,1,1,1,0,0,0
234056,Lord Ibelin Redmoore,,Private Investigator,,0,7,0,0,124191,0,0,0,1,1,1,1,25154,25154,0
234064,Dreadful Voidwalker,,,,1,15,0,0,93869,0,0,0,0,1,1,1,0,0,0
234065,Hollowsoul Shredder,,,,1,15,0,0,60660,141191,0,0,0,1,1,1,0,0,0
234071,Spotty,,,,0,12,0,0,120528,0,0,0,1,1,1,1,0,0,0
234078,Overlord Geya'rah,,,,1,7,0,0,124218,0,0,0,1,1,1,1,118400,0,0
234097,Rusty Kroling,,,,0,14,0,0,124226,124228,124225,0,35,10,35,1,0,0,0
234101,Cave Kroling,,,,0,14,0,0,124229,124231,124230,0,35,10,35,1,0,0,0
234103,Bilgewater Assessor,,,,0,7,0,0,57072,57071,57070,57069,1,1,1,1,0,0,0
234125,Felguard Legionnaire,,,,0,3,0,0,62277,0,0,0,1,1,1,1,71445,0,0
234126,Horde Soldier,,,,0,7,0,0,63441,64549,63442,64508,1,1,1,1,94650,0,0
234127,Hero of Azeroth,,,,0,3,0,0,94818,0,0,0,1,1,1,1,120978,0,0
234128,Hero of Azeroth,,,,0,3,0,0,122903,0,0,0,1,1,1,1,128827,0,0
234129,Hero of Azeroth,,,,0,3,0,0,36907,0,0,0,1,1,1,1,128858,0,0
234130,Alliance Soldier,,,,0,7,0,0,81539,81534,0,0,1,1,1,1,21573,0,0
234131,Living Rose,,,,0,12,0,0,124270,0,0,0,1,1,1,1,0,0,0
234154,Living Rose,,,,0,12,0,0,124270,0,0,0,1,1,1,1,0,0,0
234157,Kirin Tor Survivor,,,,0,7,0,0,121983,121981,121982,121986,1,1,1,1,0,0,0
234158,Silver Covenant Spellcaster,,,,0,7,0,0,121972,121973,121974,121969,1,1,1,1,0,0,0
234159,Sunreaver Battlemage,,,,0,7,0,0,121120,121119,121118,121123,1,1,1,1,0,0,0
234161,Assessor McGravy,,,,0,7,0,0,57139,0,0,0,1,1,1,1,0,0,0
234185,Eirana,,Airship Engineer,,0,7,0,0,124298,0,0,0,1,1,1,1,0,0,0
234186,Nixx Gearkick,,Zeppelin Engineer,,0,7,0,0,124297,0,0,0,1,1,1,1,206515,206515,0
234231,Zeppelin Engineer,,Gazlowe's Greasemonkeys,,0,7,0,0,124322,124323,124324,124325,1,1,1,1,206515,206515,0
234232,Lorewalker Cho,,,,0,7,0,0,25204,0,0,0,0,1,1,1,0,0,0
234264,Giada Goldleash,,,,0,7,0,0,64049,0,0,0,1,1,1,1,2715,0,0
234265,Professor Pallin,,,,0,7,0,0,122494,0,0,0,1,1,1,1,0,0,0
234266,Abohba,,,,0,7,0,0,27959,0,0,0,1,1,1,1,0,0,0
234267,Rhukah,,,,0,1,1,0,27019,0,0,0,0,1,1,1,0,0,0
234268,Nargut,,,,0,1,1,0,22003,0,0,0,0,1,1,1,0,0,0
234269,Craggle Fritzbrains,,"""Exploration"" Extraordinaire",,0,7,0,0,48788,0,0,0,1,1,1,1,0,0,0
234271,Matron Ossela,,,,0,7,0,0,36905,0,0,0,1,1,1,1,13751,0,0
234273,Nelur Lightsown,,,,0,7,0,0,36904,0,0,0,1,1,1,1,13160,0,0
234274,Saedelin Whitedawn,,,,0,7,0,0,65251,0,0,0,1,1,1,1,0,0,0
234277,Oathsworn Citizen,,,,0,7,0,0,117424,117428,117416,117420,1,1,1,1,0,0,0
234287,Craggle Fritzbrains,,"""Exploration"" Extraordinaire",,0,7,0,0,48839,0,0,0,1,1,1,1,0,0,0
234301,Overseer Dritz,,,,0,9,0,0,123785,0,0,0,1,1,1,1,0,0,0
234316,Rhubarn,,Grand Sniffmaster,,0,7,0,0,116826,0,0,0,1,1,1,1,0,0,0
234339,Harbinger Ul'thul,,The Envoy,,1,15,0,0,91247,0,0,0,1,1,1,1,0,0,0
234340,The Underpin,,A Pretty Big Deal,,1,7,0,0,127300,0,0,0,1,1,1,1,0,0,0
234355,Brann Bronzebeard,,,,1,7,0,0,124367,0,0,0,1,1,1,1,0,0,0
234356,The Underpin,,A Pretty Big Deal,,1,7,0,0,124288,0,0,0,1,1,1,1,0,0,0
234358,Bag of Curios,,,,0,10,0,0,120293,0,0,0,1,1,1,1,0,0,0
234365,Marmaduke,,,,0,12,0,0,124392,0,0,0,1,1,1,1,0,0,0
234366,Rock Hound Mica,,,,0,12,0,0,124374,0,0,0,1,1,1,1,0,0,0
234367,Pillaged Parrot,,,,0,14,0,3,80802,0,0,0,1,1,1,1,0,0,0
234369,Snapdragon Pup,,,,0,14,0,0,124391,124565,124569,0,80,10,10,1,0,0,0
234388,Brann's Hat,,,,0,10,0,0,124385,0,0,0,1,1,1,1,0,0,0
234408,Rebellious Citizen,,Bilgewater Cartel,,0,7,0,0,125970,122459,122457,126494,1,1,1,1,0,0,0
234411,Angorla,,,,1,7,0,0,124370,0,0,0,1,1,1,1,0,0,0
234435,Xel'anegh the Many,,,,1,15,0,0,93543,0,0,0,1,1,1,1,0,0,0
234436,Xel'anegh the Many,,,,1,15,0,0,93542,0,0,0,1,1,1,1,0,0,0
234437,Xel'anegh the Many,,,,1,15,0,0,93541,0,0,0,1,1,1,1,0,0,0
234438,Xel'anegh the Many,,,,1,15,0,0,124418,0,0,0,1,1,1,1,0,0,0
234439,Wanderer Liu,,,,0,12,0,0,124455,0,0,0,1,1,1,1,0,0,0
234526,Subterranean Tinker,,,,0,7,0,0,91558,90716,0,0,1,1,1,1,0,0,0
234527,Summoning Candle,,,,0,10,0,0,124493,0,0,0,1,1,1,1,0,0,0
234537,Angorla,,,,0,7,0,0,124370,0,0,0,1,1,1,1,224820,0,0
234602,Alleria Windrunner,,,,1,7,0,0,131464,0,0,0,1,1,1,1,0,0,219442
234610,Runed Storm Cache,,,,6,10,0,3,64062,11686,0,0,0,1,1,1,0,0,0
234611,Runed Storm Cache,,,,6,10,0,3,64062,11686,0,0,0,1,1,1,0,0,0
234627,Dimensius,,the All-Devouring,,0,15,0,0,124463,0,0,0,1,1,1,1,0,0,0
234663,Wind-Up Wuffi,,,,0,12,0,0,124520,0,0,0,1,1,1,1,0,0,0
234664,Wind-Up Woofer,,,,0,12,0,0,124521,0,0,0,1,1,1,1,0,0,0
234700,Orweyna,,,,0,7,0,0,117116,0,0,0,1,1,1,1,0,0,0
234706,11.1 Delves - Nerubians01 - V05 - Web Shackles: Invisible Target (Hufton),,,,0,10,0,3,105131,0,0,0,1,1,1,1,0,0,0
234710,Cliffreach Cub,,,,0,14,0,0,124553,0,0,0,1,1,1,1,0,0,0
234730,Black Blood Collector,,,,0,10,0,3,22903,11686,0,0,0,1,1,1,0,0,0
234734,Battleboar Piglet,,,,0,14,0,0,124562,124559,124560,0,80,10,10,1,0,0,0
234742,Supplier Toffa,,Trading Post Outlet Weapons and Armor,,0,7,0,0,99512,0,0,0,1,1,1,1,0,0,0
234744,Supplier Offa,,Trading Post Outlet Collections,,0,7,0,0,92737,0,0,0,1,1,1,1,0,0,0
234745,Hemet Nesingwary,,,,0,7,0,0,127693,0,0,0,1,1,1,1,0,0,0
234746,Supplier Mizix,,Trading Post Outlet Creatures and Toys,,0,7,0,0,111963,0,0,0,1,1,1,1,0,0,0
234747,Supplier Felina,,Trading Post Outlet Completionist,,0,7,0,0,99809,0,0,0,1,1,1,1,0,0,0
234757,Greatwing Macaw,,,,0,14,0,3,124575,0,0,0,1,1,1,1,0,0,0
234793,Row Rat,,,,0,7,0,0,140186,140187,140188,140189,1,1,1,1,0,0,0
234816,Tuskarr Child,,,,0,7,0,0,106221,102846,102832,106408,1,1,1,1,0,0,0
234823,Spots,,,,0,8,0,0,124553,0,0,0,1,1,1,1,0,0,0
234826,Test Pickpocket Loot (DNT),,,,0,7,0,0,856,0,0,0,1,1,1,1,0,0,0
234859,Tuskarr Child,,,,0,7,0,0,106221,102846,102832,106408,1,1,1,1,0,0,0
234908,Titan Orb,,,,0,12,0,2,124606,0,0,0,1,1,1,1,0,0,0
234921,Rebellion Protector,,,,0,7,0,0,124616,124617,124618,124619,3,2,2,1,0,0,0
234924,Treasure missile,,,,0,10,0,3,123029,11686,0,0,0,1,1,1,0,0,0
234945,Spinning Blade,,,,0,10,0,0,118017,0,0,0,1,1,1,1,0,0,0
234953,"Renzik ""The Shiv""",,SI:7 Operative,,1,7,0,0,120369,0,0,0,1,1,1,1,0,0,153506
234983,Anti-Anti-Freeze Shredder,,,,0,10,0,0,126721,0,0,0,1,1,1,1,0,0,0
234986,Greasemonkey Surveyor,,Gazlowe's Greasemonkeys,,0,7,0,0,124638,124639,124640,124641,1,1,1,1,206515,206515,0
234988,Radicalized Underminer,,,,0,7,0,0,126518,126519,126520,126521,1,1,1,1,0,0,0
234989,Rebellious Citizen,,,,0,7,0,0,125434,125511,125512,125435,1,1,1,1,0,0,0
235029,Nikki the Fixer,,Venture Co.,,0,7,0,0,124222,0,0,0,1,1,1,1,0,0,228221
235033,Electro-Missile,,,,0,10,0,3,124662,0,0,0,1,1,1,1,0,0,0
235060,Rebellious Citizen,,,,0,7,0,0,126488,126489,126490,126491,1,1,1,1,0,0,0
235061,Sacredite Savant,,,,0,7,0,0,124660,124667,124668,124681,1,1,1,1,0,0,0
235066,Bargus,,,,0,7,0,0,125317,0,0,0,1,1,1,1,224820,0,0
235124,Crackleroar,,,,0,12,0,0,124694,0,0,0,1,1,1,1,0,0,0
235130,Skitterbite,,,,0,12,0,0,124232,0,0,0,1,1,1,1,0,0,0
235133,Backup Assassin,,,,0,7,0,0,125258,125280,125287,125257,1,1,1,1,226833,226833,0
235139,Undermine Resident,,,,0,7,0,0,125796,125795,125309,125816,1,1,1,1,0,0,0
235141,Undermine Denizen,,,,0,7,0,0,122725,122589,122746,122509,1,1,1,1,0,0,0
235152,Teatuft Tamer,,,,0,12,0,0,124532,0,0,0,1,1,1,1,0,0,0
235155,Ve'nari,,Founder of the Trust,,1,7,0,0,130488,0,0,0,1,1,1,1,0,0,0
235159,Fullbelly Rollingpaw,,,,0,12,0,0,124531,0,0,0,1,1,1,1,0,0,0
235169,Archivist's Data Orb,,,,0,12,0,3,110301,0,0,0,1,1,1,1,0,0,0
235215,Orweyna,,,,0,7,0,0,117116,0,0,0,1,1,1,1,0,0,0
235240,Orgrim Doomhammer,,,,1,7,0,0,124748,0,0,0,1,1,1,1,109674,0,0
235246,Kirin Tor Survivor,,,,0,7,0,0,121983,121981,121982,121986,1,1,1,1,0,0,0
235280,Push Loot Test (DNT),,,,0,7,0,0,856,0,0,0,1,1,1,1,0,0,0
235281,Test Personal Loot (DNT),,,,0,7,0,0,856,0,0,0,1,1,1,1,0,0,0
235290,Hemet Nesingwary,,,,0,7,0,0,127693,0,0,0,1,1,1,1,0,0,0
235329,Shadowguard Assassin,,,,0,7,0,0,124437,0,0,0,1,1,1,1,0,0,0
235353,Hemet Nesingwary,,,,0,7,0,0,127693,0,0,0,1,1,1,1,0,0,0
235392,Decimus,,,,1,15,0,0,130002,0,0,0,1,1,1,1,0,0,0
235394,Lothraxion,,,,1,7,0,0,137452,0,0,0,1,1,1,1,0,0,0
235405,Magister Umbric,,,,0,7,0,0,128688,0,0,0,1,1,1,1,0,0,257151
235408,Shadowguard Assassin,,,,0,7,0,0,124437,0,0,0,1,1,1,1,240515,240515,0
235411,Magister Umbric,,,,0,7,0,0,128688,0,0,0,1,1,1,1,0,0,257151
235448,Xal'atath,,The Harbinger,,1,15,0,0,131474,0,0,0,1,1,1,1,0,0,0
235463,Deeprock Breaker,,,,6,7,0,0,118198,114758,0,0,1,1,1,1,213617,0,0
235464,Hardstone Digger,,,,1,7,0,0,119382,121415,0,0,1,1,1,1,213618,0,0
235481,Lor'themar Theron,,Regent Lord of Quel'Thalas,,1,7,0,0,141281,0,0,0,1,1,1,1,168606,0,0
235483,Grand Magister Rommath,,,,1,7,0,0,140873,0,0,0,1,1,1,1,274482,0,0
235485,Arator,,,,1,7,0,0,124777,0,0,0,1,1,1,1,246209,246189,0
235486,Lothraxion,,High Commander,,1,7,0,0,137452,0,0,0,1,1,1,1,0,0,0
235608,Arator,,,,1,7,0,0,124777,0,0,0,1,1,1,1,246209,246189,0
235609,Alleria Windrunner,,,,1,7,0,0,118072,0,0,0,1,1,1,1,0,0,219442
235610,Undermine Resident,,,,0,7,0,0,125721,125736,125229,125230,1,1,1,1,0,0,0
235664,Alleria Windrunner,,,,1,7,0,0,118072,0,0,0,1,1,1,1,0,0,0
235669,Arthas,,,,0,10,0,0,328,27823,0,0,0,1,1,1,0,0,0
235671,Undermine Resident,,,,0,7,0,0,122725,122724,122589,125862,1,1,1,1,0,0,0
235698,Magister Umbric,,,,0,7,0,0,128688,0,0,0,1,1,1,1,0,0,257151
235711,Silvermoon Evacuee,,,,0,7,0,0,138848,138849,138850,138851,1,1,1,1,0,0,0
235715,Alleria Windrunner,,,,1,7,0,0,118072,0,0,0,1,1,1,1,0,0,219442
235724,Arator,,,,1,7,0,0,124777,0,0,0,1,1,1,1,246209,246189,0
235726,Alleria Windrunner,,,,1,7,0,0,118072,0,0,0,1,1,1,1,0,0,219442
235776,Arator,,,,1,7,0,0,124777,0,0,0,1,1,1,1,246209,246189,0
235777,Lothraxion,,High Commander,,1,7,0,0,137452,0,0,0,1,1,1,1,0,0,0
235787,Lor'themar Theron,,Regent Lord of Quel'Thalas,,1,7,0,0,141281,0,0,0,1,1,1,1,168606,0,0
235811,Lady Jaina Proudmoore,,,,1,7,0,0,88316,0,0,0,1,1,1,1,153575,0,0
235847,Wisp of Wind,,,,0,10,0,3,21955,110863,0,0,0,1,1,1,0,0,0
235994,Om'rajula,,,,0,7,0,0,131942,0,0,0,1,1,1,1,0,0,0
236016,Mech-Friend Maya,,,,0,12,0,0,125160,0,0,0,1,1,1,1,0,0,0
236017,Kirin Tor Survivor,,,,0,7,0,0,121985,0,0,0,1,1,1,1,0,0,0
236024,Kirin Tor Survivor,,,,0,7,0,0,121984,121992,0,0,1,1,1,1,0,0,0
236040,Storm-Infused Snapdragon,,,,0,14,0,0,124566,124563,0,0,80,10,1,1,0,0,0
236041,Scavenging Snapdragon,,,,0,14,0,0,124564,124568,124567,0,10,10,10,1,0,0,0
236045,Ailenda Hedgemyr,,Expedition Quartermaster,,0,7,0,0,125188,0,0,0,1,1,1,1,0,0,0
236048,Kirin Tor Survivor,,,,0,7,0,0,121981,121988,0,0,1,1,1,1,0,0,0
236052,Kirin Tor Survivor,,,,0,7,0,0,121982,121987,0,0,1,1,1,1,0,0,0
236058,Watcher Du'una,,,,0,7,0,0,126077,0,0,0,1,1,1,1,0,0,0
236059,Crewman Boltshine,,,,0,7,0,0,125896,0,0,0,1,1,1,1,206515,0,0
236060,Crewman Cutpipe,,,,0,7,0,0,125897,0,0,0,1,1,1,1,206515,0,0
236061,Crewman Spinshaft,,,,0,7,0,0,125898,0,0,0,1,1,1,1,206515,0,0
236100,Arator,,,,1,7,0,0,124777,0,0,0,1,1,1,1,233067,0,0
236134,High Exarch Turalyon,,Lord Commander of Alliance Forces,,1,7,0,0,141146,0,0,0,1,1,1,1,150577,0,0
236259,Terenas Menethil II,,King of Lordaeron,,0,7,0,0,125284,0,0,0,1,1,1,1,0,0,0
236348,Arthas Menethil,,Death Knight,,0,7,0,0,121918,0,0,0,1,1,1,1,33475,0,0
236382,Soridormi,,,,1,2,0,0,126358,0,0,0,1,1,1,1,0,0,0
236391,Arator,,,,1,7,0,0,124777,0,0,0,1,1,1,1,233067,0,0
236495,Monte Gazlowe,,Bilgewater Trade-Prince,,1,7,0,0,121049,0,0,0,1,1,1,1,221476,0,0
236554,Rebellious Citizen,,,,0,7,0,0,125434,125511,125512,125435,1,1,1,1,0,0,0
236571,High Exarch Turalyon,,Lord Commander of Alliance Forces,,1,7,0,0,141146,0,0,0,1,1,1,1,150577,0,0
236583,Grand Magister Rommath,,,,1,7,0,0,140873,0,0,0,1,1,1,1,274482,0,0
236588,Zul'jan,,,,1,7,0,0,125150,0,0,0,1,1,1,1,251776,251776,0
236594,Zul'jan,,,,1,7,0,0,125150,0,0,0,1,1,1,1,251776,251776,0
236604,Lady Liadrin,,Blood Knight Matriarch,,1,7,0,0,136435,0,0,0,1,1,1,1,256542,256543,0
236617,Faerin Lothar,,,,1,7,0,0,129110,0,0,0,1,1,1,1,220159,0,0
236629,Mounted Stormranger,,,,0,7,0,3,123788,123791,123796,123799,1,1,1,1,220760,0,226481
236659,Zul'jarra,,,,1,7,0,0,125149,131551,0,0,1,0,1,1,248999,0,0
236684,Voidwake Behemoth,,,,1,1,0,0,142736,0,0,0,1,1,1,1,0,0,0
236716,Arator,,,,1,7,0,0,124777,0,0,0,1,1,1,1,233067,0,0
236721,Sprinkle Noggenfogger,,Steamwheedle Cartel,,0,7,0,0,121220,0,0,0,1,1,1,1,0,0,0
236724,Dirk Greasedealer,,Bilgewater Cartel,,0,7,0,0,126361,0,0,0,1,1,1,1,0,0,0
236734,Arator,,,,1,7,0,0,124777,0,0,0,1,1,1,1,233067,0,0
236755,[DNT] Invisible Bunny,,,,0,10,0,3,124226,11686,0,0,0,1,1,1,0,0,0
236778,High Exarch Turalyon,,Lord Commander of Alliance Forces,,1,7,0,0,141146,0,0,0,1,1,1,1,150577,0,0
236783,Merriment,,,,0,12,0,0,125783,0,0,0,1,1,1,1,0,0,0
236815,Karga Bloodfury,,,,0,7,0,0,125870,0,0,0,1,1,1,1,5288,0,0
236835,Om'resh,,,,0,7,0,0,122330,0,0,0,1,1,1,1,0,0,0
236836,Locus-Walker,,,,0,7,0,0,131473,0,0,0,1,1,1,1,124381,0,0
236837,Xal'atath,,The Harbinger,,1,15,0,0,131474,0,0,0,1,1,1,1,0,0,0
236839,Pipe-Filled Chest,,,,0,10,0,0,124704,0,0,0,1,1,1,1,0,0,0
236846,Hemet Nesingwary,,,,0,7,0,0,127693,0,0,0,1,1,1,1,0,0,0
236890,Hemet Nesingwary,,,,0,7,0,0,127693,0,0,0,1,1,1,1,0,0,0
236903,Orweyna,,,,0,7,0,0,117116,0,0,0,1,1,1,1,224812,224812,0
236916,Overseer Dritz,,Darkfuse Enforcement,,0,7,0,0,123785,0,0,0,1,1,1,1,0,0,0
236986,Wisp of Wind,,,,0,10,0,3,21955,110863,0,0,0,1,1,1,0,0,0
237121,Hadwin,,,,1,7,0,0,113674,0,0,0,1,1,1,1,162871,208197,0
237225,Orgrim Doomhammer,,,,1,7,0,0,124748,0,0,0,1,1,1,1,109674,0,0
237234,Orweyna,,,,0,7,0,0,117116,0,0,0,1,1,1,1,224812,224812,0
237278,Lady Liadrin,,Blood Knight Matriarch,,1,7,0,0,136435,0,0,0,1,1,1,1,256542,256543,0
237284,Amarakk,,,,0,7,0,0,137497,0,0,0,1,1,1,1,252376,0,0
237293,Eitrigg,,,,0,10,0,0,82115,0,0,0,1,1,1,1,109232,0,0
237298,Horde Lieutenant,,,,0,10,0,0,126084,0,0,0,1,1,1,1,0,0,0
237299,Eitrigg,,,,0,10,0,0,126083,0,0,0,1,1,1,1,109232,0,0
237325,Orweyna,,,,0,7,0,0,117116,0,0,0,1,1,1,1,224812,224812,0
237346,Orweyna,,,,0,7,0,0,117116,0,0,0,1,1,1,1,224812,224812,0
237351,Alliance Warrior,,,,0,10,0,0,128039,128040,128041,128042,1,1,1,1,21573,2129,0
237352,Turalyon,,,,0,10,0,0,128248,0,0,0,1,1,1,1,177134,119202,0
237357,Anduin Lothar,,The Lion of Stormwind,,1,7,0,0,112018,0,0,0,1,1,1,1,208141,0,0
237375,Orgrim Doomhammer,,,,1,10,0,0,128329,0,0,0,1,1,1,1,109674,0,0
237376,Greater Dreadstalker,,,,6,3,0,0,64582,0,0,0,1,1,1,1,0,0,0
237381,Horde Warlord,,,,0,10,0,0,126111,0,0,0,1,1,1,1,17383,0,0
237388,Empowered Dragonhawk,,,,0,1,30,3,129701,0,0,0,1,1,1,1,0,0,0
237397,Generic Bunny,,,,0,10,0,3,22903,11686,0,0,0,1,1,1,0,0,0
237402,Lightbloom Petalwing,,,,0,4,7,3,126650,0,0,0,1,1,1,1,0,0,0
237405,Arator,,,,1,7,0,0,124777,0,0,0,1,1,1,1,233067,0,0
237502,Arator,,,,1,7,0,0,124777,0,0,0,1,1,1,1,246209,246189,0
237523,Demolition Fan,,,,0,7,0,0,125853,125852,125840,125837,1,1,1,1,0,0,0
237531,Alonsus Faol,,Bishop of Secrets,,1,7,0,0,141282,0,0,0,1,1,1,1,259225,0,0
237541,Demolition Fan,,,,0,7,0,0,126147,126130,126104,126103,1,1,1,1,0,0,0
237567,Hagar,,Elder,,0,7,0,0,126101,0,0,0,1,1,1,1,0,0,0
237586,Box of Puntables,,,,0,12,0,0,124173,0,0,0,1,1,1,1,0,0,0
237593,Box of Puntables,,,,0,12,0,0,124173,0,0,0,1,1,1,1,0,0,0
237601,Alonsus Faol,,Bishop of Secrets,,1,7,0,0,141282,0,0,0,1,1,1,1,259225,0,0
237602,Alonsus Faol,,Bishop of Secrets,,1,7,0,0,141282,0,0,0,1,1,1,1,259225,0,0
237638,Heretic Detector,,,,0,10,0,2,126168,0,0,0,1,1,1,1,0,0,0
237656,Zippy Breathington,,Retired Air Merchant,,0,7,0,0,125577,0,0,0,1,1,1,1,0,0,0
237701,Precision Powerdrill,,,,0,14,0,0,126182,0,0,0,1,1,1,1,0,0,0
237706,Status Symbol,,,,0,12,0,0,59131,0,0,0,1,1,1,1,0,0,0
237707,Fancier Rat,,,,0,12,0,0,120528,0,0,0,1,1,1,1,0,0,0
237708,Handbag Hyena,,,,0,12,0,0,121853,0,0,0,1,1,1,1,0,0,0
237713,Cannoneer,,,,0,12,0,0,120719,0,0,0,1,1,1,1,0,0,0
237714,Lookout,,,,0,12,0,0,80414,0,0,0,1,1,1,1,0,0,0
237715,Swabbie,,,,0,12,0,0,121701,0,0,0,1,1,1,1,0,0,0
237719,Sooty Croach,,,,0,12,0,0,120519,0,0,0,1,1,1,1,0,0,0
237720,Muddy Croach,,,,0,12,0,0,120518,0,0,0,1,1,1,1,0,0,0
237721,Rusty Croach,,,,0,12,0,0,120517,0,0,0,1,1,1,1,0,0,0
237722,Pipe Clog,,,,6,10,0,3,90874,126188,0,0,0,1,1,1,0,0,0
237850,Eye of Chaos,,,,0,12,0,3,126223,0,0,0,1,1,1,1,0,0,0
237852,Void-Scarred Parrot,,,,0,12,0,3,126224,0,0,0,1,1,1,1,0,0,0
237855,Void-Scarred Scorpid,,,,0,12,0,0,126226,0,0,0,1,1,1,1,0,0,0
237856,Void-Scarred Tallstrider Chick,,,,0,12,0,0,126225,0,0,0,1,1,1,1,0,0,0
237976,Gleam,,,,0,12,0,0,89251,0,0,0,1,1,1,1,0,0,0
237999,Kill Credit [DNT],,,,0,10,0,0,11686,0,0,0,1,1,1,1,0,0,0
238002,Monte Gazlowe,,Bilgewater Trade-Prince,,1,7,0,0,121049,0,0,0,1,1,1,1,221476,0,0
238003,Void-Tainted Growth,,,,0,10,0,0,126308,126308,0,0,1,2,1,1,0,0,0
238004,Grimla Fizzlecrank,,Venture Co.,,0,7,0,0,108462,0,0,0,1,1,1,1,0,0,0
238005,Baron Revilgaz,,Blackwater Trade-Prince,,0,7,0,0,121205,0,0,0,1,1,1,1,3364,5284,0
238064,Scourge of the Aspects,,,,0,12,0,2,127663,0,0,0,1,1,1,1,0,0,0
238071,Kill Credit [DNT],,,,0,10,0,0,11686,0,0,0,1,1,1,1,0,0,0
238142,The Lich King,,,,0,7,0,0,22234,0,0,0,1,1,1,1,0,0,0
238159,Reek,,,,0,12,0,0,95173,0,0,0,1,1,1,1,0,0,0
238178,Frumpy Softpaw,,,,0,12,0,0,124530,0,0,0,1,1,1,1,0,0,0
238240,Monte Gazlowe,,Bilgewater Trade-Prince,,1,7,0,0,125962,0,0,0,1,1,1,1,0,0,0
238290,"Renzik ""The Shiv""",,SI:7 Operative,,1,7,0,0,120369,0,0,0,1,1,1,1,0,0,153506
238297,Orweyna,,,,0,7,0,0,117116,0,0,0,1,1,1,1,0,0,0
238344,Grimla Fizzlecrank,,Venture Co.,,0,7,0,0,108462,0,0,0,1,1,1,1,0,0,0
238361,Time,,,,0,10,0,0,126467,0,0,0,1,1,1,1,0,0,0
238393,Craboom,,,,0,12,0,0,120714,0,0,0,1,1,1,1,0,0,0
238446,Contraband Sniffer,,Trainee,,6,1,25,0,121853,0,0,0,1,1,1,1,0,0,0
238485,Refinery Alarm,,,,6,10,0,3,90874,126487,0,0,0,1,1,1,0,0,0
238541,Hemet Nesingwary,,,,0,7,0,0,127693,0,0,0,1,1,1,1,0,0,0
238757,Ve'nari,,Founder of the Trust,,1,7,0,0,130488,0,0,0,1,1,1,1,0,0,0
238781,Sound Stalker - 11.1 Amb - Undermine - Traffic Sound Stalker,,,,6,10,0,3,90874,129566,0,0,0,1,1,1,0,0,0
238882,Voidfront corpse,,,,0,6,0,0,130197,130197,130196,130196,1,1,1,1,0,0,0
238913,Kalecgos,,,,0,7,0,0,75614,0,0,0,1,1,1,1,197918,197919,0
239119,Jastor Gallywix,,Overboss of Undermine,,1,7,0,0,75730,0,0,0,1,1,1,1,0,0,0
239120,Monte Gazlowe,,Bilgewater Trade-Prince,,1,7,0,0,121049,0,0,0,1,1,1,1,221476,0,0
239138,Sami Flipspark,,,,0,7,0,0,126734,0,0,0,1,1,1,1,0,0,0
239362,Pascal the Wonder Pup,,,,0,12,0,0,126779,0,0,0,1,1,1,1,0,0,0
239390,Voidfront Linebreaker,,,,1,1,0,0,136180,0,0,0,1,1,1,1,0,0,0
239419,Monte Gazlowe,,Bilgewater Trade-Prince,,1,7,0,0,125964,0,0,0,1,1,1,1,0,0,0
239473,Anduin Wrynn,,,,1,7,0,0,115995,0,0,0,1,1,1,1,224743,0,0
239499,Elana,,,,0,7,0,0,65346,0,0,0,1,1,1,1,0,0,0
239574,Alleria Windrunner,,,,1,7,0,0,118072,0,0,0,1,1,1,1,0,0,219442
239575,Arator,,,,1,7,0,0,124777,0,0,0,1,1,1,1,246209,246189,0
239610,Johnny Awesome,,Uber Town,,0,7,0,0,35624,0,0,0,1,1,1,1,0,0,0
239615,Riftblade Astre,,,,0,7,0,0,126486,0,0,0,1,1,1,1,259269,259269,0
239616,Lady Darkglen,,,,0,7,0,0,136415,0,0,0,1,1,1,1,0,0,0
239617,Riftwalker Hieron,,,,0,7,0,0,126562,0,0,0,1,1,1,1,259309,0,0
239618,Riftblade Maella,,,,0,7,0,0,136414,0,0,0,1,1,1,1,190006,190006,0
239619,Riftwalker Sideras,,,,0,7,0,0,126778,0,0,0,1,1,1,1,0,0,259256
239620,Voidlight Everdawn,,,,0,7,0,0,136423,0,0,0,1,1,1,1,0,0,0
239622,Light's Vanguard,,,,0,7,0,0,127276,128323,129698,129852,1,1,1,1,30802,0,0
239627,Hungry Kilivore,,,,0,1,0,0,126375,0,0,0,1,1,1,1,0,0,0
239659,Riftblade Maella,,,,0,7,0,0,136414,0,0,0,1,1,1,1,190006,190006,0
239660,Riftwalker Sideras,,,,0,7,0,0,126778,0,0,0,1,1,1,1,0,0,259256
239677,Light's Vanguard,,,,0,7,0,0,129865,129868,129866,129869,1,1,1,1,220752,72983,0
239678,Light's Vanguard,,,,0,7,0,0,129871,0,0,0,1,1,1,1,25127,72983,0
239722,Lady Darkglen,,,,0,7,0,0,136415,0,0,0,1,1,1,1,0,0,0
239796,Rebellious Citizen,,Bilgewater Cartel,,0,7,0,0,125970,122459,122457,126494,1,1,1,1,221476,0,0
239797,Darkfuse Harasser,,,,0,7,0,0,125256,125267,125269,125255,1,1,1,1,226833,0,0
239800,Darkfuse Enforcer,,,,0,7,0,0,122517,0,0,0,1,1,1,1,226844,0,0
239801,Riftblade Astre,,,,0,7,0,0,126486,0,0,0,1,1,1,1,259269,259269,0
239802,Riftblade Maella,,,,0,7,0,0,136414,0,0,0,1,1,1,1,190006,190006,0
239804,Hotel Maintenance,,,,0,7,0,0,126062,0,0,0,1,1,1,1,235281,0,0
239810,High Exarch Turalyon,,Lord Commander of Alliance Forces,,1,7,0,0,141146,0,0,0,1,1,1,1,150577,0,0
239826,Alleria Windrunner,,,,1,7,0,0,118072,0,0,0,1,1,1,1,0,0,219442
239845,Monte Gazlowe,,Bilgewater Trade-Prince,,1,7,0,0,125962,0,0,0,1,1,1,1,0,0,0
239883,Sunwalker Atohmo,,,,0,7,0,0,62778,0,0,0,1,1,1,1,217065,94214,0
239904,Void Mistlurker,,,,0,15,0,3,142750,142760,0,0,1,0,1,1,0,0,0
239913,Guard,,Placeholder,,0,7,0,0,120969,127276,124266,122541,1,1,1,1,0,0,0
239921,Unstable Rocket,,,,0,9,0,3,122614,0,0,0,1,1,1,1,0,0,0
239944,Magister Umbric,,,,0,7,0,0,128688,0,0,0,1,1,1,1,126782,0,0
240014,Devouring Runt,,,,0,14,0,0,127892,0,0,0,20,1,1,1,0,0,0
240137,Tock the Clocker Spaniel,,,,0,12,0,0,127497,0,0,0,1,1,1,1,0,0,0
240182,Riftblade Astre,,,,0,7,0,0,126486,0,0,0,1,1,1,1,259269,259269,0
240194,Riftblade Astre,,,,0,7,0,0,126486,0,0,0,1,1,1,1,259269,259269,0
240198,Riftblade Astre,,,,0,7,0,0,126486,0,0,0,1,1,1,1,259269,259269,0
240240,Alonsus Faol,,Bishop of Secrets,,1,7,0,0,141282,0,0,0,1,1,1,1,0,0,0
240265,Chief Telemancer Oculeth,,,,0,7,0,0,73853,0,0,0,1,1,1,1,0,0,0
240283,Vereesa Windrunner,,Ranger-General of the Silver Covenant,,1,7,0,0,128683,0,0,0,1,1,1,1,2179,0,42140
240284,Arator,,,,1,7,0,0,124777,0,0,0,1,1,1,1,246209,246189,0
240285,Archmage Aethas Sunreaver,,Kirin Tor,,1,7,0,0,123748,0,0,0,1,1,1,1,35781,0,0
240287,Silver Covenant Ranger,,,,0,7,0,0,141285,141284,0,0,1,1,1,1,34877,0,34281
240290,Sunreaver Guardian Mage,,,,1,7,0,0,26072,26071,26074,26073,1,1,1,1,0,0,0
240291,Silvermoon Blood Guard,,,,1,7,0,0,87572,87571,87574,87573,1,1,1,1,191604,0,0
240528,Sound Stalker - 11.1 Amb - Undermine - Traffic Sound Stalker,,,,6,10,0,3,90874,127609,0,0,0,1,1,1,0,0,0
240537,Keg Pony,,,,0,12,0,0,38691,0,0,0,1,1,1,1,0,0,0
240540,Pint-Sized Pink Pachyderm,,,,0,12,0,0,22629,0,0,0,0,1,1,1,0,0,0
240545,Unbound Wraith,,,,1,15,0,0,140892,0,0,0,1,1,1,1,0,0,0
240548,Abyssal Caller,,,,1,15,0,0,136444,0,0,0,1,1,1,1,0,0,0
240549,Obscurion Obliterator,,,,1,15,0,0,142183,0,0,0,1,1,1,1,0,0,0
240551,Shield - DNT,,,,0,10,0,0,127617,0,0,0,1,1,1,1,0,0,0
240554,Voidstalker,,,,1,1,0,0,142227,0,0,0,1,1,1,1,0,0,0
240640,Vindicator Boros,,,,1,7,0,0,63585,0,0,0,1,1,1,1,105940,126759,0
240642,Meridelle Lightspark,,,,1,7,0,0,140698,0,0,0,1,1,1,1,0,0,0
240657,Tahu Sagewind,,,,1,7,0,0,145153,0,0,0,1,1,1,1,111488,0,0
240660,Regald Hornfyre,,,,1,7,0,0,124334,0,0,0,1,1,1,1,218441,0,0
240665,Voidborn Berserker,,,,1,1,0,0,136180,0,0,0,1,1,1,1,0,0,0
240673,Lothraxion,,,,1,7,0,0,137452,0,0,0,1,1,1,1,0,0,0
240682,Vanguard Paladin,,,,0,7,0,0,79944,79945,0,0,1,1,1,1,152340,0,0
240714,Alonsus Faol,,Bishop of Secrets,,1,7,0,0,141282,0,0,0,1,1,1,1,259225,0,0
240716,Highborne Arcanist,,,,0,6,0,0,127687,0,0,0,1,1,1,1,0,0,0
240717,Highborne Arcanist,,,,0,6,0,0,127666,0,0,0,1,1,1,1,0,0,0
240718,Highborne Arcanist,,,,0,6,0,0,127667,0,0,0,1,1,1,1,0,0,0
240719,Night Elf Druid,,,,0,6,0,0,127690,0,0,0,1,1,1,1,0,0,0
240720,Night Elf Druid,,,,0,6,0,0,127689,0,0,0,1,1,1,1,0,0,0
240721,Malfurion Stormrage,,,,0,6,0,0,127688,0,0,0,1,1,1,1,0,0,0
240747,Alonsus Faol,,Bishop of Secrets,,1,7,0,0,141282,0,0,0,1,1,1,1,259225,0,0
240761,Coastside Drill Control Panel,,,,0,10,0,0,124106,0,0,0,1,1,1,1,0,0,0
240772,Boost,,,,0,10,0,3,119526,21955,23767,0,0,0,1,1,0,0,0
240813,Uther Lightbringer,,Commander of the Paladin Order,,0,6,0,0,127691,0,0,0,1,1,1,1,0,0,0
240814,Arthas Menethil,,,,0,6,0,0,21976,0,0,0,1,1,1,1,0,0,0
240815,Jaina Proudmoore,,Kirin Tor Apprentice,,0,7,0,0,24952,0,0,0,1,1,1,1,0,0,0
240816,Protectorate Commander,,,,0,7,0,0,127692,0,0,0,1,1,1,1,0,0,0
240817,Hemet Nesingwary,,,,0,6,0,0,127693,0,0,0,1,1,1,1,0,0,0
240818,Ve'nari,,Founder of the Trust,,1,7,0,0,130488,0,0,0,1,1,1,1,0,0,0
240819,Rhubarn,,Grand Sniffmaster,,0,7,0,0,116826,0,0,0,1,1,1,1,0,0,0
240820,Botanist Alaenra,,,,0,7,0,0,123088,0,0,0,1,1,1,1,0,0,0
240821,Li Li Stormstout,,,,0,7,0,0,126169,0,0,0,1,1,1,1,0,0,0
240822,Chon Po Stormstout,,,,1,7,0,0,137528,0,0,0,1,1,1,1,0,0,0
240823,Ji Firepaw,,Master of Huojin,,1,7,0,0,39637,0,0,0,1,1,1,1,0,0,0
240824,Aysa Cloudsinger,,Master of Tushui,,1,7,0,0,41667,0,0,0,1,1,1,1,0,0,0
240842,Leona Darkstrider,,,,0,7,0,0,141322,0,0,0,1,1,1,1,236896,236896,0
240851,Celestial Drifter,,,,0,15,0,3,142187,0,0,0,1,1,1,1,0,0,0
240852,Lars Bronsmaelt,,Renown Quartermaster,,0,7,0,0,128126,0,0,0,1,1,1,1,232801,0,0
240857,Darkspawn,,,,6,15,0,0,142298,0,0,0,1,1,1,1,0,0,0
240858,Soul-Scribe,,,,1,7,0,2,126804,0,0,0,1,1,1,1,0,0,0
240859,Ve'nari,,Founder of the Trust,,1,7,0,0,130488,0,0,0,1,1,1,1,0,0,0
240864,Blinky,,The Terrace Terror,,1,1,0,0,142791,0,0,0,1,1,1,1,0,0,0
240884,Brann Bronzebeard,,,,1,7,0,0,65995,0,0,0,1,1,1,1,0,0,0
240955,Harrower,,,,1,1,0,0,131777,0,0,0,1,1,1,1,0,0,0
240962,Orweyna,,,,0,7,0,0,117116,0,0,0,1,1,1,1,224812,224812,0
240979,Vesper Churnmoat,,Corrupted Armor Rummager,,0,7,0,0,127778,0,0,0,1,1,1,1,232795,220496,0
240994,Ada the Sweetest,,,,0,12,0,0,127791,0,0,0,1,1,1,1,0,0,0
241029,Taryssa Lazuria,,Jewelcrafting Supplies,,0,7,0,0,39910,0,0,0,1,1,1,1,0,0,0
241030,Marith Lazuria,,Jewelcrafting Supplies,,0,7,0,0,37088,0,0,0,1,1,1,1,0,0,0
241034,Decimus,,,,1,15,0,3,124899,0,0,0,1,1,1,1,258761,0,0
241043,Grand Magister Rommath,,,,1,7,0,0,140873,0,0,0,1,1,1,1,274482,0,0
241044,Lor'themar Theron,,Regent Lord of Quel'Thalas,,1,7,0,0,141281,0,0,0,1,1,1,1,168606,0,0
241045,Ku'paal,,Amirdrassil Rootwarden,,0,7,0,0,126051,0,0,0,1,1,1,1,0,0,0
241046,High Exarch Turalyon,,Lord Commander of Alliance Forces,,1,7,0,0,141146,0,0,0,1,1,1,1,150577,0,0
241049,Luma,,Thief at Bark,,0,8,0,0,129403,0,0,0,1,1,1,1,0,0,0
241051,Ve'nari,,Founder of the Trust,,1,7,0,0,130488,0,0,0,1,1,1,1,0,0,0
241076,Riftblade Maella,,,,0,7,0,0,117091,0,0,0,1,1,1,1,190006,190006,0
241082,Torundo the Grizzled,,War Advisor,,0,7,0,0,127882,0,0,0,1,1,1,1,0,0,0
241150,Weechi,,,,0,12,0,0,127826,0,0,0,1,1,1,1,0,0,0
241171,Lady Darkglen,,,,0,7,0,0,136415,0,0,0,1,1,1,1,0,0,0
241176,Halduron Brightwing,,Ranger-General of Silvermoon,,0,7,0,0,137217,0,0,0,1,1,1,1,0,0,253041
241213,Wey'nan's Ward,,,,0,10,0,3,64055,129017,0,0,0,1,1,1,0,0,0
241288,Wey'nan's Ward,,,,0,10,0,3,64055,127854,0,0,0,1,1,1,0,0,0
241297,Mister Mans,,,,0,12,0,0,127877,0,0,0,1,1,1,1,0,0,0
241303,Kul'amara the Fierce,,Witherbark Tribe,,0,7,0,0,131290,0,0,0,1,1,1,1,235242,235242,0
241326,Arcane Magister,,,,1,7,0,0,138454,0,0,0,0,1,1,1,257141,0,0
241346,Spicy Mean-Ball,,,,0,12,0,0,129053,0,0,0,1,1,1,1,0,0,0
241416,Sa'bak's Blessed,,,,0,12,0,0,127902,0,0,0,1,1,1,1,0,0,0
241439,Voidcrawler,,,,0,14,0,0,130543,0,0,0,1,1,1,1,0,0,0
241444,Runed Spellbreaker,,,,1,7,0,0,127769,0,0,0,1,1,1,1,165700,165701,0
241456,Sound Stalker - 11.1 Amb - Undermine - Traffic Sound Stalker,,,,6,10,0,3,90874,127917,0,0,0,1,1,1,0,0,0
241469,Activity Bunny [DNT],,,,0,10,0,0,11686,0,0,0,1,1,1,1,0,0,0
241470,Arator,,,,0,7,0,0,124777,0,0,0,1,1,1,1,233067,0,0
241477,Flyer,,,,1,3,0,3,142252,136427,0,0,1,1,1,1,0,0,0
241479,Protectorate Soldier,,,,0,7,0,0,127937,0,0,0,1,1,1,1,0,0,0
241480,Consortium Merchant,,,,0,7,0,0,127936,0,0,0,1,1,1,1,0,0,0
241485,Charge Bar,,,,0,10,0,0,64062,0,0,0,1,1,1,1,0,0,0
241497,Dimensius the All-Devouring,,,,1,3,0,0,127932,0,0,0,0,1,1,1,0,0,0
241500,Amber Treeflitter,,,,0,14,0,0,142229,0,0,0,1,1,1,1,0,0,0
241504,Faerin Lothar,,,,1,7,0,0,115280,0,0,0,1,1,1,1,220159,0,0
241510,Danath Trollbane,,,,1,7,0,0,119046,0,0,0,1,1,1,1,125319,13814,0
241528,Ethereal Citizen,,,,0,7,0,0,127692,0,0,0,1,1,1,1,0,0,0
241529,Ethereal Citizen,,,,0,7,0,0,127692,0,0,0,1,1,1,1,0,0,0
241530,Ethereal Citizen,,,,0,7,0,0,127692,0,0,0,1,1,1,1,0,0,0
241531,Wandering Warpweaver,,Transmogrifier,,0,7,0,0,38804,0,0,0,1,1,1,1,0,0,0
241579,Zarat,,,,0,7,0,0,129147,0,0,0,1,1,1,1,0,0,0
241611,Chef Carl,,,,0,7,0,0,127165,0,0,0,1,1,1,1,190698,0,0
241626,Offworlder Refugee,,,,0,7,0,0,140429,140427,113999,140426,1,1,1,1,0,0,0
241629,Hannan,,,,0,7,0,0,140931,0,0,0,1,1,1,1,232649,232650,0
241688,Tentacle Chunk,,,,0,10,0,2,128005,0,0,0,1,1,1,1,0,0,0
241695,Lightwood Ballista,,,,0,9,0,0,128009,0,0,0,1,1,1,1,0,0,0
241740,Archmage Khadgar,,Mirror Image,,1,7,0,0,106239,0,0,0,1,1,1,1,0,0,0
241743,Archmage Khadgar,,Kirin Tor,,1,7,0,0,64045,0,0,0,1,1,1,1,23998,0,0
241759,High Elf Arcanist,,,,0,6,0,0,128064,0,0,0,1,1,1,1,0,0,0
241760,High Elf Arcanist,,,,0,6,0,0,128065,0,0,0,1,1,1,1,0,0,0
241762,High Elf Arcanist,,,,0,6,0,0,128070,0,0,0,1,1,1,1,0,0,0
241779,[DNT] Invisible Bunny,,,,0,10,0,0,328,27823,0,0,0,1,1,1,0,0,0
241780,Powder Bottle,,,,0,10,0,0,128071,0,0,0,1,1,1,1,0,0,0
241781,Powder Bottle,,,,0,10,0,0,128071,0,0,0,1,1,1,1,0,0,0
241782,Powder Bottle,,,,0,10,0,0,128071,0,0,0,1,1,1,1,0,0,0
241783,Sprouting Tendril,,,,0,10,0,0,90721,0,0,0,1,1,1,1,0,0,0
241789,Massive Tentacle,,,,0,10,0,0,90721,0,0,0,1,1,1,1,0,0,0
241831,Wey'nan's Ward,,,,0,10,0,3,64055,129017,0,0,0,1,1,1,0,0,0
241843,Wey'nan,,,,0,7,0,0,127738,0,0,0,1,1,1,1,0,0,0
241899,Reintroduced Crocolisk,,,,0,10,0,0,22389,23506,23507,22388,1,1,1,1,0,0,0
241907,Adarus Duskblaze,,Illidari,,0,7,0,0,125907,0,0,0,1,1,1,1,0,0,0
241912,Danath Trollbane,,,,1,7,0,0,119046,0,0,0,1,1,1,1,125319,13814,0
241913,Eitrigg,,,,1,7,0,0,128707,0,0,0,1,1,1,1,10612,0,0
241914,Marran Trollbane,,,,0,7,0,0,129248,0,0,0,1,1,1,1,155802,0,0
241917,Faerin Lothar,,,,1,7,0,0,115280,0,0,0,1,1,1,1,220159,0,0
241918,Overlord Geya'rah,,,,1,7,0,0,85555,0,0,0,1,1,1,1,118400,0,0
241925,Amani Striker,,,,0,7,0,0,128112,0,0,0,1,1,1,1,0,0,0
241926,Amani Commander,,,,0,7,0,0,128113,0,0,0,1,1,1,1,0,0,0
241927,Amani Caster,,,,0,7,0,0,128114,0,0,0,1,1,1,1,0,0,0
241933,Captain Roderick Brewston,,,,0,7,0,0,122768,0,0,0,1,1,1,1,2178,6434,0
241934,Danath Loyalist,,,,0,7,0,0,119060,119062,119061,119059,1,1,1,1,161794,0,0
241942,Scourge Ghoul,,,,0,7,0,0,128128,0,0,0,1,1,1,1,0,0,0
241943,Red Dawn Recruit,,,,0,7,0,0,114218,114219,113237,113230,4,4,4,4,158073,0,0
241946,Arthas Menethil,,,,1,6,0,0,128130,0,0,0,0,1,1,1,0,0,0
241981,Quel'Thalas Mage,,,,0,7,0,0,128133,0,0,0,1,1,1,1,0,0,0
241982,Radiant Wyrm,,,,0,1,0,0,128134,0,0,0,1,1,1,1,0,0,0
241983,Starving Wretched,,,,0,7,0,0,128135,0,0,0,0,1,1,1,0,0,0
241984,Kael'thas Sunstrider,,Lord of the Blood Elves,,1,7,0,0,128136,0,0,0,1,1,1,1,0,0,0
241986,M'uru,,,,0,10,0,0,128137,0,0,0,0,1,1,1,0,0,0
242077,Vereesa Windrunner,,Ranger-General of the Silver Covenant,,1,7,0,0,128683,0,0,0,1,1,1,1,2179,0,42140
242094,Gurtha'zul,,,,1,15,0,0,91613,0,0,0,1,1,1,1,0,0,0
242095,Lady Liadrin,,,,1,7,0,0,128177,0,0,0,0,1,1,1,0,0,0
242096,Lor'themar Theron,,,,1,7,0,0,128178,0,0,0,0,1,1,1,0,0,0
242097,Prophet Velen,,,,1,7,0,0,128179,0,0,0,100,1,1,1,0,0,0
242099,Valeera Sanguinar,,,,1,7,0,0,26365,0,0,0,1,1,1,1,171193,171193,0
242138,Snufflehound,,,,0,1,127,0,112385,122622,112386,112387,1,1,1,1,0,0,0
242172,Gritta Brewstone,,,,0,7,0,0,128230,0,0,0,1,1,1,1,0,0,0
242176,Tidbit,,,,0,12,0,0,128217,0,0,0,1,1,1,1,0,0,0
242180,Morsel,,,,0,12,0,0,128221,0,0,0,1,1,1,1,0,0,0
242181,Beste Glatisant,,,,1,15,0,0,128222,0,0,0,1,1,1,1,0,0,0
242277,Archmage Kalec,,Kirin Tor,,1,7,0,0,128258,0,0,0,1,1,1,1,0,0,0
242281,Archmage Vargoth,,Kirin Tor,,1,7,0,0,128261,0,0,0,1,1,1,1,28456,0,0
242299,Archmage Khadgar,,Mirror Image,,1,7,0,0,106239,0,0,0,1,1,1,1,23998,0,0
242319,Penumbra,,Umbric's Companion,,0,12,0,0,128297,0,0,0,1,1,1,1,0,0,0
242346,Grand Artificer Romuul,,,,0,7,0,0,76255,0,0,0,1,1,1,1,126431,45617,0
242347,Light's Vanguard,,,,0,7,0,0,129698,127131,128317,129854,1,1,1,1,30802,0,0
242381,Valeera Sanguinar,,,,1,7,0,0,26365,0,0,0,1,1,1,1,171193,171193,0
242395,Anduin Wrynn,,,,1,7,0,0,115995,0,0,0,1,1,1,1,0,0,0
242398,Naleidea Rivergleam,,Delve Treasures,,0,7,0,0,105169,0,0,0,1,1,1,1,0,0,0
242399,Telemancer Astrandis,,Delve Treasures,,0,7,0,0,107574,0,0,0,1,1,1,1,0,0,0
242407,Spindle,,,,0,7,0,0,121068,0,0,0,1,1,1,1,0,0,0
242413,Grand Magister Rommath,,,,1,7,0,0,63775,0,0,0,1,1,1,1,0,0,0
242414,Halduron Brightwing,,Ranger-General of Silvermoon,,1,7,0,0,19707,0,0,0,0,1,1,1,0,0,0
242415,Halduron Brightwing,,,,1,7,0,0,128345,0,0,0,0,1,1,1,0,0,0
242417,Fleeing Citizen,,,,0,7,0,0,121121,121118,121122,121119,1,1,1,1,0,0,0
242451,Niblet,,,,0,12,0,3,137448,0,0,0,1,1,1,1,0,0,0
242452,Niblet,,,,0,12,0,3,128356,0,0,0,1,1,1,1,0,0,0
242507,Captain Fareeya,,The Crescent Glaive,,1,7,0,0,77524,0,0,0,1,1,1,1,141994,0,0
242511,Light's Vanguard,,,,0,7,0,0,129876,129880,129888,129877,1,1,1,1,132870,0,0
242538,Ve'nari,,Founder of the Trust,,1,7,0,0,130488,0,0,0,1,1,1,1,0,0,0
242581,Archmage Khadgar,,,,1,7,0,0,121178,0,0,0,1,1,1,1,0,0,0
242582,Eitrigg,,Sons of Lothar,,1,7,0,0,141316,0,0,0,1,1,1,1,10612,0,0
242583,Danath Trollbane,,Sons of Lothar,,1,7,0,0,141437,0,0,0,1,1,1,1,125319,13814,0
242585,Archmage Khadgar,,,,1,7,0,0,125322,0,0,0,1,1,1,1,0,0,0
242652,Swiftpaw,,,,0,12,0,0,128416,0,0,0,1,1,1,1,0,0,0
242674,Anxious Hawkstrider Hatchling,,,,0,12,0,0,21382,0,0,0,1,1,1,1,0,0,0
242675,Sneaky Lynx Cub,,,,0,12,0,0,118863,0,0,0,1,1,1,1,0,0,0
242678,Tazkan,,,,6,7,0,0,77188,0,0,0,1,1,1,1,0,0,0
242679,Friendly Saurolisk Hatchling,,,,0,12,0,0,81213,0,0,0,1,1,1,1,0,0,0
242680,Helpful Rat Pup,,,,0,12,0,0,126259,0,0,0,1,1,1,1,0,0,0
242688,Luma,,Thief at Bark,,0,8,0,0,129403,0,0,0,1,1,1,1,0,0,0
242764,Temporal Attendant,,,,1,4,0,2,129693,0,0,0,1,1,1,1,0,0,0
242768,Discarded Land Mine,,,,0,10,0,0,56939,84128,0,0,0,1,1,1,0,0,0
242783,Shoddily Stored Explosives,,,,0,10,0,0,128518,0,0,0,1,1,1,1,0,0,0
242806,Ithelis,,,,0,7,0,0,16811,0,0,0,1,1,1,1,0,0,0
242817,Crusader Newbery,,,,0,7,0,0,62976,0,0,0,1,1,1,1,0,0,0
242819,Faerin Lothar,,,,1,7,0,0,115280,0,0,0,1,1,1,1,220159,0,0
242822,Marran Trollbane,,,,0,7,0,0,122230,0,0,0,1,1,1,1,0,0,0
242825,Colonel Veronica Nials,,,,1,7,0,0,124637,0,0,0,1,1,1,1,165604,0,0
242826,Marran Trollbane,,,,0,7,0,0,129248,0,0,0,1,1,1,1,0,0,0
242856,Spindle,,,,0,7,0,0,121068,0,0,0,1,1,1,1,0,0,0
242864,Stromgarde Footman,,,,0,7,0,0,119062,119061,119060,119059,1,1,1,1,163538,0,0
242868,Stromgarde Footman,,,,0,7,0,0,119062,119061,119060,119059,1,1,1,1,233823,0,0
242879,Shambling Portal-Breacher,,,,0,15,0,0,129829,129829,129829,0,1,1,2,1,0,0,0
242880,Hateful Breacher,,,,0,15,0,0,92689,92689,92689,0,1,2,1,1,0,0,0
242891,Kickbomb,,,,0,10,0,0,128583,0,0,0,1,1,1,1,0,0,0
242916,Colonel Veronica Nials,,,,1,7,0,0,124637,0,0,0,1,1,1,1,165604,0,0
242936,Locus-Walker,,,,0,7,0,0,131473,0,0,0,1,1,1,1,0,0,0
242953,Gar-Bomba,,,,0,10,0,0,20324,92725,0,0,0,1,1,1,0,0,0
243048,Cheerful Crocolisk,,,,0,1,6,0,22388,22389,23506,23507,1,1,1,1,0,0,0
243097,Rotlimb Marauder,,,,0,6,0,0,137,987,1065,28292,1,1,1,1,0,0,0
243098,Abomination Guard,,,,1,6,0,0,7858,0,0,0,0,1,1,1,0,0,0
243111,Auctioneer Caidori,,,,0,7,0,0,138919,0,0,0,1,1,1,1,0,0,0
243115,Eitrigg,,,,1,7,0,0,129395,0,0,0,1,1,1,1,10612,0,0
243116,Overlord Geya'rah,,,,1,7,0,0,85555,0,0,0,1,1,1,1,118400,0,0
243117,Danath Trollbane,,,,1,7,0,0,119046,0,0,0,1,1,1,1,0,0,0
243157,Light's Vanguard,,,,0,7,0,0,128317,128323,128317,128323,1,1,1,1,48406,0,0
243165,Lady Liadrin,,Blood Knight Matriarch,,1,7,0,3,136435,0,0,0,1,1,1,1,256542,256543,0
243236,Lorewalker Cho,,,,0,7,0,0,127838,0,0,0,0,1,1,1,0,0,0
243253,Layne Pontelle,,Flame's Radiance Tailor,,0,7,0,0,128738,0,0,0,1,1,1,1,232794,232792,0
243270,Helpful Workshop Bot,,,,0,8,0,0,105333,0,0,0,1,1,1,1,0,0,0
243441,Lady Darkglen,,,,0,7,0,0,136415,0,0,0,1,1,1,1,0,0,0
243491,Cauldron of Echoes,,,,0,10,0,3,64055,129018,0,0,0,1,1,1,0,0,0
243514,Aln'hara's Bloom,,,,0,10,0,3,64055,129023,0,0,0,1,1,1,0,0,0
243540,The Echoless Flame,,,,0,10,0,3,64055,129022,0,0,0,1,1,1,0,0,0
243542,Russula's Outreach,,,,0,10,0,3,64055,129021,0,0,0,1,1,1,0,0,0
243544,Root of the World,,,,0,10,0,3,64055,129020,0,0,0,1,1,1,0,0,0
243653,Alleria Windrunner,,,,1,7,0,0,131464,0,0,0,1,1,1,1,0,0,219442
243707,Terminas,,Obscurion Imperator,,1,15,0,3,125089,0,0,0,1,1,1,1,0,0,0
243708,Decimus,,,,1,15,0,0,130002,0,0,0,1,1,1,1,258761,0,0
243759,Aksem,,High Priest of the Cradle,,0,7,0,0,137826,0,0,0,1,1,1,1,0,0,0
243761,Orweyna,,,,0,7,0,0,117116,0,0,0,1,1,1,1,224812,224812,0
243819,Charge Bar,,,,0,10,0,0,64062,0,0,0,1,1,1,1,0,0,0
243854,Void Fire [DNT],,,,0,10,0,0,56187,0,0,0,1,1,1,1,0,0,0
243863,Charge Bar,,,,0,10,0,0,64062,0,0,0,1,1,1,1,0,0,0
243899,Vanguard Paladin,,,,0,7,0,0,142253,142254,142255,142256,1,1,1,1,152342,0,0
243900,Vanguard Paladin,,,,0,7,0,0,79936,79937,79938,79939,1,1,1,1,101388,138831,0
243905,Danath Trollbane,,,,1,7,0,0,119046,0,0,0,1,1,1,1,125319,0,0
243959,Lynx Totem,,,,0,10,0,0,129137,0,0,0,1,1,1,1,0,0,0
243970,Silvermoon Ranger,,,,0,7,0,0,19577,0,0,0,100,1,1,1,34288,34288,73040
243986,Eagle Totem,,,,0,10,0,0,129141,0,0,0,1,1,1,1,0,0,0
243992,Anduin Wrynn,,,,1,7,0,0,115995,0,0,0,1,1,1,1,0,0,0
244004,Ship Stalker,,,,0,10,0,0,1126,11686,0,0,0,1,1,1,0,0,0
244055,Controller,,,,0,10,0,0,64062,0,0,0,1,1,1,1,0,0,0
244073,Royal Guard,,,,1,7,0,0,89418,89419,89420,89421,1,1,1,1,165700,165701,0
244081,Nightborne Arcanist,,,,0,7,0,0,66275,66276,66588,66591,1,1,1,1,132170,0,0
244090,Void Bubble,,,,0,10,0,3,92749,0,0,0,1,1,1,1,0,0,0
244114,Void Bubble,,,,0,10,0,3,92749,0,0,0,1,1,1,1,0,0,0
244145,Hopeflutter,,,,0,12,0,3,129131,0,0,0,1,1,1,1,0,0,0
244146,Doomfeathers,,,,0,12,0,3,129133,0,0,0,1,1,1,1,0,0,0
244262,Kirin Tor Guardian,,,,1,7,0,0,68480,47997,47999,48000,2,2,3,1,43617,0,0
244263,Ixthal the Observling,,,,0,12,0,3,124292,0,0,0,1,1,1,1,0,0,0
244304,Newstead Farmer,,,,0,7,0,0,84993,0,0,0,1,1,1,1,3367,0,0
244308,Overlord Geya'rah,,,,1,7,0,0,85555,0,0,0,1,1,1,1,118400,0,0
244341,Kalecgos,,,,1,2,0,0,114577,105921,0,0,0,1,1,1,197918,197919,0
244381,Enraged Ogre,,,,0,7,0,0,91775,91776,91777,91778,1,1,1,1,107407,0,0
244389,Kalecgos,,,,1,2,0,0,75614,0,0,0,1,1,1,1,197918,197919,0
244496,Kalecgos,,,,1,2,0,0,75614,0,0,0,1,1,1,1,197918,197919,0
244497,Captain Garrick,,,,0,7,0,0,109008,0,0,0,1,1,1,1,163887,163891,0
244498,Faceless One,,,,1,15,0,0,34434,0,0,0,1,1,1,1,0,0,0
244540,Captain Elleane Wavecrest,,,,1,7,0,0,141295,0,0,0,1,1,1,1,34285,34285,24319
244541,Scout Captain Daelin,,,,1,7,0,0,141298,0,0,0,1,1,1,1,42547,0,34281
244542,Archmage Velor Cloudlight,,,,1,7,0,0,141296,0,0,0,1,1,1,1,134845,0,0
244560,Arcane Missile,,,,0,10,0,3,129337,0,0,0,1,1,1,1,0,0,0
244562,Tak'lejo,,Shadowpine Tribe,,0,7,0,0,131289,0,0,0,1,1,1,1,235242,265885,0
244594,Scourge Banner,,,,0,10,0,0,98700,0,0,0,1,1,1,1,0,0,0
244595,Scourge War Machine,,,,0,10,0,0,96795,0,0,0,1,1,1,1,0,0,0
244596,Scourge War Engineer,,,,0,6,0,0,27511,0,0,0,1,1,1,1,28489,0,0
244597,Soldier of the Frozen Wastes,,,,0,6,0,0,11404,11403,0,0,0,1,1,1,0,0,0
244598,Risen Creeper,,,,0,6,0,0,2676,1200,0,0,1,1,1,1,0,0,0
244599,Dreadbone Skeleton,,,,0,6,0,0,158,0,0,0,1,1,1,1,12951,0,0
244600,Scourge War Engineer,,,,0,6,0,0,27511,0,0,0,1,1,1,1,28489,0,0
244601,Skeletal Archmage,,,,0,6,0,0,26919,27705,27706,27707,1,1,1,1,0,0,0
244602,Scourge Converter,,,,0,6,0,0,27774,25796,27775,27651,1,0,0,0,13722,0,0
244603,Skeletal Reaver,,,,1,6,0,0,27984,0,0,0,1,1,1,1,0,0,0
244604,Stitched Warsong Horror,,,,0,6,0,0,15961,0,0,0,1,1,1,1,0,0,0
244605,Spire Gargoyle,,,,1,6,0,2,14696,0,0,0,0,1,1,1,0,0,0
244611,Offworlder Refugee,,,,0,7,0,0,129346,0,0,0,1,1,1,1,0,0,0
244622,Invisible Bunny - Test (LOH),,,,0,10,0,0,56187,11686,0,0,0,1,1,1,0,0,0
244630,Offworlder Refugee,,,,0,7,0,0,140420,0,0,0,1,1,1,1,0,0,0
244633,Void Bubble,,,,0,10,0,3,92749,0,0,0,1,1,1,1,0,0,0
244637,Offworlder Refugee,,,,0,7,0,0,140427,0,0,0,1,1,1,1,0,0,0
244655,Lady Jaina Proudmoore,,,,1,7,0,0,88316,0,0,0,1,1,1,1,153575,0,0
244658,Lady Jaina Proudmoore,,,,1,7,0,0,88316,0,0,0,1,1,1,1,153575,0,0
244667,Lady Jaina Proudmoore,,,,1,7,0,0,88316,0,0,0,1,1,1,1,153575,0,0
244674,Ogre Destroyer,,,,0,7,0,0,91775,91776,91777,91778,1,1,1,1,107407,0,0
244685,Ogre Basher,,,,0,7,0,0,129360,129359,0,0,1,1,1,1,107407,0,0
244707,Void Bubble,,,,0,10,0,3,92749,0,0,0,1,1,1,1,0,0,0
244714,Lady Jaina Proudmoore,,,,1,7,0,0,88316,0,0,0,1,1,1,1,153575,0,0
244728,Sky's Hope,,,,0,10,0,3,64055,129380,0,0,0,1,1,1,0,0,0
244745,Lady Darkglen,,,,0,7,0,0,136415,0,0,0,1,1,1,1,0,0,0
244778,Silvermoon Ranger,,,,0,7,0,0,19577,0,0,0,100,1,1,1,34288,34288,0
244787,Broken Vigilant,,,,0,9,0,0,129914,0,0,0,1,1,1,1,0,0,0
244788,Elder Artificer Batos,,,,0,7,0,0,79133,0,0,0,1,1,1,1,0,0,0
244848,Gentle Paa'he,,,,0,7,0,0,18349,0,0,0,1,1,1,1,0,0,0
244875,Entropy Wielder,,,,1,15,0,0,136443,0,0,0,1,1,1,1,0,0,0
244920,Danath Trollbane,,,,1,7,0,0,119046,0,0,0,1,1,1,1,0,0,0
245014,Curious Cat,,,,0,12,0,3,129444,0,0,0,1,1,1,1,0,0,0
245027,Gnoll Assailant,,,,0,7,0,3,103696,103695,103694,103288,1,1,1,1,0,0,0
245028,Horde Grunt,,,,0,7,0,0,84548,84547,84546,84545,1,1,1,1,0,0,0
245031,Sound Stalker - 11.2.7 Amb - Housing - Item Sound Stalker - Owl Periodic,,,,6,10,0,3,90874,129474,0,0,0,1,1,1,0,0,0
245032,Sound Stalker - 11.2.7 Amb - Housing - Item Sound Stalker - Cicada Loop,,,,6,10,0,3,90874,129475,0,0,0,1,1,1,0,0,0
245036,Sound Stalker - 11.2.7 Amb - Housing - Area Trigger Sound Stalker,,,,6,10,0,3,90874,129479,0,0,0,1,1,1,0,0,0
245043,Hawkstrider Hatchling,,,,0,12,0,0,127895,0,0,0,1,1,1,1,0,0,0
245068,Background,,,,0,10,0,0,129488,0,0,0,1,1,1,1,0,0,0
245072,Sound Stalker - 11.2.7 Amb - Housing - Item Sound Stalker - Tavern Crowd Loop,,,,6,10,0,3,90874,129490,0,0,0,1,1,1,0,0,0
245073,Sound Stalker - 11.2.7 Amb - Housing - Item Sound Stalker - Crickets Loop,,,,6,10,0,3,90874,129503,0,0,0,1,1,1,0,0,0
245074,Sound Stalker - 11.2.7 Amb - Housing - Item Sound Stalker - Tavern Chant Periodic,,,,6,10,0,3,90874,129507,0,0,0,1,1,1,0,0,0
245075,Sound Stalker - 11.2.7 Amb - Housing - Item Sound Stalker - Elwynn Night,,,,6,10,0,3,90874,129509,0,0,0,1,1,1,0,0,0
245085,Sound Stalker - 11.2.7 Amb - Housing - Item Sound Stalker - Void Ambience,,,,6,10,0,3,90874,129511,0,0,0,1,1,1,0,0,0
245125,Turalyon,,,,1,7,0,0,129533,0,0,0,1,1,1,1,0,0,0
245155,Xal'atath,,The Harbinger,,1,15,0,2,117121,0,0,0,1,1,1,1,0,0,0
245156,Soul-Scribe,,,,0,7,0,0,126804,0,0,0,1,1,1,1,0,0,0
245157,Narathe,,,,0,7,0,0,124124,0,0,0,1,1,1,1,233003,0,0
245158,Lash'ir,,,,0,7,0,0,124125,0,0,0,1,1,1,1,232997,0,0
245159,Farena,,,,0,7,0,0,123859,0,0,0,1,1,1,1,0,0,0
245160,Qaishaa,,,,0,7,0,0,123874,0,0,0,1,1,1,1,240501,0,0
245161,Om'talad,,,,0,7,0,0,124338,0,0,0,1,1,1,1,0,0,0
245162,Jayaan,,,,0,7,0,0,123833,0,0,0,1,1,1,1,240501,0,0
245178,Waypoint A,,,,0,10,0,0,328,27823,0,0,0,1,1,1,0,0,0
245184,Sound Stalker - Generic Invisible Stalker,,,,6,10,0,3,90874,129566,0,0,0,1,1,1,0,0,0
245204,Baby Karesh Fox - Orange,,,,0,12,0,0,124240,0,0,0,1,1,1,1,0,0,0
245215,Veridian Thorntail,,,,0,12,0,0,124239,0,0,0,1,1,1,1,0,0,0
245217,Scrappy Thorntail,,,,0,12,0,0,124238,0,0,0,1,1,1,1,0,0,0
245242,Waypoint B,,,,0,10,0,0,328,27823,0,0,0,1,1,1,0,0,0
245245,G.M.O.D,,,,1,7,0,0,129587,0,0,0,1,1,1,1,0,0,0
245246,Zul'jarra,,,,1,7,0,0,125149,131551,0,0,0,1,1,1,248999,0,0
245278,Charge Bar,,,,0,10,0,0,64062,0,0,0,1,1,1,1,0,0,0
245300,Charge Bar,,,,0,10,0,0,64062,0,0,0,1,1,1,1,0,0,0
245301,Market Patron,,,,0,7,0,0,101570,93578,93580,126154,1,1,1,1,0,0,0
245302,Tazavesh Enforcer,,Cartel Zo,,1,7,0,0,101477,0,0,0,1,1,1,1,0,0,0
245303,Bound Observer,,,,0,15,0,3,123927,0,0,0,1,1,1,1,0,0,0
245306,Tazavesh Security,,,,1,7,0,0,124730,0,0,0,1,1,1,1,185334,178347,0
245307,Consortium Collector,,,,0,7,0,0,124051,124062,124066,124054,1,1,1,1,0,0,0
245308,Golden Purrkin,,,,0,8,2,0,98507,0,0,0,1,1,1,1,0,0,0
245309,Alleria Windrunner,,,,1,7,0,0,118072,0,0,0,1,1,1,1,0,0,219442
245310,Locus-Walker,,,,0,7,0,0,78749,0,0,0,1,1,1,1,0,0,0
245357,Zo'ya,,,,0,8,0,0,98507,0,0,0,1,1,1,1,0,0,0
245362,Chosen Champion,,,,1,15,0,0,92767,0,0,0,1,1,1,1,0,0,0
245371,Captain Garrick,,,,0,7,0,0,92690,0,0,0,1,1,1,1,163887,163891,0
245374,Ethereal Brannmorpher,,Big Brann Fan,,0,12,0,0,129643,0,0,0,1,1,1,1,190185,0,0
245394,Captain Garrick,,,,0,7,0,0,109008,0,0,0,1,1,1,1,163887,163891,0
245397,Lady Jaina Proudmoore,,,,0,7,0,0,88316,0,0,0,1,1,1,1,153575,0,0
245399,Lady Jaina Proudmoore,,,,0,7,0,0,88316,0,0,0,1,1,1,1,0,0,0
245457,Xy'nja,,,,0,8,0,0,98509,0,0,0,1,1,1,1,0,0,0
245458,Chief Telemancer Oculeth,,,,0,7,0,0,73853,0,0,0,1,1,1,1,0,0,0
245474,Dread Horrorling,,,,0,12,0,3,124290,0,0,0,1,1,1,1,0,0,0
245475,Impartial Watcher,,,,0,12,0,3,124293,0,0,0,1,1,1,1,0,0,0
245476,Penumbral Terror,,,,0,12,0,3,124291,0,0,0,1,1,1,1,0,0,0
245477,Rhay'Dahr,,,,0,12,0,3,129679,0,0,0,1,1,1,1,0,0,0
245479,Looker Gaz'kreth Jr.,,,,0,12,0,3,124295,0,0,0,1,1,1,1,0,0,0
245480,Xanthous Siphonmite,,,,0,12,0,0,130075,0,0,0,1,1,1,1,0,0,0
245481,Jimmy,,,,0,12,0,0,130079,0,0,0,1,1,1,1,0,0,0
245482,Cyan Siphonmite,,,,0,12,0,0,130076,0,0,0,1,1,1,1,0,0,0
245494,Vitriolic Inchshifter,,,,0,12,0,0,128504,0,0,0,1,1,1,1,0,0,0
245495,"Worm, Cosmic - Critter (Red)",,,,0,12,0,0,128503,0,0,0,1,1,1,1,0,0,0
245496,"Palek'ti, the Mouth of Nothingness",,,,0,12,0,0,128502,0,0,0,1,1,1,1,0,0,0
245497,Shimmering Inchshifter,,,,0,12,0,0,128501,0,0,0,1,1,1,1,0,0,0
245498,Graceful Cosmic Ray Pup,,,,0,12,0,3,129683,0,0,0,1,1,1,1,0,0,0
245499,Starlight,,,,0,12,0,3,129684,0,0,0,1,1,1,1,0,0,0
245500,Duskthief,,,,0,12,0,3,129685,0,0,0,1,1,1,1,0,0,0
245501,Sao'rhon,,,,0,12,0,3,129686,0,0,0,1,1,1,1,0,0,0
245502,Inquisitive Cosmic Ray Pup,,,,0,12,0,3,129687,0,0,0,1,1,1,1,0,0,0
245503,Mr. Long-Legs,,,,0,12,0,0,124237,0,0,0,1,1,1,1,0,0,0
245504,"Heka'Tarnos, Bringer of Discord",,,,0,12,0,0,124236,0,0,0,1,1,1,1,0,0,0
245505,Copper Lapbug,,,,0,12,0,0,124235,0,0,0,1,1,1,1,0,0,0
245506,Cerulean Lapbug,,,,0,12,0,0,124234,0,0,0,1,1,1,1,0,0,0
245511,Sai'alyo,,,,0,7,0,0,129688,0,0,0,1,1,1,1,0,0,0
245519,Priest Grimmin,,,,1,7,0,0,141212,0,0,0,0,1,1,1,0,0,0
245523,Alleria Windrunner,,,,1,7,0,0,118072,0,0,0,1,1,1,1,0,0,219442
245524,Xal'atath,,,,1,15,0,0,117121,0,0,0,1,1,1,1,0,0,0
245525,Locus-Walker,,,,0,7,0,0,78749,0,0,0,1,1,1,1,0,0,0
245536,Leona Darkstrider,,,,0,7,0,0,141322,0,0,0,1,1,1,1,163072,0,0
245545,Flotsam Harvester,,,,0,12,0,0,129699,0,0,0,1,1,1,1,0,0,0
245586,Lor'themar Theron,,Regent Lord of Quel'Thalas,,1,7,0,0,129717,0,0,0,1,1,1,1,168606,0,0
245587,Grand Magister Rommath,,,,1,7,0,0,129719,0,0,0,1,1,1,1,274482,0,0
245588,High Exarch Turalyon,,Lord Commander of Alliance Forces,,1,7,0,0,129720,0,0,0,1,1,1,1,150577,0,0
245589,Lilaju,,Revantusk Tribe,,0,7,0,0,131586,0,0,0,1,1,1,1,235243,0,0
245594,Henry Garrick,,,,0,7,0,0,92751,0,0,0,1,1,1,1,0,0,0
245597,Penumbra,,Umbric's Companion,,0,12,0,0,128297,0,0,0,1,1,1,1,0,0,0
245605,Captain Fareeya,,The Crescent Glaive,,1,7,0,0,77524,0,0,0,1,1,1,1,141994,0,0
245616,Tiny Snow Buddy,,,,0,12,0,0,138596,0,0,0,1,1,1,1,0,0,0
245647,Lil' Daz'ti,,,,0,12,0,0,129728,0,0,0,1,1,1,1,0,0,0
245667,Captain Garrick,,,,0,7,0,0,109008,0,0,0,1,1,1,1,163887,163891,0
245686,Lady Jaina Proudmoore,,,,0,7,0,0,88316,0,0,0,1,1,1,1,153575,0,0
245694,Cauldron of Echoes,,,,0,10,0,3,64055,129788,0,0,0,1,1,1,0,0,0
245702,Shadow Warder,,,,1,4,0,3,139518,73745,27823,0,1,0,0,1,0,0,0
245724,Sai'alyo,,,,0,7,0,0,129688,0,0,0,1,1,1,1,0,0,0
245725,Sai'alyo,,,,0,7,0,0,129688,0,0,0,1,1,1,1,0,0,0
245726,Sai'alyo,,,,0,7,0,0,129688,0,0,0,1,1,1,1,0,0,0
245758,Cauldron of Echoes,,,,0,10,0,0,64055,129788,0,0,0,1,1,1,0,0,0
245776,Waypoint C,,,,0,10,0,0,328,27823,0,0,0,1,1,1,0,0,0
245814,Paint Splotch,,,,0,10,0,3,129814,0,0,0,1,1,1,1,0,0,0
245816,Voidclaw Vanguard,,,,1,6,0,0,92689,0,0,0,1,1,1,1,0,0,0
245817,Void-Veiled Vanguard,,,,0,15,0,0,93869,92689,50757,0,1,1,1,1,0,0,0
245818,Light's Vanguard,,,,0,7,0,0,129876,129877,129880,129889,1,1,1,1,132870,0,0
245819,Void-Sparked Vanguard,,,,0,15,0,0,50757,0,0,0,1,1,1,1,0,0,0
245820,Voidflesh Vanguard,,,,0,6,0,0,91566,0,0,0,1,1,1,1,0,0,0
245826,Nexus-King Salhadaar,,,,1,7,0,0,125691,0,0,0,1,1,1,1,0,0,0
245852,Om'en,,Cartel Om Magistrate,,0,7,0,0,122503,0,0,0,1,1,1,1,0,0,0
245882,The Royal Voidwing,,,,1,2,0,0,126889,0,0,0,1,1,1,1,0,0,0
245884,Naia,,,,0,1,0,2,136046,0,0,0,1,1,1,1,0,0,0
245932,Light's Vanguard,,,,0,7,0,0,129865,129868,129866,129869,1,1,1,1,13312,40596,0
245933,Light's Vanguard,,,,0,7,0,0,128323,129852,129698,127131,1,1,1,1,124727,115082,0
245935,Light's Vanguard,,,,0,7,0,0,129870,129871,129872,129873,1,1,1,1,0,0,0
245967,Gorgrum Kegfist,,,,0,7,0,0,129851,0,0,0,1,1,1,1,117379,0,0
245976,Deminos Darktrance,,,,0,7,0,0,139855,0,0,0,1,1,1,1,259264,259264,0
245979,Pel'na Torntusk,,Revantusk Tribe,,0,7,0,0,131263,0,0,0,1,1,1,1,242655,0,0
245993,Empowered Dragonhawk,,,,0,1,30,3,129701,0,0,0,1,1,1,1,0,0,0
245994,Light's Vanguard,,,,0,7,0,0,129887,129884,129886,129883,1,1,1,1,0,0,0
245995,Void Conduit,,,,0,10,0,0,129885,0,0,0,1,1,1,1,0,0,0
246004,Cauldron of Sin'dorei Flasks |A:Professions-ChatIcon-Quality-12-Tier1:20:20|a,,,,0,10,0,0,143086,0,0,0,1,1,1,1,0,0,0
246012,Light's Vanguard,,,,0,7,0,0,128323,129852,129698,127131,1,1,1,1,30802,0,0
246014,Light's Vanguard,,,,0,7,0,0,128323,129698,128317,129854,1,1,1,1,124727,115082,0
246038,Light's Vanguard,,,,0,7,0,0,128318,128320,0,0,1,1,1,1,163960,152332,0
246042,Brewer's Balloon,,,,0,12,0,0,129910,0,0,0,0,1,1,1,0,0,0
246067,War Chaplain Senn,,,,1,7,0,0,131523,0,0,0,1,1,1,1,124727,190002,0
246076,General Amias Bellamy,,,,1,7,0,0,131501,0,0,0,1,1,1,1,132870,0,0
246077,Commander Venel Lightblood,,,,1,7,0,0,131527,0,0,0,1,1,1,1,223549,0,0
246105,Cauldron of Sin'dorei Flasks |A:Professions-ChatIcon-Quality-12-Tier2:20:20|a,,,,0,10,0,0,143086,0,0,0,1,1,1,1,0,0,0
246111,Voidborn Swarmer,,,,0,15,0,3,131405,125922,125922,0,1,0,0,1,0,0,0
246112,Voidlight Potion Cauldron |A:Professions-ChatIcon-Quality-12-Tier1:20:20|a,,,,0,10,0,0,143085,0,0,0,1,1,1,1,0,0,0
246117,Voidlight Potion Cauldron |A:Professions-ChatIcon-Quality-12-Tier2:20:20|a,,,,0,10,0,0,143085,0,0,0,1,1,1,1,0,0,0
246132,Commander Venel Lightblood,,,,1,7,0,0,131527,0,0,0,1,1,1,1,223549,0,0
246159,Anduin Wrynn,,,,1,7,0,0,115995,0,0,0,1,1,1,1,224743,0,0
246164,Commander Venel Lightblood,,,,1,7,0,0,131527,0,0,0,1,1,1,1,223549,0,0
246165,General Amias Bellamy,,,,1,7,0,0,131501,0,0,0,1,1,1,1,132870,0,0
246166,War Chaplain Senn,,,,1,7,0,0,131523,0,0,0,1,1,1,1,124727,190002,0
246179,Empowered Dragonhawk,,,,0,1,30,3,129701,0,0,0,1,1,1,1,0,0,0
246217,Invisible Bunny - Test (LOH),,,,0,10,0,0,56187,11686,0,0,0,1,1,1,0,0,0
246240,Quel'Danas Sentinel,,,,1,9,0,0,137431,0,0,0,1,1,1,1,0,0,0
246266,Generic - Empty Bunny,,,,0,10,0,3,15092,11686,0,0,0,1,1,1,0,0,0
246276,Orc Skeleton,,,,0,6,0,0,58779,0,0,0,1,1,1,1,0,0,0
246308,Valarjar Thundercaller,,,,1,7,0,0,67277,0,0,0,1,1,1,1,36543,0,0
246325,Adarus Duskblaze,,Illidari,,0,7,0,0,136030,0,0,0,1,1,1,1,0,0,0
246331,Shadowguard Dreadnaught,,,,0,9,0,0,126552,0,0,0,1,1,1,1,0,0,0
246380,Void Fire (Large) [DNT],,,,0,10,0,0,56187,0,0,0,1,1,1,1,0,0,0
246401,Light's Vanguard,,Vanguard of the Light,,0,7,0,0,129698,127131,128317,129854,1,1,1,1,30802,0,0
246402,Shadowguard Infiltrator,,,,0,7,0,0,124404,124400,124397,124395,1,1,1,1,217714,0,0
246417,Commander Koruth Mountainfist,,,,1,7,0,0,131524,0,0,0,1,1,1,1,25127,72983,0
246433,Kellara the Cunning,,,,0,7,0,0,91416,0,0,0,1,1,1,1,158097,0,0
246435,Tuwavo Ravenwing,,,,0,7,0,0,91447,0,0,0,1,1,1,1,158097,0,0
246456,Forgotten Song,,,,0,4,0,3,130001,0,0,0,1,1,1,1,0,0,0
246464,Arator,,,,1,7,0,0,124777,0,0,0,1,1,1,1,0,0,0
246489,Kill Credit: March on Quel'Danas,,,,0,10,0,0,1126,11686,0,0,0,1,1,1,0,0,0
246541,Elder Tae Swiftfoot,,,,0,7,0,0,91423,0,0,0,1,1,1,1,128940,133948,0
246542,Master Pyong-Xu,,,,0,7,0,0,91453,0,0,0,1,1,1,1,128940,133948,0
246546,Forgotten Melody,,,,0,4,0,3,130018,0,0,0,1,1,1,1,0,0,0
246547,Talvar the Luminous,,,,0,7,0,0,91426,0,0,0,1,1,1,1,120978,0,0
246548,Matumo Brighthoof,,,,0,7,0,0,145154,0,0,0,1,1,1,1,120978,0,0
246583,Background,,,,0,10,0,0,129488,0,0,0,1,1,1,1,0,0,0
246594,Background,,,,0,10,0,0,130067,0,0,0,1,1,1,1,0,0,0
246627,Ulfrik Stoutarm,,,,0,7,0,0,91439,0,0,0,1,1,1,1,128910,0,0
246628,Marco the Malodorous,,,,0,7,0,0,91471,0,0,0,1,1,1,1,128910,0,0
246647,Jeniba Sharpwrench,,,,0,7,0,0,91434,0,0,0,1,1,1,1,128870,141347,0
246648,Klexi the Stabulous,,,,0,7,0,0,91465,0,0,0,1,1,1,1,128870,141347,0
246660,Rustyroot Fel Snooter,,,,0,12,0,0,130097,0,0,0,1,1,1,1,0,0,0
246661,Duskytooth Fel Snooter,,,,0,12,0,0,130098,0,0,0,1,1,1,1,0,0,0
246662,Mustyfur Fel Snooter,,,,0,12,0,0,130099,0,0,0,1,1,1,1,0,0,0
246663,Scruffyhorn Fel Snooter,,,,0,12,0,0,130100,0,0,0,1,1,1,1,0,0,0
246666,Renten Plaguebringer,,,,0,7,0,0,91957,0,0,0,1,1,1,1,128403,0,0
246667,Nethos the Blighted,,,,0,7,0,0,91959,0,0,0,1,1,1,1,128403,0,0
246675,Anduin Wrynn,,,,1,7,0,0,115995,0,0,0,1,1,1,1,224743,0,0
246677,Frostsinger Hayalvi,,,,0,7,0,0,91421,0,0,0,1,1,1,1,128862,0,0
246678,Nimisia Azuresong,,,,0,7,0,0,91451,0,0,0,1,1,1,1,128862,0,0
246696,Dali,,,,0,12,291,0,140475,0,0,0,1,1,1,1,0,0,0
246749,Bishop Broxast,,,,0,7,0,0,91428,0,0,0,1,1,1,1,128868,0,0
246750,Grigori the Unrepentant,,,,0,7,0,0,91460,0,0,0,1,1,1,1,128868,0,0
246758,"Savia ""Anguish"" Anguossa",,,,0,7,0,0,91437,0,0,0,1,1,1,1,128942,0,0
246759,Nethercaster Vandryn,,,,0,7,0,0,91469,0,0,0,1,1,1,1,128942,0,0
246768,Firecaller Nephius,,,,0,7,0,0,91961,0,0,0,1,1,1,1,128819,128873,0
246769,Snazz Sparkstack,,,,0,7,0,0,91963,0,0,0,1,1,1,1,128819,128873,0
246809,Colarra the Cadaverous,,,,0,7,0,0,91958,0,0,0,1,1,1,1,128403,0,0
246811,Lady Korvisha,,,,0,7,0,0,91960,0,0,0,1,1,1,1,128403,0,0
246814,"Andretta ""Melee"" Nalee",,,,0,7,0,0,91440,0,0,0,1,1,1,1,128910,0,153648
246816,Nekora the Well Armed,,,,0,7,0,0,91472,0,0,0,1,1,1,1,128910,0,153648
246818,Sister Shandra,,,,0,7,0,0,90961,0,0,0,1,1,1,1,128868,0,0
246819,Diviner Taz'to,,,,0,7,0,0,91459,0,0,0,1,1,1,1,128868,0,0
246820,Dawyn the Rabid,,,,0,7,0,0,91417,0,0,0,1,1,1,1,158097,0,0
246821,Ku'tiri the Claw,,,,0,7,0,0,91448,0,0,0,1,1,1,1,158097,0,0
246823,Bravin the Inconspicuous,,,,0,7,0,0,91433,0,0,0,1,1,1,1,128870,141347,0
246824,Haz'waz the Toxic,,,,0,7,0,0,91466,0,0,0,1,1,1,1,128870,141347,0
246826,Lessia Giantstrike,,,,0,7,0,0,91422,0,0,0,1,1,1,1,128940,133948,0
246827,Rin'zaka the Galefist,,,,0,7,0,0,91454,0,0,0,1,1,1,1,128940,133948,0
246829,Pyrthel the Ghastly,,,,0,7,0,0,91438,0,0,0,1,1,1,1,128942,0,0
246830,Talah Blightspewer,,,,0,7,0,0,91470,0,0,0,1,1,1,1,128942,0,0
246832,Mastus Snowspray,,,,0,7,0,0,91420,0,0,0,1,1,1,1,128862,0,0
246833,Caz'lek the Sleetbringer,,,,0,7,0,0,91452,0,0,0,1,1,1,1,128862,0,0
246835,Nella Slagheart,,,,0,7,0,0,91427,0,0,0,1,1,1,1,120978,0,0
246836,Jemba the Radiant,,,,0,7,0,0,91457,0,0,0,1,1,1,1,120978,0,0
246837,Setara Blazestrike,,,,0,7,0,0,91962,0,0,0,1,1,1,1,128819,128873,0
246838,Earthspeaker Ochomu,,,,0,7,0,0,91964,0,0,0,1,1,1,1,128819,128873,0
246847,Voidfiend Corpse,,,,0,6,0,0,130196,130196,0,0,1,1,1,1,0,0,0
246863,Alonsus Faol,,Bishop of Secrets,,1,7,0,0,141282,0,0,0,1,1,1,1,259225,0,0
246883,Riley Iceclaw,,,,0,7,0,0,91413,0,0,0,1,1,1,1,128292,128293,0
246884,Len'te the Bitter,,,,0,7,0,0,91443,0,0,0,1,1,1,1,128292,128293,0
246885,Galdon the Glacial,,,,0,7,0,0,91412,0,0,0,1,1,1,1,128292,128293,0
246886,Qyrix the Hatchet,,,,0,7,0,0,91444,0,0,0,1,1,1,1,128292,128293,0
246901,Taga Stoneaxe,,,,0,7,0,0,91410,0,0,0,1,1,1,1,128402,0,0
246902,Immortal Ina,,,,0,7,0,0,91441,0,0,0,1,1,1,1,128402,0,0
246903,Caladon Leechblade,,,,0,7,0,0,91411,0,0,0,1,1,1,1,128402,0,0
246904,Loqh'wa the Vengeful,,,,0,7,0,0,91442,0,0,0,1,1,1,1,128402,0,0
246905,Bearstalker Vorian,,,,0,7,0,0,91966,0,0,0,1,1,1,1,128826,0,128826
246906,Marksman Rakatu,,,,0,7,0,0,91968,0,0,0,1,1,1,1,0,0,128826
246907,Faedra the Sniper,,,,0,7,0,0,91967,0,0,0,1,1,1,1,128826,0,128826
246908,Elantia Arcarrow,,,,0,7,0,0,91969,0,0,0,1,1,1,1,0,0,128826
246910,Raize Shadespear,,,,0,7,0,0,91415,0,0,0,1,1,1,1,127829,127830,0
246911,Sylareon Silverblade,,,,0,7,0,0,91445,0,0,0,1,1,1,1,127829,127830,0
246912,Nylaria the Haunted,,,,0,7,0,0,91414,0,0,0,1,1,1,1,127829,127830,0
246913,Celaryn the Frenzied,,,,0,7,0,0,91446,0,0,0,1,1,1,1,127829,127830,0
246983,Shadefur Brewthief,,,,0,12,0,0,124533,0,0,0,1,1,1,1,0,0,0
247021,Discordant Resonance Stone,,,,0,10,0,0,23767,0,0,0,1,1,1,1,0,0,0
247022,Taluha Sunbringer,,,,0,7,0,0,91455,0,0,0,1,1,1,1,128867,128866,0
247023,Justicar Arcalus,,,,0,7,0,0,91424,0,0,0,1,1,1,1,128867,128866,0
247024,Kyara Bladeturner,,,,0,7,0,0,91425,0,0,0,1,1,1,1,128867,128866,0
247025,Crusader Tanastas,,,,0,7,0,0,91456,0,0,0,1,1,1,1,128867,128866,0
247034,Void-Veiled Vanguard,,,,0,15,0,0,142754,142755,142756,0,3,3,2,1,0,0,0
247117,Ladwick Wobblespring,,,,0,7,0,0,91419,0,0,0,1,1,1,1,128861,0,0
247118,Buckshot Bazza,,,,0,7,0,0,91449,0,0,0,1,1,1,1,128861,0,0
247120,Huntress Zmora,,,,0,7,0,0,91418,0,0,0,1,1,1,1,128861,0,0
247121,Downwind Dori,,,,0,7,0,0,91450,0,0,0,1,1,1,1,128861,0,128861
247124,"Davin ""Ashes"" Ashton",,,,0,7,0,0,91970,0,0,0,1,1,1,1,128820,133959,0
247125,Kirok the Charred,,,,0,7,0,0,91972,0,0,0,1,1,1,1,128820,133959,0
247127,Belanna Brightblaze,,,,0,7,0,0,91971,0,0,0,1,1,1,1,128820,133959,0
247129,Taruka Flamehand,,,,0,7,0,0,91974,0,0,0,1,1,1,1,128820,133959,0
247131,Exarch Thoss,,,,0,7,0,0,91980,0,0,0,1,1,1,1,128823,128824,0
247133,Caothun Suntouched,,,,0,7,0,0,91982,0,0,0,1,1,1,1,128823,128824,0
247135,Matron Dreya,,,,0,7,0,0,91981,0,0,0,1,1,1,1,128823,128824,0
247137,"""Don't Die"" Dyona",,,,0,7,0,0,91983,0,0,0,1,1,1,1,128823,128824,0
247139,Falania Nightsoul,,,,0,7,0,0,91431,0,0,0,1,1,1,1,128827,133958,0
247140,Inquisitor Draeleth,,,,0,7,0,0,91463,0,0,0,1,1,1,1,128827,133958,0
247141,Spinwindle the Unchaste,,,,0,7,0,0,91432,0,0,0,1,1,1,1,128827,133958,0
247142,Tinzwigg Sunstopper,,,,0,7,0,0,91464,0,0,0,1,1,1,1,128827,133958,0
247143,Priestess Leysha,,,,0,7,0,0,91429,0,0,0,1,1,1,1,128825,0,0
247144,Massa Cloudsage,,,,0,7,0,0,91461,0,0,0,1,1,1,1,128825,0,0
247145,Rangyu the Mender,,,,0,7,0,0,91430,0,0,0,1,1,1,1,128825,0,0
247146,Bandi the Boneknitter,,,,0,7,0,0,91462,0,0,0,1,1,1,1,128825,0,0
247147,Rondi Lavadrinker,,,,0,7,0,0,91435,0,0,0,1,1,1,1,128935,128936,0
247148,Giruma Bloodpelt,,,,0,7,0,0,91468,0,0,0,1,1,1,1,128935,128936,0
247149,Perek Tidesweeper,,,,0,7,0,0,91436,0,0,0,1,1,1,1,128935,128936,0
247151,Ogros Blazeseer,,,,0,7,0,0,91467,0,0,0,1,1,1,1,128935,128936,0
247152,Damogath the Tenebrous,,,,0,7,0,0,91976,0,0,0,1,1,1,1,128941,0,0
247153,Ignan Felfire,,,,0,7,0,0,91978,0,0,0,1,1,1,1,128941,0,0
247154,Mistress Xyla,,,,0,7,0,0,91977,0,0,0,1,1,1,1,128941,0,0
247155,Malys Feltouch,,,,0,7,0,0,91979,0,0,0,1,1,1,1,128941,0,0
247157,Void Structure,,,,0,15,0,0,130346,0,0,0,1,1,1,1,0,0,0
247238,Kozar Silverclaw,,,,0,7,0,0,130452,0,0,0,1,1,1,1,232336,0,0
247239,Kazara Bloodtalon,,,,0,7,0,0,130453,0,0,0,1,1,1,1,232336,0,0
247240,Trazen Swiftwing,,,,0,7,0,0,130454,0,0,0,1,1,1,1,232336,0,0
247241,Zindroz Darkscale,,,,0,7,0,0,130455,0,0,0,1,1,1,1,232336,0,0
247242,Nishana Greyscale,,,,0,7,0,0,130456,0,0,0,1,1,1,1,232336,0,0
247243,Siatra Spellwing,,,,0,7,0,0,130457,0,0,0,1,1,1,1,232336,0,0
247272,Commander Venel Lightblood,,,,1,7,0,0,131527,0,0,0,1,1,1,1,223549,0,0
247305,Commander Venel Lightblood,,,,1,7,0,0,131527,0,0,0,1,1,1,1,223549,0,0
247306,War Chaplain Senn,,,,1,7,0,0,131523,0,0,0,1,1,1,1,124727,190002,0
247433,Xal'atath,,,,1,15,0,0,117121,0,0,0,1,1,1,1,0,0,0
247434,Alleria Windrunner,,,,1,7,0,0,118072,0,0,0,1,1,1,1,0,0,219442
247435,Locus-Walker,,,,0,7,0,0,78749,0,0,0,1,1,1,1,0,0,0
247463,Zo'ya,,,,0,12,0,0,98507,0,0,0,1,1,1,1,0,0,0
247465,Unfazed Diver,,,,0,12,0,0,98508,0,0,0,1,1,1,1,0,0,0
247471,Flower Bunny 01,,,,0,10,0,0,52318,7804,0,0,0,1,1,1,0,0,0
247484,Harbinger Ul'thul,,The Envoy,,1,15,0,0,91247,0,0,0,1,1,1,1,0,0,0
247487,Supplier Jing,,Trading Post,,0,7,0,0,45607,0,0,0,1,1,1,1,0,0,0
247493,Path Helper,,,,0,10,0,0,21955,23767,0,0,0,1,1,1,0,0,0
247494,Path Helper,,,,0,10,0,0,21955,23767,0,0,0,1,1,1,0,0,0
247495,Path Helper,,,,0,10,0,0,21955,23767,0,0,0,1,1,1,0,0,0
247577,Shadowguard Darkweaver,,,,0,7,0,0,124412,124408,124407,124411,1,1,1,1,0,0,0
247664,Lady Darkglen,,,,0,7,0,0,136415,0,0,0,1,1,1,1,0,0,0
247674,Lady Darkglen,,,,0,7,0,0,136415,0,0,0,1,1,1,1,0,0,0
247946,Skyriding Glyph,,,,0,10,0,3,21955,23767,0,0,0,1,1,1,0,0,0
248051,Chromie,,,,0,2,0,0,10008,0,0,0,1,1,1,1,0,0,0
248090,Entropy Wielder,,,,1,15,0,0,136443,0,0,0,1,1,1,1,0,0,0
248109,Dimensius the All-Devouring,,,,1,3,0,0,127932,0,0,0,0,1,1,1,0,0,0
248113,Fire Ring,,,,0,10,0,3,62048,131380,0,0,0,1,1,1,0,0,0
248120,Ordon Darkwhisper,,,,0,7,0,0,131386,0,0,0,1,1,1,1,128870,141347,0
248122,Stalker Kaylanna,,,,0,7,0,0,131387,0,0,0,1,1,1,1,128870,141347,0
248124,Morg Bladetwister,,,,0,7,0,0,131388,0,0,0,1,1,1,1,128870,141347,0
248126,Slicing Jenni,,,,0,7,0,0,131389,0,0,0,1,1,1,1,128870,141347,0
248137,"Rusty ""Razor"" Maddox",,,,0,7,0,0,131392,0,0,0,1,1,1,1,128870,141347,0
248146,Abyssal Caller,,,,1,15,0,0,60824,0,0,0,1,1,1,1,0,0,0
248148,Obscurion Obliterator,,,,1,15,0,0,75493,0,0,0,1,1,1,1,0,0,0
248149,Twilight Hexwright,,,,0,7,0,0,136455,0,0,0,1,1,1,1,0,0,0
248168,Unstable Mote,,,,6,4,0,0,128709,0,0,0,1,1,1,1,0,0,0
248170,Captured Fox,,,,0,1,50,0,124202,124205,124203,0,1,1,1,1,0,0,0
248206,Airborne Sun Blossom,,,,0,10,0,3,62048,136285,136614,0,0,0,1,1,0,0,0
248207,Fire Ring,,,,0,10,0,3,62048,131380,0,0,0,1,1,1,0,0,0
248208,Fire Ring,,,,0,10,0,3,62048,131380,0,0,0,1,1,1,0,0,0
248209,Fire Ring,,,,0,10,0,3,62048,131380,0,0,0,1,1,1,0,0,0
248210,Fire Ring,,,,0,10,0,3,62048,131380,0,0,0,1,1,1,0,0,0
248211,Fire Ring,,,,0,10,0,3,62048,131380,0,0,0,1,1,1,0,0,0
248212,Fire Ring,,,,0,10,0,3,62048,131380,0,0,0,1,1,1,0,0,0
248213,Fire Ring,,,,0,10,0,3,62048,131380,0,0,0,1,1,1,0,0,0
248214,Fire Ring,,,,0,10,0,3,62048,131380,0,0,0,1,1,1,0,0,0
248221,Shuya Jinxin,,,,0,7,0,0,131423,0,0,0,1,1,1,1,128870,141347,0
248224,"""Smiling"" Narg",,,,0,7,0,0,131424,0,0,0,1,1,1,1,128870,141347,0
248225,Jiang Qiangshen,,,,0,7,0,0,131425,0,0,0,1,1,1,1,128870,141347,0
248243,Arcanist Aedmos,,,,0,7,0,0,131438,0,0,0,1,1,1,1,128820,133959,0
248245,Pheak Blastcaster,,,,0,7,0,0,131439,0,0,0,1,1,1,1,128820,133959,0
248246,Arcbinder Altremis,,,,0,7,0,0,131440,0,0,0,1,1,1,1,128862,0,0
248247,"""Zappy"" Zikki",,,,0,7,0,0,131442,0,0,0,1,1,1,1,128862,0,0
248249,Solastus Shadowguard,,,,0,7,0,0,131443,0,0,0,1,1,1,1,128910,0,0
248251,Theana Trueblade,,,,0,7,0,0,131444,0,0,0,1,1,1,1,128910,0,0
248253,Thalydris the Scythe,,,,0,7,0,0,131445,0,0,0,1,1,1,1,128910,0,0
248255,Serega Thunderdrum,,,,0,7,0,0,131446,0,0,0,1,1,1,1,128910,0,0
248263,Alonsus Faol,,Bishop of Secrets,,1,7,0,0,141282,0,0,0,1,1,1,1,259225,0,0
248272,Cainn Grimbeard,,,,0,7,0,0,131451,0,0,0,1,1,1,1,128941,0,0
248273,Diabolist Inksie,,,,0,7,0,0,131452,0,0,0,1,1,1,1,128941,0,0
248274,Dreave Felherd,,,,0,7,0,0,131453,0,0,0,1,1,1,1,128941,0,0
248275,Izgrin the Green,,,,0,7,0,0,131454,0,0,0,1,1,1,1,128941,0,0
248279,Speir of Elune,,,,0,7,0,0,131457,0,0,0,1,1,1,1,158097,0,0
248280,Starcaller Elendra,,,,0,7,0,0,131458,0,0,0,1,1,1,1,158097,0,0
248281,Atulash of the Eclipse,,,,0,7,0,0,131459,0,0,0,1,1,1,1,158097,0,0
248285,Nolana Nightgaze,,,,0,7,0,0,131460,0,0,0,1,1,1,1,158097,0,0
248300,Silvermoon Evacuee,,,,0,7,0,0,121123,121122,121121,121120,1,1,1,1,0,0,0
248423,Domanaar Caster,,,,1,15,0,0,128555,0,0,0,1,1,1,1,0,0,0
248429,Decimus,,,,1,15,0,0,124899,0,0,0,1,1,1,1,258761,0,0
248431,Voidbound Obliterator,,,,1,15,0,0,75493,0,0,0,1,1,1,1,0,0,0
248441,Feathered Drake,,,,1,7,0,0,90396,0,0,0,1,1,1,1,0,0,0
248451,Echo of Memory,,,,0,10,0,2,72766,131490,0,0,0,1,1,1,0,0,0
248455,Lucia Nightbreaker,,,,0,7,0,0,127391,0,0,0,1,1,1,1,0,0,0
248490,Delver's Mana-Skimmer,,,,0,2,0,0,126177,0,0,0,1,1,1,1,0,0,0
248491,Delver's Seasonal Mana-Skimmer,,,,0,2,0,0,131516,0,0,0,1,1,1,1,0,0,0
248492,Arcane Cannon,,,,0,9,0,0,56901,0,0,0,1,1,1,1,0,0,0
248495,Smoldering Valor,,,,0,12,0,0,131519,0,0,0,1,1,1,1,0,0,0
248496,Brann Bronzebeard,,,,1,7,0,0,131520,0,0,0,1,1,1,1,0,0,0
248559,[DNT] 11.2 Dungeon - Sound Stalker - Boss 1 - Portal RP,,,,6,10,0,3,90874,126487,0,0,0,1,1,1,0,0,0
248562,Captured Worm,,,,0,8,0,0,100060,122142,100058,0,1,1,1,1,0,0,0
248563,Wrathion,,The Black Prince,,1,2,0,3,107945,0,0,0,1,1,1,1,0,0,0
248564,Captured Bear,,,,0,1,156,0,100363,0,0,0,1,1,1,1,0,0,0
248565,Kalecgos,,Blue Dragon Aspect,,1,2,0,3,105921,0,0,0,1,1,1,1,0,0,0
248600,[DNT] 11.2 Dungeon - Sound Stalker - Boss 2 - Teleport RP,,,,6,10,0,3,90874,126487,0,0,0,1,1,1,0,0,0
248636,Alonsus Faol,,Bishop of Secrets,,1,7,0,0,141282,0,0,0,1,1,1,1,0,0,0
248700,Abysslick,,,,2,15,0,0,120063,0,0,0,1,1,1,1,0,0,0
248740,Ruilla the Huntress,,,,0,7,0,0,131636,0,0,0,1,1,1,1,0,0,252380
248746,[DNT] Siphon Missile,,,,0,10,0,3,131641,0,0,0,1,1,1,1,0,0,0
248750,Valeera Sanguinar,,,,1,7,0,0,26365,0,0,0,1,1,1,1,171193,171193,0
248791,Voidseer Orivane,,Architect of Nothing,,2,15,0,0,139028,0,0,0,1,1,1,1,0,0,0
248837,[DNT] 11.2 Raid - Manaforge - Boss 1 - Cosmetic Orb - Sound Stalker,,,,6,10,0,3,90874,126487,0,0,0,1,1,1,0,0,0
248842,Chief Telemancer Oculeth,,,,0,7,0,0,73853,0,0,0,1,1,1,1,0,0,0
248855,Purloined Artifact,,,,0,10,0,2,131663,0,0,0,1,1,1,1,0,0,0
248856,Domanaar Soldier,,,,0,15,0,0,137388,137389,0,0,1,1,1,1,258756,0,0
248864,Predaxas,,,,1,1,0,0,129396,0,0,0,1,1,1,1,0,0,0
248865,Arator,,,,1,7,0,0,124777,0,0,0,1,1,1,1,246209,0,0
248866,Alleria Windrunner,,,,1,7,0,0,118072,0,0,0,1,1,1,1,0,0,219442
248867,Lothraxion,,High Commander,,1,7,0,0,137452,0,0,0,1,1,1,1,0,0,0
248869,Cunning Voidscythe,,,,0,1,0,2,126432,0,0,0,1,1,1,1,0,0,0
248874,Valeera Sanguinar,,,,1,7,0,0,26365,0,0,0,1,1,1,1,171193,171193,0
248982,Valeera Sanguinar,,,,1,7,0,0,26365,0,0,0,1,1,1,1,171193,171193,0
248997,[DNT] 11.2 Raid - Manaforge - Boss 3 - Enter Combat - Sound Stalker,,,,6,10,0,3,90874,126487,0,0,0,1,1,1,0,0,0
249097,Commander Venel Lightblood,,,,1,7,0,0,131527,0,0,0,1,1,1,1,223549,0,0
249102,Karion,,T1 (1/1),,0,1,0,0,125836,125835,125833,125831,1,1,1,1,0,0,0
249103,War Chaplain Senn,,,,1,7,0,0,131523,0,0,0,1,1,1,1,124727,190002,0
249156,Sylverian Dreamer,,,,0,1,0,0,90396,0,0,0,1,1,1,1,0,0,0
249161,Shadowguard Flickerblade,,,,1,7,0,0,129817,0,0,0,1,1,1,1,240523,240523,0
249177,Paladin Champion,,,,0,7,0,0,122541,0,0,0,1,1,1,1,237725,0,0
249178,Warrior Champion,,,,0,7,0,0,122547,0,0,0,1,1,1,1,237735,237741,0
249182,12.1 Demon Hunter Champion,,,,0,7,0,0,146867,0,0,0,1,1,1,1,268201,268201,0
249184,Hunter Champion,,,,0,7,0,0,123776,0,0,0,1,1,1,1,0,0,237732
249202,Flower Bunny 02,,,,0,10,0,0,52318,7804,0,0,0,1,1,1,0,0,0
249203,Flower Bunny 03,,,,0,10,0,0,52318,7804,0,0,0,1,1,1,0,0,0
249205,Flower Bunny 04,,,,0,10,0,0,52318,7804,0,0,0,1,1,1,0,0,0
249206,Flower Bunny 05,,,,0,10,0,0,52318,7804,0,0,0,1,1,1,0,0,0
249207,Flower Bunny 06,,,,0,10,0,0,52318,7804,0,0,0,1,1,1,0,0,0
249208,Flower Bunny 07,,,,0,10,0,0,52318,7804,0,0,0,1,1,1,0,0,0
249209,Flower Bunny 08,,,,0,10,0,0,52318,7804,0,0,0,1,1,1,0,0,0
249210,Flower Bunny 09,,,,0,10,0,0,52318,7804,0,0,0,1,1,1,0,0,0
249254,Ogre Destroyer,,,,0,7,0,0,91775,91776,91777,91778,1,1,1,1,107407,0,0
249281,Worn Catapult,,,,0,7,0,0,51677,0,0,0,1,1,1,1,0,0,0
249289,Anduin Wrynn,,,,1,7,0,0,115995,0,0,0,1,1,1,1,0,0,0
249357,[DNT] 11.2 Raid - Manaforge - Boss 1 - Post Death - Power Down - Sound Stalker,,,,6,10,0,3,90874,126487,0,0,0,1,1,1,0,0,0
249396,Runaway Tome,,,,0,10,0,2,131941,0,0,0,1,1,1,1,0,0,0
249456,Cindy Springstock,,,,0,7,0,0,90813,0,0,0,1,1,1,1,0,0,0
249457,Unlit Lantern,,,,0,10,0,3,28289,11686,0,0,0,1,1,1,0,0,0
249460,Calia Menethil,,The Pallid Lady,,1,7,0,0,92900,0,0,0,1,1,1,1,0,0,0
249488,Dundun,,,,0,12,0,0,128490,0,0,0,1,1,1,1,0,0,0
249501,Alleria Windrunner,,,,1,7,0,0,118072,0,0,0,1,1,1,1,0,0,219442
249502,Nexus-Prince Azir,,,,0,7,0,0,123949,0,0,0,1,1,1,1,240505,240505,0
249504,Xal'atath,,The Harbinger,,1,15,0,2,117121,0,0,0,1,1,1,1,0,0,0
249505,Jayaan,,,,0,7,0,0,123833,0,0,0,1,1,1,1,240501,0,0
249506,Locus-Walker,,,,0,7,0,0,78749,0,0,0,1,1,1,1,0,0,0
249507,Soul-Scribe,,,,0,7,0,0,126804,0,0,0,1,1,1,1,0,0,0
249509,Lash'ir,,,,0,7,0,0,124125,0,0,0,1,1,1,1,232997,0,0
249512,Narathe,,,,0,7,0,0,124124,0,0,0,1,1,1,1,233003,0,0
249513,Karesh Fox,,T1 (1/1),,0,1,50,0,124203,124202,124205,0,1,1,1,1,0,0,0
249514,Karesh Fox Kit,,,,0,1,50,0,124238,124240,0,0,1,1,1,1,0,0,0
249515,Conserved K'arroc,,,,0,1,26,0,126557,126558,126559,126553,1,1,1,1,0,0,0
249516,Slateback Roamer,,T1 (1/1),,0,1,151,0,125630,125631,125632,0,1,1,1,1,0,0,0
249567,Ring,,,,0,10,0,3,21955,110503,0,0,0,1,1,1,0,0,0
249621,Sunwell Guard,,,,1,7,0,0,89418,89419,89420,89421,1,1,1,1,165700,165701,0
249622,Sunwell Magus,,,,0,7,0,0,26071,26072,26073,26074,0,0,1,1,0,0,0
249623,Sunwell Warden,,,,0,7,0,0,30628,30629,30630,30631,1,1,1,1,0,0,34280
249624,Nightborne Arcanist,,,,1,7,0,0,66275,66276,66588,66591,1,1,1,1,132170,0,0
249625,Night Elf Archer,,,,1,7,0,0,92852,92853,92854,92855,1,1,1,1,0,0,165208
249626,12.0  Delves - TwilightsBlade02 - V01 - Invisible Bunny (Hufton),,,,0,10,0,3,105131,0,0,0,1,1,1,1,0,0,0
249627,Void Elf Riftmancer,,,,1,7,0,0,136354,136353,136352,136351,1,1,1,1,259305,0,0
249660,[DNT] 11.2 Raid - Manaforge - Boss 1 - Post Death - Power Down - Sound Stalker,,,,6,10,0,3,90874,132005,0,0,0,1,1,1,0,0,0
249706,Bromos Grummner,,,,0,7,0,0,139968,0,0,0,1,1,1,1,141368,0,0
249785,Awe'ohna,,,,6,4,7,3,131943,0,0,0,1,1,1,1,0,0,0
249812,Akil Fledgling,,,,0,14,0,0,136079,0,0,0,1,1,1,1,0,0,0
249815,Rootling Nester,,,,0,14,0,0,136487,0,0,0,1,1,1,1,0,0,0
249816,Mud Potadpole,,,,0,14,0,0,136488,0,0,0,1,1,1,1,0,0,0
249817,Violet Chick,,,,0,14,0,0,128295,0,0,0,1,1,1,1,0,0,0
249818,Ebon Snapling,,,,0,14,0,0,136495,0,0,0,1,1,1,1,0,0,0
249819,Blistercreepling,,,,0,14,0,0,136486,0,0,0,1,1,1,1,0,0,0
249820,Swamp Biter,,,,0,14,0,0,142185,0,0,0,1,1,1,1,0,0,0
249821,Purple Swamp Leech,,,,0,14,0,0,128277,0,0,0,1,1,1,1,0,0,0
249822,Azure Sporebat,,,,0,14,0,0,136494,0,0,0,1,1,1,1,0,0,0
249824,Dragonhawk Mosswing,,,,0,14,0,0,128638,0,0,0,1,1,1,1,0,0,0
249825,Pangolil,,,,0,14,0,0,138518,0,0,0,1,1,1,1,0,0,0
249826,Gloom Toad,,,,0,14,0,0,141695,0,0,0,1,1,1,1,0,0,0
249827,Silkcrawler,,,,0,14,0,0,136063,0,0,0,1,1,1,1,0,0,0
249869,Glutonia,,The Greedy Baroness,,0,7,0,0,70201,0,0,0,1,1,1,1,0,0,0
249929,The Amazing Zanzo,,,,0,7,0,0,65253,0,0,0,1,1,1,1,124382,0,0
249947,Crimson Pilgrim,,,,0,7,0,0,65450,65451,65452,65453,1,1,1,1,44091,0,0
250186,Valeera Sanguinar,,,,1,7,0,0,26365,0,0,0,1,1,1,1,171193,171193,0
250245,Seething Voidripper,,,,0,15,0,0,131528,0,0,0,1,1,1,1,0,0,0
250261,Anduin Wrynn,,,,1,7,0,0,115995,0,0,0,1,1,1,1,0,0,0
250288,Vereesa Windrunner,,Ranger-General of the Silver Covenant,,1,7,0,0,128683,0,0,0,1,1,1,1,2179,0,42140
250289,Demonic Tyrant,,,,0,3,0,0,75694,0,0,0,1,1,1,1,0,0,0
250353,Lost Pet,,,,0,8,0,0,127895,128295,128293,0,1,1,1,1,0,0,0
250382,Vereesa Windrunner,,Ranger-General of the Silver Covenant,,1,7,0,0,28222,0,0,0,1,1,1,1,2179,0,42140
250391,Arator,,,,1,7,0,0,130420,0,0,0,1,1,1,1,233067,0,0
250392,Neighborhood Child,,,,0,7,0,0,19315,0,0,0,1,1,1,1,0,0,0
250393,Lothraxion (IGC),,High Commander,,1,7,0,0,71801,0,0,0,1,1,1,1,0,0,0
250394,Liandra,,,,1,7,0,0,27168,0,0,0,0,1,1,1,0,0,0
250395,Grand Magister Rommath,,,,1,7,0,0,63775,0,0,0,1,1,1,1,0,0,0
250396,Magister Umbric,,,,1,7,0,0,117186,0,0,0,1,1,1,1,0,0,0
250397,Lor'themar Theron,,Regent Lord of Quel'Thalas,,1,7,0,0,17122,0,0,0,1,1,1,1,168606,0,86538
250398,Harassed Citizen,,,,0,7,0,0,16732,16734,16733,16735,1,1,1,1,0,0,0
250400,Tehd Shoemaker,,,,0,7,0,0,69306,0,0,0,1,1,1,1,0,0,0
250401,Marius Felbane,,,,0,7,0,0,141308,0,0,0,1,1,1,1,128358,128372,0
250402,Gidwin Goldbraids,,,,0,7,0,0,141280,0,0,0,1,1,1,1,0,0,0
250403,Tarenar Sunstrike,,,,0,7,0,0,110634,0,0,0,1,1,1,1,0,0,0
250404,Archmage Timear,,,,1,7,0,0,141314,0,0,0,1,1,1,1,38298,0,0
250405,Thisalee Crow,,,,0,7,0,0,141312,0,0,0,1,1,1,1,0,0,0
250406,Zen'tabra,,,,0,7,0,0,141311,0,0,0,1,1,1,1,0,0,0
250407,Taoshi,,,,1,7,0,0,41792,0,0,0,1,1,1,1,0,0,0
250408,Kelsey Steelspark,,Gnomeregan Covert Ops,,0,7,0,0,93865,0,0,0,1,1,1,1,0,0,0
250409,Gamon,,Hero of Orgrimmar,,0,7,0,0,141315,0,0,0,100,1,1,1,0,0,0
250410,Gorgonna,,Warsong Clan,,0,7,0,0,141225,0,0,0,1,1,1,1,0,0,0
250411,Nisha,,,,0,7,0,0,140944,0,0,0,1,1,1,1,0,0,0
250412,Cyrus Crestfall,,,,0,7,0,0,76907,0,0,0,1,1,1,1,0,0,0
250413,Lord Darius Crowley,,,,0,7,0,0,141320,29694,0,0,1,0,1,1,54877,54878,0
250414,Eitrigg,,Sons of Lothar,,1,7,0,0,141316,0,0,0,1,1,1,1,10612,0,0
250495,Bartender Bob,,Bartender,,0,7,0,0,141878,0,0,0,1,1,1,1,0,0,0
250496,Ghostclaw Lynx,,,,0,1,2,0,131993,131994,0,0,1,1,1,1,0,0,0
250497,Enthralled Sailor,,,,0,7,0,0,87141,87142,87143,80734,1,1,1,1,0,0,0
250499,Raven,,T1 (1/1),,0,1,7,3,131331,131330,0,0,1,1,1,1,0,0,0
250504,Roving Springrunner,,,,0,1,299,0,132020,0,0,0,1,1,1,1,0,0,0
250507,Dragonhawk,,,,0,1,30,3,124012,0,0,0,1,1,1,1,0,0,0
250510,Twilight Cultist,,,,0,7,0,0,131865,131866,131867,131868,1,1,1,1,52057,0,0
250547,Blood Elf Civilian,,,,0,7,0,0,136306,136307,136308,136309,1,1,1,1,0,0,0
250566,Brilliant Hawkstrider,,,,0,1,12,0,129982,129980,0,0,1,1,1,1,0,0,0
250567,Hawkstrider Fledgling,,,,0,8,0,0,128295,128294,0,0,1,1,1,1,0,0,0
250571,Nether Familiar,,,,0,14,0,3,137247,0,0,0,1,1,1,1,0,0,0
250572,Vibrant Manaling,,,,0,14,0,3,140094,0,0,0,1,1,1,1,0,0,0
250573,Wrathful Wyrm,,,,0,14,0,3,137248,0,0,0,1,1,1,1,0,0,0
250574,Mana Wyrm,,,,0,1,35,3,136086,136092,0,0,1,1,1,1,0,0,0
250578,Dragonhawk,,,,0,1,30,3,123517,0,0,0,1,1,1,1,0,0,0
250583,Naloki,,,,0,12,0,0,140418,0,0,0,1,1,1,1,0,0,0
250584,Silvermoon Guard,,,,0,7,0,0,89420,89421,89800,89801,1,1,1,1,165700,165701,0
250586,Void Hunter,,,,0,1,50,0,127916,0,0,0,1,1,1,1,0,0,0
250593,Aysa Cloudsinger,,Master of Tushui,,1,7,0,0,41667,0,0,0,1,1,1,1,0,0,0
250594,Chen Stormstout,,,,1,7,0,0,40962,0,0,0,1,1,1,1,0,0,0
250595,Chon Po Stormstout,,,,1,7,0,0,137528,0,0,0,1,1,1,1,0,0,0
250596,Instructor Qun,,,,0,7,0,0,39892,0,0,0,1,1,1,1,0,0,0
250597,Instructor Zhi,,,,0,7,0,0,42028,0,0,0,1,1,1,1,0,0,0
250598,Ironfist Zhou,,,,0,7,0,0,45925,0,0,0,1,1,1,1,0,0,0
250599,Jaomin Ro,,,,0,7,0,0,39755,0,0,0,1,1,1,1,0,0,0
250600,Ji Firepaw,,Master of Huojin,,1,7,0,0,39637,0,0,0,1,1,1,1,0,0,0
250601,Jojo Ironbrow,,,,0,7,0,0,140526,0,0,0,1,1,1,1,0,0,0
250602,Li Li Stormstout,,,,0,7,0,0,126169,0,0,0,1,1,1,1,0,0,0
250603,Lorewalker Cho,,,,0,7,0,0,41918,0,0,0,0,1,1,1,0,0,0
250604,Quiet Lam,,,,0,7,0,0,45926,0,0,0,1,1,1,1,0,0,0
250605,Shisai Stormstout,,,,0,7,0,0,137526,0,0,0,1,1,1,1,0,0,0
250606,Yu'lon,,The Jade Serpent,,1,2,303,3,40799,0,0,0,1,1,1,1,0,0,0
250607,Dai-Lo Farmer,,,,0,7,0,0,44082,44083,39645,39646,1,1,1,1,0,0,0
250608,Fe-Feng Ruffian,,,,0,7,0,0,39513,39484,0,0,1,1,1,1,0,0,0
250609,Huojin Trainee,,,,0,7,0,0,44078,44079,44080,44081,1,1,1,1,0,0,0
250610,Morning Breeze Villager,,,,0,7,0,0,44051,44052,44053,44054,1,1,1,1,0,0,0
250611,Tushui Trainee,,,,0,7,0,0,44069,44070,44071,44072,1,1,1,1,0,0,0
250612,Village Cub,,,,0,7,0,0,43669,43256,45273,45319,1,1,1,1,0,0,0
250613,Wu-Song Villager,,,,0,7,0,0,44065,39671,140286,140285,1,1,1,1,0,0,0
250658,Leading Domanaar,,,,1,15,0,0,130002,0,0,0,1,1,1,1,258761,0,0
250676,Xal'atath,,The Harbinger,,1,15,0,0,131474,0,0,0,1,1,1,1,0,0,0
250680,Riftblade Familiar,,,,0,14,0,3,137245,0,0,0,1,1,1,1,0,0,0
250693,Mud Potadpole,,,,0,12,0,0,136488,0,0,0,1,1,1,1,0,0,0
250694,Akil Fledgling,,,,0,12,0,0,136079,0,0,0,1,1,1,1,0,0,0
250699,Dragonhawk Mosswing,,,,0,12,0,0,128638,0,0,0,1,1,1,1,0,0,0
250704,Violet Chick,,,,0,12,0,0,128295,0,0,0,1,1,1,1,0,0,0
250716,Azure Sporebat,,,,0,12,0,0,136494,0,0,0,1,1,1,1,0,0,0
250778,Dark Drifter,,,,0,15,0,3,142199,0,0,0,1,1,1,1,0,0,0
250784,Stalking Harrower,,,,0,2,0,3,136432,0,0,0,1,1,1,1,0,0,0
250785,Doomguard,,,,0,3,19,0,64965,0,0,0,0,1,1,1,0,0,0
250786,Darkspawn,,,,6,15,0,0,142198,0,0,0,1,1,1,1,0,0,0
250848,Tracker Skyriding Glyph,,,,0,10,0,3,21955,23767,0,0,0,1,1,1,0,0,0
250854,Node,,,,0,10,0,0,40933,0,0,0,1,1,1,1,0,0,0
250857,General Purpose Stalker,,,,0,10,0,0,47399,11686,0,0,0,1,1,1,0,0,0
250939,Mul'tha'ul,,Lord of the Deeps,,1,15,0,0,136648,0,0,0,1,1,1,1,0,0,0
250940,Unusual Treasure,,,,0,10,0,2,124493,0,0,0,1,1,1,1,0,0,0
250980,Silvermoon Resident,,,,0,7,0,0,137081,137087,137089,137082,1,1,1,1,0,0,0
251049,Cog,,,,6,4,0,0,136730,0,0,0,1,1,1,1,0,0,0
251050,Cog,,,,6,4,0,0,136731,0,0,0,1,1,1,1,0,0,0
251064,Arcane Translocation,,,,0,10,0,3,136757,0,0,0,1,1,1,1,0,0,0
251337,Chief Telemancer Oculeth,,,,0,7,0,0,73853,0,0,0,1,1,1,1,0,0,0
251355,Alonsus Faol,,Bishop of Secrets,,1,7,0,0,141282,0,0,0,1,1,1,1,259225,0,0
251511,Heartglow Listener,,,,0,12,0,3,137106,0,0,0,1,1,1,1,0,0,0
251587,Halduron Brightwing,,Ranger-General of Silvermoon,,0,7,0,0,137217,0,0,0,1,1,1,1,0,0,253041
251671,Lightbloated Magister,,,,0,7,0,0,136761,136762,136763,136764,1,1,1,1,0,0,0
251717,Root Movements,,,,6,10,0,3,90874,137175,0,0,0,1,1,1,0,0,0
251733,Brilliant Hawkstrider,,,,0,1,12,0,129982,129980,0,0,1,1,1,1,0,0,0
251804,Lil' Chompers,,,,0,12,0,0,137193,0,0,0,1,1,1,1,0,0,0
251809,Johnny Awesome,,Uber Town,,0,7,0,0,35624,0,0,0,1,1,1,1,0,0,0
251817,Slippery Saul,,,,0,12,0,0,137201,0,0,0,1,1,1,1,0,0,0
251819,Fishmonger May,,,,0,12,0,0,137213,0,0,0,1,1,1,1,0,0,0
251820,Fishstick Keith,,,,0,12,0,0,137215,0,0,0,1,1,1,1,0,0,0
251821,Festive Eve,,,,0,12,0,0,137218,0,0,0,1,1,1,1,0,0,0
251822,Bundled-Up Bob,,,,0,12,0,0,137219,0,0,0,1,1,1,1,0,0,0
251868,Anduin Wrynn,,,,1,7,0,0,115995,0,0,0,1,1,1,1,0,0,0
251889,Fledgling Warden's Companion,,,,0,12,0,3,137254,0,0,0,1,1,1,1,0,0,0
251946,Anduin Wrynn,,,,1,7,0,0,115995,0,0,0,1,1,1,1,0,0,0
251963,Lost Balloon,,,,0,12,0,3,122845,0,0,0,0,1,1,1,0,0,0
251994,Bountiful Soil,,,,0,10,0,0,137302,0,0,0,1,1,1,1,0,0,0
252008,Kill Credit [DNT],,,,0,10,0,0,11686,0,0,0,1,1,1,1,0,0,0
252009,Unpickable Lockbox,,,,0,10,0,0,137310,0,0,0,1,1,1,1,0,0,0
252010,Unpickable Lockbox,,,,0,10,0,0,137312,0,0,0,1,1,1,1,0,0,0
252015,Injured Ren'dorei Scout,,,,0,7,0,0,136334,136331,136328,136327,1,1,1,1,0,0,0
252067,Terrace Watcher,,,,1,15,0,0,136440,0,0,0,1,1,1,1,0,0,0
252070,Celestial Behemoth,,,,1,15,0,3,142228,0,0,0,1,1,1,1,0,0,0
252104,Eye Stalk,,,,6,15,0,0,137443,0,0,0,1,1,1,1,0,0,0
252105,Rotting Shade,,,,0,15,0,0,124155,0,0,0,1,1,1,1,0,0,0
252106,Blurry Spirit,,,,0,15,0,0,137445,0,0,0,1,1,1,1,0,0,0
252129,Overgrown Chest,,,,0,10,0,0,137344,0,0,0,1,1,1,1,0,0,0
252141,Poorly-Trapped Chest,,,,0,10,0,0,137345,0,0,0,1,1,1,1,0,0,0
252233,Void Broken,,,,0,7,0,0,76405,0,0,0,1,1,1,1,0,0,0
252234,Darklost Brute,,,,0,7,0,0,77626,0,0,0,1,1,1,1,0,0,0
252236,Void Wraith,,,,0,3,0,0,138579,129732,129733,0,1,1,1,1,0,0,0
252242,Writhing Shambler,,,,0,15,0,0,91566,0,0,0,1,1,1,1,0,0,0
252280,Writhing Shambler,,,,0,15,0,0,94278,0,0,0,1,1,1,1,0,0,0
252281,Lor'themar Theron,,Regent Lord of Quel'Thalas,,1,7,0,0,129717,0,0,0,1,1,1,1,168606,0,0
252282,High Exarch Turalyon,,Lord Commander of Alliance Forces,,1,7,0,0,129720,0,0,0,1,1,1,1,150577,0,0
252326,T'lama,,Decor Specialist,,0,7,0,0,137395,0,0,0,1,1,1,1,0,0,0
252369,Boost,,,,0,10,0,3,137419,122740,0,0,0,1,1,1,0,0,0
252393,Akil'zon,,Loa of Victory,,1,1,26,0,125151,0,0,0,1,1,1,1,0,0,0
252394,Zul'jarra,,,,1,7,0,0,125149,131551,0,0,1,0,1,1,248999,0,0
252395,Lady Liadrin,,Blood Knight Matriarch,,1,7,0,0,136435,0,0,0,1,1,1,1,256542,256543,0
252460,Riftblade Maella,,,,0,7,0,0,136414,0,0,0,1,1,1,1,190006,190006,0
252461,Lady Darkglen,,,,0,7,0,0,136415,0,0,0,1,1,1,1,0,0,0
252462,Riftblade Astre,,,,0,7,0,0,126486,0,0,0,1,1,1,1,259269,259269,0
252488,Creepy Eyes,,,,0,15,0,0,137442,0,0,0,1,1,1,1,0,0,0
252490,Maw Stalk,,,,0,15,0,0,137444,0,0,0,1,1,1,1,0,0,0
252515,Fungarian Fighter,,T1 (1/1),,0,4,0,0,114562,115207,115208,115210,1,1,1,1,166995,0,0
252516,Fungarian Caster,,T1 (1/1),,0,4,0,0,114563,115194,115195,115197,1,1,1,1,0,0,0
252517,Rutaani Sap Weaver,,,,0,7,0,0,127777,127776,127775,127774,1,1,1,1,0,0,0
252518,Rutaani Thornguard,,,,0,7,0,0,127764,127763,127762,127761,1,1,1,1,0,0,0
252519,Haranir,,TEMP MODEL,,0,7,0,0,138204,138205,138206,138200,1,1,1,1,0,0,0
252522,Orweyna,,,,0,7,0,0,117116,0,0,0,1,1,1,1,0,0,0
252523,Hagar,,Elder,,0,7,0,0,126101,0,0,0,1,1,1,1,0,0,0
252608,Domanaar Ritualist,,,,0,15,0,0,128555,0,0,0,1,1,1,1,0,0,0
252686,Auspicious Pixiu,,,,0,12,0,0,137517,0,0,0,1,1,1,1,0,0,0
252702,PIP Creature,,,,0,10,0,0,23767,0,0,0,1,1,1,1,0,0,0
252772,Prey Wyrm,,,,0,12,0,3,137243,0,0,0,1,1,1,1,0,0,0
252822,Lady Liadrin,,Blood Knight Matriarch,,1,7,0,0,136435,0,0,0,1,1,1,1,256542,256543,0
252824,[DNT] Invisible Stalker - Void Assaults,,,,0,10,0,0,169,11686,0,0,0,1,1,1,0,0,0
252839,Spirit,,,,6,15,0,2,92622,0,0,0,1,1,1,1,0,0,0
252840,Haranir Druid Cat Form,,,,0,7,0,0,126275,126274,126273,126271,1,1,1,1,0,0,0
252841,Pangolin - Haranir Druid Bear Form,,,,0,7,0,0,125219,125937,125222,125218,1,1,1,1,0,0,0
252842,Haranir Druid Moonkin Form,,,,0,7,0,0,131762,131761,131760,131759,1,1,1,1,0,0,0
252850,Orgrim Doomhammer,,,,1,7,0,0,137605,0,0,0,0,1,1,1,242567,0,0
252854,Vanguard Scout,,,,0,7,0,0,136314,136316,136327,136317,1,1,1,1,0,0,0
252859,Starshard Whelpling,,,,0,12,0,3,137608,0,0,0,1,1,1,1,0,0,0
252866,Scrabbling Voidspawn,,,,6,15,0,0,130543,0,0,0,1,1,1,1,0,0,0
252874,Cauldron of Color,,,,0,10,0,3,137813,0,0,0,1,1,1,1,0,0,0
252877,Haranir Bat,,,,0,7,0,0,120973,0,0,0,1,1,1,1,0,0,0
252939,Shredclaw,,T2 (2/1.2),,0,1,315,0,125792,131609,131610,131611,1,1,1,1,0,0,0
252940,Nadia Brighton,,,,1,7,0,0,128587,0,0,0,1,1,1,1,0,0,0
252941,Light's Vanguard,,,,0,7,0,0,128320,128318,128317,128323,1,1,1,1,48406,0,0
252999,Leona Darkstrider,,,,0,7,0,0,127696,0,0,0,1,1,1,1,236896,236896,0
253016,Exodar Replica,,,,0,10,0,0,137713,0,0,0,1,1,1,1,0,0,0
253143,Anduin Wrynn,,,,1,7,0,0,115995,0,0,0,1,1,1,1,0,0,0
253160,Kurdran Wildhammer,,Sons of Lothar,,0,7,0,0,140998,0,0,0,1,1,1,1,219149,0,59023
253162,Guard,,Placeholder,,0,7,0,0,137747,137746,0,0,1,1,1,1,0,0,0
253164,Guard,,Placeholder,,0,7,0,0,136676,0,0,0,1,1,1,1,0,0,0
253197,Alonsus Faol,,Bishop of Secrets,,1,7,0,0,141282,0,0,0,1,1,1,1,0,0,0
253210,Row Rat,,,,0,7,0,0,140186,140188,140189,140190,1,1,1,1,0,0,0
253220,Advanced Construct,,,,1,9,0,0,137764,0,0,0,1,1,1,1,0,0,0
253222,Thrall,,,,1,7,0,0,19015,0,0,0,1,1,1,1,0,0,0
253259,Sheltered Witherbark,,,,0,7,0,0,130872,130871,130870,130869,1,1,1,1,0,0,0
253261,Loa Speaker Tobui,,Devout of Halazzi,,0,7,0,0,130225,0,0,0,1,1,1,1,0,0,0
253262,Lynx Ruffian,,,,0,1,2,0,124948,0,0,0,1,1,1,1,0,0,0
253263,Burrowpaw Kitten,,,,6,1,2,0,124957,0,0,0,1,1,1,1,0,0,0
253265,Riftblade Astre,,,,0,7,0,0,126486,0,0,0,1,1,1,1,259269,259269,0
253266,Riftblade Maella,,,,0,7,0,0,136414,0,0,0,1,1,1,1,190006,190006,0
253273,Weak Illusion of a Wondrous Wisdomball,,,,0,12,0,3,73463,0,0,0,0,1,1,1,0,0,0
253320,Halazzi,,Loa of the Hunt,,1,1,2,0,125152,0,0,0,1,1,1,1,0,0,0
253322,Venzilion the Reality Cracker,,,,0,7,0,0,137797,0,0,0,1,1,1,1,0,0,0
253355,[DNT] Baby Amazard (Red),,,,0,12,0,0,136724,0,0,0,1,1,1,1,0,0,0
253361,Alleria Windrunner,,,,1,7,0,0,118072,0,0,0,1,1,1,1,0,0,0
253363,Leading Domanaar,,,,1,15,0,0,130002,0,0,0,1,1,1,1,0,0,0
253365,Lothraxion,,High Commander,,1,7,0,0,137452,0,0,0,1,1,1,1,0,0,0
253366,Arator,,,,1,7,0,0,124777,0,0,0,1,1,1,1,246209,0,0
253374,P.O.S.T. Assistant,,,,0,12,0,0,140725,0,0,0,1,1,1,1,0,0,0
253382,Mibaza,,Kul'amara's Pet,,0,1,2,0,124944,0,0,0,1,1,1,1,0,0,0
253383,Light's Vanguard,,,,0,7,0,0,129870,129871,129872,129873,1,1,1,1,25127,72983,0
253399,Scruffbeak,,,,0,12,0,0,141693,0,0,0,1,1,1,1,0,0,0
253460,Stuck Ogre,,,,0,7,0,0,91775,0,0,0,1,1,1,1,0,0,0
253477,Lor'themar Theron,,Regent Lord of Quel'Thalas,,1,7,0,0,17122,0,0,0,1,1,1,1,168606,0,0
253504,Aqir Destroyer,,,,0,15,0,0,90723,0,0,0,1,1,1,1,0,0,0
253505,N'raqi Commander,,,,1,15,0,0,95030,0,0,0,1,1,1,1,0,0,0
253507,Grasp of Kith'ix,,,,1,15,0,0,144607,0,0,0,1,1,1,1,0,0,0
253512,Ula'tek,,TEMP MODEL,,1,15,0,3,95484,0,0,0,1,1,1,1,0,0,0
253547,Nek'zali the Soulcoiler,,,,0,7,0,0,137883,0,0,0,1,1,1,1,184184,0,0
253557,Strongblood Jak'mo,,Amani Warlord,,0,7,0,0,138097,0,0,0,1,1,1,1,235235,0,0
253630,Zul'jan,,,,1,7,0,0,125150,0,0,0,1,1,1,1,265068,0,0
253655,Lor'themar Theron,,Regent Lord of Quel'Thalas,,1,7,0,0,17122,0,0,0,1,1,1,1,168606,0,0
253656,Lady Liadrin,,Blood Knight Matriarch,,1,7,0,0,136435,0,0,0,1,1,1,1,163831,163832,0
253660,Queen Talanji,,,,1,7,0,0,75898,0,0,0,1,1,1,1,126524,0,0
253661,Rokhan,,Darkspear Chieftain,,1,7,0,0,116250,0,0,0,1,1,1,1,182571,0,0
253699,Generic Bunny - PRK,,,,0,10,0,3,137909,0,0,0,1,1,1,1,0,0,0
253710,Wrathion,,The Black Prince,,1,2,0,3,107945,107146,0,0,1,0,1,1,0,0,0
253727,Li Li Stormstout,,Apprentice Lorewalker,,0,7,0,0,126169,0,0,0,1,1,1,1,0,0,0
253753,Amani Wartusk,,,,0,7,0,0,130720,130802,130817,130719,1,1,1,1,242519,242666,0
253758,Wrathion,,The Black Prince,,1,2,0,0,107146,107945,0,0,1,0,1,1,0,0,0
253776,Befuddled Engineer,,,,0,7,0,0,73501,0,0,0,1,1,1,1,132171,0,0
253791,Fortune's Waving Cat,,,,0,10,0,3,137922,0,0,0,1,1,1,1,0,0,0
253804,Loa Speaker Kinduru,,Devout of Akil'zon,,0,7,0,0,131262,0,0,0,1,1,1,1,235233,0,0
253806,Zul'jan,,,,1,7,0,0,125150,0,0,0,1,1,1,1,251776,251776,0
253821,Loa Speaker Brek,,Devout of Jan'alai,,0,7,0,0,131295,0,0,0,1,1,1,1,0,0,0
253832,Loa Speaker Kinduru,,Devout of Akil'zon,,0,7,0,0,131262,0,0,0,1,1,1,1,235233,0,0
253833,Befuddled Amani Mask,,,,0,6,0,0,169,142599,0,0,0,1,1,1,0,0,0
253834,Zul'jan,,,,1,7,0,0,125150,0,0,0,1,1,1,1,251776,251776,0
253837,Apothecary Dezi,,,,0,7,0,0,87543,0,0,0,1,1,1,1,0,0,0
253846,Loa Speaker Kinduru,,Devout of Akil'zon,,0,7,0,0,141930,0,0,0,1,1,1,1,0,0,0
253848,Zul'jarra,,,,1,7,0,0,125149,131551,0,0,0,1,1,1,224812,0,0
253874,Jan'alai,,Loa of Fire,,1,1,30,3,125153,0,0,0,1,1,1,1,0,0,0
253875,Akil'zon,,Loa of Victory,,1,1,26,3,125151,0,0,0,1,1,1,1,0,0,0
253948,Leona Darkstrider,,,,0,7,0,0,140104,0,0,0,1,1,1,1,163072,199407,0
254046,Jan'alai,,Loa of Fire,,1,1,30,0,125153,0,0,0,1,1,1,1,0,0,0
254055,Nightborne Arcanist,,,,0,7,0,0,66275,66276,66588,66591,1,1,1,1,132170,0,0
254061,Night Elf Archer,,,,0,7,0,0,92852,92853,92854,92855,1,1,1,1,0,0,165208
254147,Shadowpine Civilian,,T1 (1/1),,0,7,0,0,131151,131150,131149,131148,1,1,1,1,0,0,0
254148,Twilight Cultist,,,,0,7,0,0,129733,0,0,0,1,1,1,1,52057,0,0
254217,Rezan,,Loa of Kings,,1,1,0,0,81200,0,0,0,1,1,1,1,0,0,0
254224,Nalorakk,,Loa of War,,1,1,4,0,125154,0,0,0,1,1,1,1,0,0,0
254230,Orweyna,,,,0,7,0,0,117116,0,0,0,1,1,1,1,224812,224812,0
254232,Hagar,,Elder,,0,7,0,0,126101,0,0,0,1,1,1,1,0,0,0
254234,Ruia,,Rootwarden,,0,7,0,0,131393,0,0,0,1,1,1,1,0,0,0
254235,Ter'kova,,Elder,,0,7,0,0,129252,0,0,0,1,1,1,1,0,0,0
254237,Ran'hune,,Elder,,0,7,0,0,129257,0,0,0,1,1,1,1,0,0,0
254238,King Rastakhan,,,,1,7,0,0,77461,0,0,0,1,1,1,1,161023,0,0
254242,Hakkar the Soulflayer,,,,1,1,0,0,95484,0,0,0,1,1,1,1,0,0,0
254244,Kimbul,,,,1,1,0,0,78000,0,0,0,1,1,1,1,0,0,0
254245,Hir'eek,,Lord of the Midnight Sky,,1,1,0,0,80851,0,0,0,1,1,1,1,0,0,0
254247,Krag'wa the Huge,,,,1,1,0,0,76791,0,0,0,1,1,1,1,0,0,0
254248,Bwonsamdi,,Loa of Death,,1,7,0,2,75961,0,0,0,100,1,1,1,154134,0,0
254249,Kevo ya Siti,,Loa of Cunning,,1,7,0,0,113967,0,0,0,0,1,1,1,0,0,0
254254,Mueh'zala,,Loa of Death,,1,7,0,3,96358,0,0,0,1,1,1,1,0,0,0
254258,Forming Loa,,,,0,10,0,3,68977,0,0,0,1,1,1,1,0,0,0
254260,Forming Loa,,,,1,1,0,0,25501,0,0,0,1,1,1,1,0,0,0
254262,Forming Loa,,,,1,1,0,0,104051,0,0,0,1,1,1,1,0,0,0
254297,Hara'ti Villager,,,,0,7,0,0,137207,137206,137222,137221,1,1,1,1,0,0,0
254316,Leona Darkstrider,,,,0,7,0,0,140104,0,0,0,1,1,1,1,163072,199407,0
254356,Lil' Coalee,,,,0,12,0,0,111442,0,0,0,1,1,1,1,0,0,0
254359,Lil' Ashlee,,,,0,12,0,0,111445,0,0,0,1,1,1,1,0,0,0
254456,Lorewalker Cho,,,,0,7,0,0,127838,0,0,0,0,1,1,1,0,0,0
254549,Avatar of Halazzi,,,,0,7,0,0,138240,0,0,0,1,1,1,1,33990,33990,0
254565,Delver's Guide,,,,0,7,0,0,138249,0,0,0,1,1,1,1,0,0,0
254592,Brann Bronzebeard,,,,1,7,0,0,115505,0,0,0,1,1,1,1,0,0,0
254593,Generic - Empty Bunny,,,,0,10,0,3,15092,11686,0,0,0,1,1,1,0,0,0
254594,Relley Cogwhacker,,Qiraji Expert,,0,7,0,0,138273,0,0,0,1,1,1,1,0,0,0
254598,[DNT] Dome Bunny,,,,0,10,0,3,1126,11686,0,0,0,1,1,1,0,0,0
254600,Anuve Liltleaf,,Gorian Expert,,0,7,0,0,130341,0,0,0,1,1,1,1,0,0,0
254602,Hakra Split-tooth,,Vrykul Expert,,0,7,0,0,138275,0,0,0,1,1,1,1,208721,0,0
254616,Nelthius Shadestone,,Master Engraver,,0,7,0,0,138285,0,0,0,1,1,1,1,0,0,0
254642,Inquisitive Butterfly,,,,0,8,0,3,66632,131606,0,0,1,1,1,1,0,0,0
254647,Emerald Hatchling,,,,0,12,0,0,128293,0,0,0,1,1,1,1,0,0,0
254689,"Do, Child of Filo",,,,0,12,0,0,138342,0,0,0,1,1,1,1,0,0,0
254718,Inquisitive Fly Swarm,,,,0,8,0,3,143463,143464,0,0,1,1,1,1,0,0,0
254735,Costume Kid,,,,0,7,0,0,14589,20545,14616,20542,1,1,1,1,0,0,0
254885,Silvermoon Broom,,,,0,14,0,0,141287,0,0,0,1,1,1,1,0,0,0
254892,Avatar of Nalorakk,,,,0,7,0,0,138519,0,0,0,1,1,1,1,187518,33094,0
254893,Avatar of Akil'zon,,,,0,7,0,0,138520,0,0,0,1,1,1,1,61305,0,0
254894,Avatar of Jan'alai,,,,0,7,0,0,138521,0,0,0,1,1,1,1,33983,0,0
254914,Avatar of Halazzi,,ALT/Observer,,0,7,0,0,138542,0,0,0,1,1,1,1,33990,33990,0
254917,Voidspawn,,,,6,7,0,0,127714,0,0,0,1,1,1,1,0,0,0
254918,Avatar of Akil'zon,,ALT/Observer,,0,7,0,0,138543,0,0,0,1,1,1,1,0,0,0
254919,Avatar of Jan'alai,,ALT/Observer,,0,7,0,0,138544,0,0,0,1,1,1,1,0,0,0
254921,Avatar of Nalorakk,,ALT/Observer,,0,7,0,0,138545,0,0,0,1,1,1,1,5600,33094,0
254958,[DNT] Light Trail Missile,,,,0,10,0,3,138572,0,0,0,1,1,1,1,0,0,0
254979,Moon Darter,,,,0,12,0,3,138582,0,0,0,1,1,1,1,0,0,0
254986,Chillcrawler,,,,0,12,0,0,111522,0,0,0,1,1,1,1,0,0,0
254992,Orweyna,,,,0,7,0,0,117116,0,0,0,1,1,1,1,0,0,0
254994,Halduron Brightwing,,Ranger-General of Silvermoon,,0,7,0,0,137217,0,0,0,1,1,1,1,0,0,253041
254996,Fungal Strider,,,,0,1,0,0,131592,0,0,0,1,1,1,1,0,0,0
254999,Petalwing,,,,0,1,0,0,126646,126647,126649,126645,1,1,1,1,0,0,0
255011,Tactical Telemancer Seralia,,Story Mode,,0,7,0,0,138590,0,0,0,1,1,1,1,0,0,0
255023,Eye of Gul'dan,,,,0,3,0,0,63538,0,0,0,1,1,1,1,0,0,0
255043,Flower FX Bunny,,,,0,10,0,3,52309,0,0,0,1,1,1,1,0,0,0
255046,Scrolled Flight,,,,0,10,0,3,138606,0,0,0,1,1,1,1,0,0,0
255051,Gilded Fountain,,,,0,12,0,0,138607,0,0,0,1,1,1,1,0,0,0
255063,Brann Bronzebeard,,,,1,7,0,0,115505,0,0,0,1,1,1,1,0,0,0
255085,Syaith,,Loaner Demon,,1,3,17,0,76213,0,0,0,1,1,1,1,0,0,0
255103,Reno Jackson,,,,0,7,0,0,122301,0,0,0,1,1,1,1,0,0,0
255106,Sir Finley Mrrgglton,,,,0,7,0,0,112806,0,0,0,1,1,1,1,0,0,0
255108,Nullaeus,,,,1,15,0,0,137340,0,0,0,1,1,1,1,0,0,0
255119,Percival,,,,0,12,0,0,138652,0,0,0,1,1,1,1,0,0,0
255135,Paint Globule,,,,0,10,0,3,138661,0,0,0,1,1,1,1,0,0,0
255211,Sir Finley Mrrgglton,,,,0,7,0,0,112806,0,0,0,1,1,1,1,0,0,0
255219,Vanguard Scout,,,,0,7,0,0,138025,138026,139040,139041,1,1,1,1,141994,0,0
255257,Dragonhawk Munchkin,,,,0,12,0,0,128640,0,0,0,1,1,1,1,0,0,0
255283,Magister Umbric,,,,0,7,0,0,128688,0,0,0,1,1,1,1,0,0,257151
255295,Munchy,,,,0,14,0,0,138750,0,0,0,1,1,1,1,0,0,0
255522,Lil' Preyseeker,,,,0,14,0,3,138931,0,0,0,1,1,1,1,0,0,0
255616,Void Portal,,,,0,10,0,0,169,11686,0,0,0,1,1,1,0,0,0
255689,Distorted Memory,,,,0,12,0,0,141338,0,0,0,1,1,1,1,0,0,0
255716,Zul'jarra,,,,1,7,0,0,125149,131551,0,0,1,0,1,1,248999,0,0
255717,Zul'jan,,,,1,7,0,0,125150,0,0,0,1,1,1,1,251776,251776,0
255736,Star the Lucky Dragon,,,,0,12,0,3,139067,0,0,0,1,1,1,1,0,0,0
255750,Gummi the Glow Wyrm,,,,0,12,0,3,139085,0,0,0,1,1,1,1,0,0,0
255813,Zul'jarra,,,,1,7,0,0,125149,131551,0,0,0,1,1,1,248999,0,0
255815,Lady Liadrin,,Blood Knight Matriarch,,1,7,0,0,136435,0,0,0,1,1,1,1,256542,256543,0
255832,Aud'rei III,,,,0,12,0,0,138311,0,0,0,1,1,1,1,0,0,0
255885,Root-darting Firefly,,,,0,8,44,0,114623,114622,114621,0,1,1,1,1,0,0,0
255921,Linda the Lucky,,,,0,12,0,0,139306,0,0,0,1,1,1,1,0,0,0
256002,Alonsus Faol,,Bishop of Secrets,,1,7,0,0,141282,0,0,0,1,1,1,1,0,0,0
256003,Arator,,,,1,7,0,0,124777,0,0,0,1,1,1,1,233067,0,0
256004,Faerin Lothar,,,,1,7,0,0,115280,0,0,0,1,1,1,1,220159,0,0
256005,Lady Liadrin,,Blood Knight Matriarch,,1,7,0,0,136435,0,0,0,1,1,1,1,256542,256543,0
256006,Grand Vindicator Sorvos,,,,1,7,0,0,77525,0,0,0,1,1,1,1,106105,102179,0
256007,High Exarch Turalyon,,Lord Commander of Alliance Forces,,1,7,0,0,141146,0,0,0,1,1,1,1,150577,0,0
256008,Prophet Velen,,,,1,7,0,0,17822,0,0,0,1,1,1,1,0,0,0
256010,Voidwake Behemoth,,,,1,1,0,0,131605,0,0,0,1,1,1,1,0,0,0
256014,Assistant Botanist Leafy,,,,0,12,0,0,139420,0,0,0,1,1,1,1,0,0,0
256017,Leona Darkstrider,,Demon Hunter Trainer,,0,7,0,0,140104,0,0,0,1,1,1,1,249198,251895,0
256024,Nalorakk,,Loa of War,,1,1,4,0,125154,0,0,0,1,1,1,1,0,0,0
256034,Meridelle Lightspark,,,,1,7,0,0,72056,0,0,0,1,1,1,1,0,0,0
256036,Nisa Cindersteel,,,,1,7,0,0,118588,0,0,0,1,1,1,1,0,0,0
256037,Regald Hornfyre,,,,1,7,0,0,124334,0,0,0,1,1,1,1,0,0,0
256038,Tarenar Sunstrike,,,,1,7,0,0,110634,0,0,0,1,1,1,1,0,0,0
256041,Gidwin Goldbraids,,,,1,7,0,0,110635,0,0,0,1,1,1,1,0,0,0
256042,Skyriding Glyph,,,,0,10,0,3,21955,23767,0,0,0,1,1,1,0,0,0
256045,Skyriding Glyph Tracker,,,,0,10,0,3,21955,23767,0,0,0,1,1,1,0,0,0
256049,High Priestess Ishanah,,,,1,7,0,0,17882,0,0,0,1,1,1,1,0,0,0
256059,Perturbed Sporebat,,,,0,12,0,0,139460,0,0,0,1,1,1,1,0,0,0
256080,Shadowflame Remnant,,,,0,12,0,0,139471,0,0,0,1,1,1,1,0,0,0
256103,Devouring Darkcaller,,,,1,15,0,0,142072,0,0,0,1,1,1,1,0,0,0
256107,Fidoficus,,,,0,14,0,0,142173,0,0,0,1,1,1,1,0,0,0
256112,Sothon Doomrender,,Demon Hunter Trainer,,0,7,0,0,139494,0,0,0,1,1,1,1,212391,212391,0
256117,Puzzles Solved,,,,0,10,0,0,23767,0,0,0,1,1,1,1,0,0,0
256144,Deya Gloombringer,,Demon Hunter Trainer,,0,7,0,0,139509,0,0,0,1,1,1,1,212391,212391,0
256201,Bubbly Snapling,,,,0,14,0,0,140506,0,0,0,1,1,1,1,0,0,0
256205,Shadow Warder,,,,1,4,0,3,139518,73745,27823,0,1,0,0,1,0,0,0
256237,Spormilian,,,,0,12,0,0,139531,0,0,0,1,1,1,1,0,0,0
256238,Treja'saka,,,,0,14,0,0,142184,0,0,0,1,1,1,1,0,0,0
256254,Shadow Ward,,,,1,4,0,3,139277,73745,126791,0,0,0,1,1,0,0,0
256262,Shadow Warder,,,,1,4,0,3,139518,73745,27823,126793,1,0,0,0,0,0,0
256264,Sporbie,,,,0,14,0,0,139530,0,0,0,1,1,1,1,0,0,0
256265,Ominous Domanus,,,,0,12,0,0,139529,0,0,0,1,1,1,1,0,0,0
256269,Nibblesworth,,,,0,12,0,0,139543,0,0,0,1,1,1,1,0,0,0
256271,Blitzcreek,,,,0,12,0,0,138731,0,0,0,1,1,1,1,0,0,0
256272,Kreepah'zoyd,,,,0,14,0,0,139528,0,0,0,1,1,1,1,0,0,0
256276,Ziorg'pharon,,,,0,14,0,0,136620,0,0,0,1,1,1,1,0,0,0
256278,Hexed Bunny,,,,0,14,0,0,141696,0,0,0,1,1,1,1,0,0,0
256282,Lost Star,,,,0,14,0,0,139526,0,0,0,1,1,1,1,0,0,0
256286,Azerothian Athenaeum,,,,0,10,0,0,113617,0,0,0,1,1,1,1,0,0,0
256428,Hateful Breacher,,,,0,6,0,0,92689,92689,0,0,1,2,1,1,0,0,0
256429,Shadow Spreader,,,,1,15,0,0,97468,0,0,0,1,1,1,1,0,0,0
256430,Voidborn Breacher,,,,0,6,0,0,129829,0,0,0,1,1,1,1,0,0,0
256432,Voidborn Berserker,,,,1,1,0,0,136180,0,0,0,1,1,1,1,0,0,0
256440,Light's Vanguard,,,,0,7,0,0,129865,129868,129866,129869,1,1,1,1,13312,40596,0
256447,Void Image,,,,1,7,0,0,124451,0,0,0,1,1,1,1,0,0,0
256543,Jeremy Feasel,,Mind-Seeker,,0,7,0,0,46188,0,0,0,1,1,1,1,0,0,0
256546,Mind-Seeker Apprentice,,,,0,7,0,0,130405,130397,130389,0,1,1,1,1,0,0,0
256547,Thrall,,,,1,7,0,0,115495,35571,0,0,1,0,1,1,204482,0,0
256559,Grumpy Mandrake,,,,0,12,0,0,139709,0,0,0,1,1,1,1,0,0,0
256560,Plump Mandrake,,,,0,12,0,0,139711,0,0,0,1,1,1,1,0,0,0
256565,Sleepy Mandrake,,,,0,12,0,0,139713,0,0,0,1,1,1,1,0,0,0
256566,Screechy Mandrake,,,,0,12,0,0,139714,0,0,0,1,1,1,1,0,0,0
256567,Gortham,,,,0,12,127,0,138168,0,0,0,1,1,1,1,0,0,0
256656,Aelric Leid,,,,1,7,0,0,139730,0,0,0,1,1,1,1,0,0,0
256663,Lil' Staropod,,,,0,12,0,0,139753,0,0,0,1,1,1,1,0,0,0
256698,Roofus,,,,0,12,0,0,139771,0,0,0,1,1,1,1,0,0,0
256709,Elder Gavokka,,Warsong Clan,,1,7,0,0,139776,0,0,0,1,1,1,1,14874,14874,0
256719,Aelric Leid,,,,1,7,0,0,115283,0,0,0,1,1,1,1,0,0,0
256721,Glooming Disciple,,,,0,7,0,0,115520,0,0,0,1,1,1,1,0,0,0
256722,Glooming Disciple,,,,0,7,0,0,115523,0,0,0,1,1,1,1,0,0,0
256724,Glooming Belligerent,,,,0,7,0,0,115530,0,0,0,1,1,1,1,0,0,0
256725,Xal'atath,,The Harbinger,,1,15,0,2,131474,0,0,0,1,1,1,1,0,0,0
256759,Luma,,,,0,12,0,0,129403,0,0,0,1,1,1,1,0,0,0
256907,Lightfrenzy Demolisher,,,,0,4,0,0,107852,0,0,0,1,1,1,1,0,0,0
256908,Eversong Farstrider,,,,0,7,0,0,138092,138091,138090,138089,1,1,1,1,227703,0,22982
256910,Halduron Brightwing,,Ranger-General of Silvermoon,,0,7,0,0,137217,0,0,0,1,1,1,1,0,0,253041
256911,Phoenixfire Magister,,,,0,7,0,0,136800,136799,136788,136774,1,1,1,1,0,0,0
256912,Orweyna,,,,0,7,0,0,117116,0,0,0,1,1,1,1,0,0,0
256913,Grand Magister Rommath,,,,1,7,0,0,140873,0,0,0,1,1,1,1,274482,0,0
256914,Lightmad Saptor,,,,0,4,11,0,125976,0,0,0,1,1,1,1,0,0,0
256915,Lightmad Saptor,,,,0,4,11,0,125976,0,0,0,1,1,1,1,0,0,0
256916,Lash'ra Thornguard,,,,0,7,0,0,127940,0,0,0,1,1,1,1,245691,0,0
256917,Ruia,,Rootwarden,,0,7,0,0,131393,0,0,0,1,1,1,1,0,0,0
256918,Elder Hagar,,,,0,7,0,0,126101,0,0,0,1,1,1,1,0,0,0
256933,Twilight Material,,,,0,10,0,3,139879,0,0,0,1,1,1,1,0,0,0
256938,Khadgar's Upgraded Servant,,,,1,4,0,0,73322,0,0,0,1,1,1,1,0,0,0
256960,Eversong Farstrider,,,,0,7,0,0,138092,138091,138090,138089,1,1,1,1,227703,0,22982
256985,Willie,,,,0,12,0,0,129402,0,0,0,1,1,1,1,0,0,0
257028,SuperLux Focusing Mirror,,Patent Pending,,0,10,0,0,139929,0,0,0,1,1,1,1,0,0,0
257073,Shadow Nexus,,,,0,10,0,0,140004,0,0,0,1,1,1,1,0,0,0
257161,Blazing Pyromancer,,,,1,7,0,0,138460,0,0,0,0,1,1,1,254210,256317,0
257173,Hammerfall Grunt,,,,0,7,0,0,139970,0,0,0,1,1,1,1,212401,212386,0
257174,Dragonscale Researcher,,,,0,7,0,0,139971,0,0,0,1,1,1,1,212397,0,0
257178,Vulpera Mixologist,,The Bilge Rats,,0,7,0,0,139972,0,0,0,1,1,1,1,212404,225579,0
257186,Kill Credit [DNT],,,,0,10,0,0,11686,0,0,0,1,1,1,1,0,0,0
257187,Kill Credit [DNT],,,,0,10,0,0,11686,0,0,0,1,1,1,1,0,0,0
257188,Kill Credit [DNT],,,,0,10,0,0,11686,0,0,0,1,1,1,1,0,0,0
257232,Gnarla,,Elder,,0,7,0,0,129256,0,0,0,1,1,1,1,0,0,0
257233,Hannan,,,,0,7,0,0,118149,0,0,0,1,1,1,1,232649,232650,0
257234,Nye'rangi,,Elder,,0,7,0,0,129251,0,0,0,1,1,1,1,0,0,0
257236,Ran'hune,,Elder,,0,7,0,0,129257,0,0,0,1,1,1,1,0,0,0
257237,Ter'kova,,Elder,,0,7,0,0,129252,0,0,0,1,1,1,1,0,0,0
257238,Hara'ti Villager,,,,0,7,0,0,137206,137221,137649,137816,1,1,1,1,0,0,0
257239,Orweyna,,,,0,7,0,0,117116,0,0,0,1,1,1,1,0,0,0
257252,Zandalari Prophet,,,,0,7,0,0,78762,0,0,0,1,1,1,1,0,0,0
257256,Zandalari Citizen,,,,0,7,0,0,81248,81249,93959,81250,1,1,1,1,0,0,0
257268,Netherwyrm,,,,1,15,0,0,144636,0,0,0,1,1,1,1,0,0,0
257279,Anduin Wrynn,,,,1,7,0,0,115995,0,0,0,1,1,1,1,224743,0,0
257285,Gurubashi Cultist,,,,0,7,0,0,6677,4782,6671,6675,1,1,1,1,246357,0,0
257335,Inquisitive Bee,,,,0,8,0,3,143456,0,0,0,1,1,1,1,0,0,0
257343,Amani Villager,,,,0,7,0,0,124847,139058,130775,131654,1,1,1,1,0,0,0
257344,Kinduru,,Loa Speaker,,0,7,0,0,131262,0,0,0,1,1,1,1,0,0,0
257416,Lady Darkglen,,,,0,7,0,0,136415,0,0,0,1,1,1,1,0,0,0
257438,Wild Panther,,,,0,1,0,0,599,0,0,0,1,1,1,1,0,0,0
257439,Wild Butterfly,,,,0,1,0,0,104050,0,0,0,1,1,1,1,0,0,0
257469,Ancient Protector,,,,0,4,0,0,1461,1455,29238,0,1,1,1,1,0,0,0
257470,Nightborne Protector,,,,1,9,0,0,72211,0,0,0,1,1,1,1,0,0,0
257472,Advanced Construct,,,,1,9,0,0,137764,0,0,0,1,1,1,1,0,0,0
257474,Gurubashi Villager,,,,0,7,0,0,37896,37897,37898,37899,1,1,1,1,0,0,0
257475,Gurubashi Warrior,,,,0,7,0,0,11109,11110,85692,37979,1,1,1,1,36578,53938,0
257493,Razeshi C.,,,,0,12,0,0,119682,0,0,0,1,1,1,1,264365,0,0
257537,Area Trigger Bunny,,,,0,10,0,3,22903,11686,0,0,0,1,1,1,0,0,0
257541,Brann Bronzebeard,,,,1,7,0,0,115505,0,0,0,1,1,1,1,0,0,0
257546,Voldy,,,,0,14,0,0,136053,0,0,0,1,1,1,1,0,0,0
257616,Emberwing Hatchling,,,,0,12,0,0,141694,0,0,0,1,1,1,1,0,0,0
257625,[DNT] Completion Bunny,,,,0,10,0,3,1126,11686,0,0,0,1,1,1,0,0,0
257645,[DNT] Reset Bunny,,,,0,10,0,3,1126,11686,0,0,0,1,1,1,0,0,0
257695,Nova,,,,0,12,0,0,128292,0,0,0,1,1,1,1,0,0,0
257802,Medusa,,,,0,12,0,0,140393,0,0,0,1,1,1,1,0,0,0
257849,Entropy Wielder,,,,1,15,0,0,136443,0,0,0,1,1,1,1,0,0,0
257857,Flicker,,,,0,12,0,0,138228,0,0,0,1,1,1,1,0,0,0
257908,Kai,,,,0,14,0,0,142174,0,0,0,1,1,1,1,0,0,0
257934,Zekhan,,,,0,7,0,0,89704,0,0,0,1,1,1,1,0,0,0
257991,Stormbound Mystic,,,,1,7,0,0,139035,0,0,0,1,1,1,1,0,0,0
257992,Ruthless Totemcaller,,,,1,7,0,0,130820,0,0,0,1,1,1,1,0,0,0
258028,Magister Umbric,,,,0,7,0,0,128688,0,0,0,1,1,1,1,0,0,257151
258029,Arator,,,,1,7,0,0,143725,0,0,0,1,1,1,1,246209,246189,0
258034,Amani Soldier,,,,0,7,0,0,130711,0,0,0,1,1,1,1,0,0,0
258035,Vereesa Windrunner,,,,1,7,0,0,128683,0,0,0,1,1,1,1,2179,0,42140
258036,Log,,,,0,10,0,0,140583,0,0,0,1,1,1,1,0,0,0
258046,Bonded Beasttamer,,,,1,7,0,0,130833,0,0,0,1,1,1,1,0,0,0
258047,Grizzled Warbringer,,,,1,7,0,0,130726,0,0,0,1,1,1,1,0,0,0
258066,Loa Speaker Nanea,,Devout of Nalorakk,,1,7,0,0,138584,0,0,0,1,1,1,1,0,0,0
258074,Luxmaster 5000,,,,0,10,0,0,20324,92725,0,0,0,1,1,1,0,0,0
258150,Arator,,,,1,7,0,0,143725,0,0,0,1,1,1,1,246209,246189,0
258151,Magister Umbric,,,,0,7,0,0,128688,0,0,0,1,1,1,1,0,0,257151
258205,Mannoroth,,,,1,3,0,0,17469,0,0,0,0,1,1,1,0,0,0
258242,Antoran Inquisitor,,,,0,3,0,0,141118,0,0,0,1,1,1,1,0,0,0
258281,Princess Bloodshed,,,,0,12,0,0,138230,0,0,0,1,1,1,1,0,0,0
258536,Xal'atath,,,,1,15,0,0,117121,0,0,0,1,1,1,1,0,0,0
258538,Magister Umbric,,,,0,7,0,0,128688,0,0,0,1,1,1,1,0,0,257151
258584,Imp Lord,,,,0,3,23,0,141129,0,0,0,1,1,1,1,0,0,0
258587,Fel Ravager,,,,0,3,15,0,141128,0,0,0,1,1,1,1,0,0,0
258640,Time Flies,,,,0,7,0,3,140871,0,0,0,1,1,1,1,0,0,0
258651,Kajai,,,,6,7,0,0,131585,0,0,0,1,1,1,1,0,0,0
258688,Loa Speaker Nanea,,Devout of Nalorakk,,1,7,0,0,138584,0,0,0,1,1,1,1,0,0,0
258689,Lilaju,,Revantusk Tribe,,0,7,0,0,131586,0,0,0,1,1,1,1,235243,0,0
258690,Loa Speaker Tobui,,Devout of Halazzi,,0,7,0,0,130225,0,0,0,1,1,1,1,0,0,0
258691,Kul'amara the Fierce,,Witherbark Tribe,,0,7,0,0,131290,0,0,0,1,1,1,1,235242,235242,0
258692,Vun'zarah,,Leader of the Witherbark,,0,7,0,0,131861,0,0,0,1,1,1,1,265855,265887,0
258693,Loa Speaker Brek,,Devout of Jan'alai,,0,7,0,0,131295,0,0,0,1,1,1,1,0,0,0
258694,Tak'lejo,,Shadowpine Tribe,,0,7,0,0,131289,0,0,0,1,1,1,1,235242,265885,0
258695,Jan'alai,,Loa of Fire,,1,1,30,0,125153,0,0,0,1,1,1,1,0,0,0
258696,Halazzi,,Loa of the Hunt,,1,1,2,0,125152,0,0,0,1,1,1,1,0,0,0
258698,Akil'zon,,Loa of Victory,,1,1,26,0,125151,0,0,0,1,1,1,1,0,0,0
258699,Loa Speaker Kinduru,,Devout of Akil'zon,,0,7,0,0,131262,0,0,0,1,1,1,1,235233,0,0
258700,Lady Liadrin,,Blood Knight Matriarch,,1,7,0,0,136435,0,0,0,1,1,1,1,256542,0,0
258701,Spear of Torntusk,,Revantusk Tribe,,0,7,0,0,131075,131074,131073,131072,1,1,1,1,242662,0,0
258703,Zul'jarra,,,,1,7,0,0,125149,131551,0,0,0,1,1,1,248999,0,0
258704,Shadowpine Troop,,Shadowpine Tribe,,0,7,0,0,131175,131174,131173,131172,1,1,1,1,235241,265861,0
258705,Witherbark Shadowblade,,Witherbark Tribe,,0,7,0,0,130998,130997,130996,130995,1,1,1,1,235241,0,0
258730,Lord Antenorian,,,,1,7,0,0,140154,0,0,0,1,1,1,1,0,0,0
258753,Khadgar's Servant,,,,0,4,0,0,141303,0,0,0,1,1,1,1,0,0,0
258796,Shadow Barrier,,,,0,7,0,3,142087,0,0,0,1,1,1,1,0,0,0
258803,Nether Siphoner,,,,0,12,0,0,142186,0,0,0,1,1,1,1,0,0,0
258806,Scrying Focus,,,,1,7,0,0,139614,0,0,0,1,1,1,1,0,0,0
258841,Kal'eani,,,,0,7,0,0,140676,0,0,0,1,1,1,1,0,0,0
258844,Mind-Seeker Apprentice,,,,0,7,0,0,141085,141086,141087,141088,1,1,1,1,0,0,0
258845,Shadow Missile,,,,0,15,0,3,141093,0,0,0,0,1,1,1,0,0,0
258869,Twilight Voidchurner,,,,1,7,0,0,127811,127812,0,0,1,1,1,1,235252,0,0
258874,Lord Smudgington,,,,0,12,16,0,141123,0,0,0,1,1,1,1,0,0,0
258877,Nalorakk,,Loa of War,,1,1,4,0,125154,0,0,0,1,1,1,1,0,0,0
258901,Empowering Shadow,,,,1,4,0,0,124913,0,0,0,1,1,1,1,0,0,0
258909,[DNT] 12.0 Dungeon - Magisters' Terrace - Sound Stalker,,,,6,10,0,3,90874,129566,0,0,0,1,1,1,0,0,0
258947,Lightwood Ballista,,,,0,9,0,0,128009,0,0,0,1,1,1,1,0,0,0
258948,High Exarch Turalyon,,Lord Commander of Alliance Forces,,1,7,0,0,141146,0,0,0,1,1,1,1,0,0,0
258949,Generic Bunny - PRK,,,,0,10,0,3,22903,11686,0,0,0,1,1,1,0,0,0
258952,High Exarch Turalyon,,Lord Commander of Alliance Forces,,1,7,0,0,141146,0,0,0,1,1,1,1,150577,0,0
258994,"Shadowpine Soldier, Scout",,T2 (2/1.2),,0,7,0,0,131229,131228,131227,131226,1,1,1,1,0,0,265857
258995,"Shadowpine Soldier, Fighter",,T2 (2/1.2),,0,7,0,0,131196,131195,131194,131193,1,1,1,1,265853,265853,0
258996,"Shadowpine Soldier, Caster",,T2 (2/1.2),,0,7,0,0,131167,131166,131165,131164,1,1,1,1,265869,0,0
259022,12.0 Z1 - Local 16 - Paladin Rescue - Sanctum of the Moon - Twilight's Blade - Mortals - T1 Caster (KRB),,,,6,10,0,3,90874,141279,0,0,0,1,1,1,0,0,0
259037,Arator,,,,1,7,0,0,124777,0,0,0,1,1,1,1,0,0,0
259041,High Exarch Turalyon,,Lord Commander of Alliance Forces,,1,7,0,0,129720,0,0,0,1,1,1,1,150577,0,0
259044,Targeting Bunny,,,,0,10,0,0,20324,11686,0,0,0,1,1,1,0,0,0
259068,Mor'duun,,High Inquisitor of the Twilight's Blade,,1,7,0,0,125202,0,0,0,1,1,1,1,202436,0,0
259103,Zul'jarra,,,,1,7,0,0,125149,131551,0,0,1,0,1,1,0,0,0
259153,Soridormi,,,,1,2,0,0,141432,0,0,0,1,1,1,1,0,0,0
259222,Zul'jarra,,,,1,7,0,0,125149,131551,0,0,1,0,1,1,0,0,0
259311,Zul'jarra,,,,1,7,0,0,141445,0,0,0,1,1,1,1,248999,0,0
259313,Akil'zon,,Loa of Victory,,1,1,26,0,141446,0,0,0,1,1,1,1,0,0,0
259335,Vanessa VanCleef,,,,0,7,0,0,110632,0,0,0,1,1,1,1,0,0,0
259338,Flynn Fairwind,,,,0,7,0,0,76222,0,0,0,1,1,1,1,0,0,0
259341,Scalecommander Azurathel,,Obsidian Warders,,0,7,0,0,107028,0,0,0,0,1,1,1,0,0,0
259343,Chen Stormstout,,,,1,7,0,0,142988,0,0,0,1,1,1,1,0,0,0
259344,Garona Halforcen,,,,1,7,0,3,144676,0,0,0,1,1,1,1,227705,234959,0
259399,Alleria Windrunner,,,,1,7,0,0,141483,0,0,0,1,1,1,1,0,0,0
259406,Grand Artificer Romuul,,,,0,7,0,0,76255,0,0,0,1,1,1,1,126431,45617,0
259416,Zul'jarra,,,,1,7,0,0,125149,0,0,0,1,1,1,1,248999,0,0
259417,Lady Liadrin,,,,1,7,0,0,136435,0,0,0,1,1,1,1,163831,163832,0
259579,Lady Liadrin,,Blood Knight Matriarch,,1,7,0,0,136435,0,0,0,1,1,1,1,256542,256543,0
259583,Amani People,,,,1,7,0,0,125149,131551,0,0,1,0,1,1,0,0,0
259664,Kith'ix,,,,1,15,0,0,144604,0,0,0,1,1,1,1,0,0,0
259716,Riftglaive Blackstar,,Lady Darkglen's Security,,0,7,0,0,141923,0,0,0,1,1,1,1,0,0,0
259718,Icy Familiar,,Ari's Companion,,0,12,0,0,2069,0,0,0,1,1,1,1,0,0,0
259727,Gnarla,,Elder,,0,7,0,0,129256,0,0,0,1,1,1,1,0,0,0
259728,Sunwing Hatchling,,,,0,12,0,0,128641,0,0,0,1,1,1,1,0,0,0
259736,Mor'duun,,High Inquisitor of the Twilight's Blade,,1,7,0,0,125202,0,0,0,1,1,1,1,202436,0,0
259755,Stablemaster Aelius,,,,0,7,0,0,138849,0,0,0,1,1,1,1,0,0,0
259756,Twilight Ogre Directional Sound Cue,,,,6,10,0,3,90874,141815,0,0,0,1,1,1,0,0,0
259768,Coiling Serpent,,,,0,1,27,3,137230,142352,142351,0,1,1,1,1,0,0,0
259821,Sound Stalker - 12.0 Raid - Voidspire - Boss 1 - March of the Endless,,,,6,10,0,3,90874,129566,0,0,0,1,1,1,0,0,0
259830,Silvermoon's Arcane Defender,,,,0,9,0,0,138591,0,0,0,1,1,1,1,0,0,0
259831,Arcanovoid Construct,,,,0,9,0,0,139810,0,0,0,1,1,1,1,0,0,0
259839,Orweyna,,,,0,7,0,0,117116,0,0,0,1,1,1,1,224812,224812,0
259847,Misha,,,,1,1,0,0,9492,0,0,0,1,1,1,1,0,0,0
259918,Devouring Darkcaller,,,,1,15,0,0,142593,0,0,0,1,1,1,1,0,0,0
260149,Akiki,,,,0,12,0,0,137616,0,0,0,1,1,1,1,0,0,0
260196,Lightbloom Petalwing,,,,0,4,7,0,126650,0,0,0,1,1,1,1,0,0,0
260197,Orweyna,,,,0,7,0,0,117116,0,0,0,1,1,1,1,224812,224812,0
260198,Arator,,,,1,7,0,0,124777,0,0,0,1,1,1,1,0,0,0
260224,Underhold Elite Guard,,,,1,7,0,0,81652,81651,81650,81649,1,1,1,1,165622,0,0
260232,Ring,,,,0,10,0,3,21955,110503,0,0,0,1,1,1,0,0,0
260233,Ring,,,,0,10,0,3,21955,110503,0,0,0,1,1,1,0,0,0
260311,Blightclaw,,,,1,3,0,0,138070,0,0,0,1,1,1,1,0,0,0
260312,Harrower,,T1 (2/1.2),,0,1,0,0,136552,0,0,0,1,1,1,1,0,0,0
260313,Siphoid,,T1 (1/1),,0,15,0,2,130542,131400,131401,0,1,1,1,1,0,0,0
260316,T'era,,,,1,10,0,3,129151,0,0,0,1,1,1,1,0,0,0
260358,Scout Captain Daelin,,,,1,7,0,0,141298,0,0,0,1,1,1,1,0,0,0
260360,Silvermoon Guard,,,,1,7,0,0,89419,89419,89421,89420,1,1,1,1,165700,165701,0
260377,Scouting Table,,,,0,10,0,3,22903,11686,0,0,0,1,1,1,0,0,0
260381,Scouting Table,,,,0,10,0,3,22903,11686,0,0,0,1,1,1,0,0,0
260384,Generic Bunny - PRK,,,,0,10,0,3,22903,11686,0,0,0,1,1,1,0,0,0
260385,Ring,,,,0,10,0,3,21955,110503,0,0,0,1,1,1,0,0,0
260421,Hurried Courier,,Messenger of the United Elves,,1,7,0,0,138092,0,0,0,1,1,1,1,0,0,0
260465,Bloomrotten Corpse,,,,0,7,0,0,137081,137087,137089,137082,1,1,1,1,0,0,0
260489,Bloomrotten Corpse,,,,0,7,0,0,137083,137088,137091,137084,1,1,1,1,0,0,0
260493,Har'athir Dweller,,,,0,7,0,0,137207,137222,137650,137814,1,1,1,1,0,0,0
260506,Cascade Drifter,,,,0,1,0,3,131466,0,0,0,1,1,1,1,0,0,0
260507,Violet Chloroceros,,,,0,4,138,0,128538,0,0,0,1,1,1,1,0,0,0
260508,Pickup Rocks Credit,,,,0,10,0,0,11686,0,0,0,1,1,1,1,0,0,0
260689,Zapgut Gland,,,,0,10,0,2,142570,0,0,0,1,1,1,1,0,0,0
260706,Clue 1,,,,0,10,0,3,22903,11686,0,0,0,1,1,1,0,0,0
260707,Clue 2,,,,0,10,0,3,22903,11686,0,0,0,1,1,1,0,0,0
260708,Clue 3,,,,0,10,0,3,22903,11686,0,0,0,1,1,1,0,0,0
260792,Zan,,,,0,12,35,0,142267,0,0,0,1,1,1,1,0,0,0
260899,Sootpaw,,,,0,12,0,0,138229,0,0,0,1,1,1,1,0,0,0
260957,Vaeli,,Neighborhood Postmaster,,0,7,0,0,123613,0,0,0,1,1,1,1,0,0,0
260958,Vaeli,,Neighborhood Postmaster,,0,7,0,0,123613,0,0,0,1,1,1,1,0,0,0
260977,Flyer,,,,1,3,0,3,142252,0,0,0,1,1,1,1,0,0,0
260992,Boost,,,,0,10,0,3,21955,0,0,0,0,1,1,1,0,0,0
260997,Twilight Ogre Directional Sound Cue,,,,6,10,0,3,90874,142732,0,0,0,1,1,1,0,0,0
261003,Twilight Ogre Directional Sound Cue,,,,6,10,0,3,90874,142733,0,0,0,1,1,1,0,0,0
261032,Twilight Ogre Directional Sound Cue,,,,6,10,0,3,90874,142743,0,0,0,1,1,1,0,0,0
261035,Twilight Ogre Directional Sound Cue,,,,6,10,0,3,90874,142744,0,0,0,1,1,1,0,0,0
261036,Twilight Ogre Directional Sound Cue,,,,6,10,0,3,90874,142745,0,0,0,1,1,1,0,0,0
261037,Twilight Ogre Directional Sound Cue,,,,6,10,0,3,90874,142746,0,0,0,1,1,1,0,0,0
261038,Twilight Ogre Directional Sound Cue,,,,6,10,0,3,90874,142747,0,0,0,1,1,1,0,0,0
261040,Twilight Ogre Directional Sound Cue,,,,6,10,0,3,90874,142748,0,0,0,1,1,1,0,0,0
261064,Light's Vanguard,,,,0,7,0,0,142758,142759,0,0,1,1,1,1,132870,0,0
261065,Siphoid,,T1 (1/1),,0,15,0,2,142760,0,0,0,1,1,1,1,0,0,0
261066,Void Mistlurker,,,,0,15,0,3,142761,0,0,0,1,1,1,1,0,0,0
261068,Harrower,,T1 (2/1.2),,0,1,0,0,142765,0,0,0,1,1,1,1,0,0,0
261069,Blightclaw,,,,1,3,0,0,142766,0,0,0,1,1,1,1,0,0,0
261081,Twilight Voidchurner,,,,1,7,0,0,127811,127812,0,0,1,1,1,1,235252,0,0
261089,Li Li Stormstout,,Apprentice Lorewalker,,1,7,0,0,29101,0,0,0,1,1,1,1,0,0,0
261090,Mishi,,Lorewalker Cho's Companion,,0,10,0,3,142771,0,0,0,1,1,1,1,0,0,0
261451,Echo of Nalorakk,,,,1,1,4,0,129989,0,0,0,1,1,1,1,0,0,0
261676,Void-Scarred Eaglet,,,,0,12,0,3,142950,0,0,0,1,1,1,1,0,0,0
261684,Chubs,,,,0,12,0,0,140421,0,0,0,1,1,1,1,0,0,0
261847,Loa Speaker Kinduru,,Devout of Akil'zon,,0,7,0,0,131262,0,0,0,1,1,1,1,235233,0,0
261849,Zul'jan,,,,1,7,0,0,125150,0,0,0,1,1,1,1,0,0,0
261854,Enchanted Amani Mask,,,,0,6,0,0,142599,0,0,0,1,1,1,1,0,0,0
262015,Dak'zor,,,,0,7,0,0,131813,0,0,0,1,1,1,1,235237,235237,235237
262066,Overloaded Manaling,,,,0,12,0,3,143054,0,0,0,1,1,1,1,0,0,0
262085,Dak'zor,,,,0,7,0,0,131813,0,0,0,1,1,1,1,235237,235237,235237
262086,Winged Skyfang,,,,0,1,38,3,142383,142384,137234,0,1,1,1,1,0,0,0
262089,Void-Corrupted Snapdragon,,,,0,12,0,0,143064,0,0,0,100,1,1,1,0,0,0
262090,Void-Touched Chick,,,,0,12,0,0,143065,0,0,0,1,1,1,1,0,0,0
262092,Void-Touched Lynx Kitten,,,,0,12,0,0,143067,0,0,0,1,1,1,1,0,0,0
262210,Lil'Kruul,,,,0,12,0,0,123070,0,0,0,1,1,1,1,230213,0,0
262220,Furiostraza,,,,0,12,0,3,143092,0,0,0,1,1,1,1,0,0,0
262222,Poisoned Parasite,,,,0,14,0,0,128277,0,0,0,1,1,1,1,0,0,0
262226,Cursed Spawn,,,,0,14,0,0,143097,0,0,0,1,1,1,1,0,0,0
262243,Steady Croakfrog,,,,0,14,0,0,76758,0,0,0,1,1,1,1,0,0,0
262244,Sleek Snakebiter,,,,0,14,0,0,83696,0,0,0,1,1,1,1,0,0,0
262245,Nightfur Kapara,,,,0,14,0,0,125363,0,0,0,1,1,1,1,0,0,0
262246,Jaundiced Slitherer,,,,0,14,0,0,143105,0,0,0,1,1,1,1,0,0,0
262247,Caustic Writhling,,,,0,14,0,0,143106,0,0,0,1,1,1,1,0,0,0
262248,Autumn Snapling,,,,0,14,0,0,136724,0,0,0,1,1,1,1,0,0,0
262422,Rescued Dragonhawk Chick,,,,0,12,0,0,128636,0,0,0,1,1,1,1,0,0,0
262427,Void-Infused Mindbreaker Fry,,,,0,12,0,3,143753,0,0,0,1,1,1,1,0,0,0
262647,Void Portal Bunny,,,,0,10,0,0,16480,21342,0,0,0,1,1,1,0,0,0
262693,Ethereal Skiff Gun,,,,0,10,0,3,143342,0,0,0,1,1,1,1,0,0,0
262786,Wriggling Capybara,,,,0,12,0,0,143389,0,0,0,1,1,1,1,0,0,0
262787,Cappy,,,,0,12,0,0,143390,0,0,0,1,1,1,1,0,0,0
262788,Curious Lynx Kitten,,,,0,12,0,0,138231,0,0,0,1,1,1,1,0,0,0
262985,Emberlyn,,,,0,12,0,0,128632,0,0,0,1,1,1,1,0,0,0
263227,[DNT] Death Bunny,,,,0,10,0,0,16480,21342,0,0,0,1,1,1,0,0,0
263232,The Sire's Ghastly Screecher,,,,0,12,0,3,143567,0,0,0,1,1,1,1,0,0,0
263465,Arator,,,,1,7,0,0,143725,0,0,0,1,1,1,1,0,0,0
263479,Riftblade Maella,,,,1,7,0,0,136414,0,0,0,1,1,1,1,184572,184572,0
263480,Riftblade Maella,,,,1,7,0,0,136414,0,0,0,1,1,1,1,184572,184572,0
263482,Riftblade Maella,,,,1,7,0,0,136414,0,0,0,1,1,1,1,184572,184572,0
263506,Crumpled Scroll,,,,0,10,0,0,20577,0,0,0,1,1,1,1,0,0,0
263531,Projected Image of Decimus,,,,1,15,0,0,144300,0,0,0,1,1,1,1,258761,0,0
263544,Discarded Potion,,,,0,10,0,0,20577,0,0,0,1,1,1,1,0,0,0
263545,Abused Relic,,,,0,10,0,0,20577,0,0,0,1,1,1,1,0,0,0
263589,Hex Lord Malacrass,,,,1,6,0,0,142140,0,0,0,1,1,1,1,0,0,0
263590,Zul'jarra,,,,1,7,0,0,125149,131551,0,0,1,0,1,1,0,0,0
263591,Witherbark Soldier,,,,0,7,0,0,130872,130871,130870,130869,1,1,1,1,265867,0,0
263592,Fanged Abductor,,,,0,7,0,0,137204,142340,142341,0,1,1,1,1,0,0,0
263593,Aerial Viper,,,,0,1,38,3,142383,142384,137234,0,1,1,1,1,0,0,0
263642,Binding Hexspitter,,,,0,7,0,0,137203,142320,142321,0,1,1,1,1,0,0,0
263841,[DNT] Candle Scenario Zone Bunny,,,,0,10,0,3,1126,11686,0,0,0,1,1,1,0,0,0
263946,Loa Speaker Kinduru,,Devout of Akil'zon,,0,7,0,0,143968,0,0,0,1,1,1,1,0,0,0
263995,Sunflicker Driftmoth,,,,0,12,0,3,143967,0,0,0,1,1,1,1,0,0,0
264024,Riftblade Maella,,,,1,7,0,0,136414,0,0,0,1,1,1,1,184572,184572,0
264065,Magister Umbric,,,,0,7,0,0,128688,0,0,0,1,1,1,1,0,0,0
264066,Grand Magister Rommath,,,,1,7,0,0,140873,0,0,0,1,1,1,1,274482,0,0
264069,Magister Umbric,,,,0,7,0,0,128688,0,0,0,1,1,1,1,0,0,0
264070,Grand Magister Rommath,,,,1,7,0,0,140873,0,0,0,1,1,1,1,274482,0,0
264163,Sha-Warped Hippogryph Hatchling,,,,0,12,0,3,144021,0,0,0,1,1,1,1,0,0,0
264213,Abysslick,,,,2,15,0,0,35936,0,0,0,1,1,1,1,0,0,0
264250,Nina Mear,,,,0,7,0,0,144235,0,0,0,1,1,1,1,0,0,0
264252,Mark Mear,,,,0,7,0,0,144236,0,0,0,1,1,1,1,0,0,0
264280,Crabbers,,,,0,14,0,0,90871,0,0,0,1,1,1,1,0,0,0
264369,Smothering Miasma,,,,0,8,0,3,49071,40818,0,0,0,1,1,1,0,0,0
264469,Kapara,,,,0,1,127,0,144183,144182,144181,144180,1,1,1,1,0,0,0
264499,Archmage Lan'dalock,,,,1,7,0,0,141313,0,0,0,1,1,1,1,34884,0,0
264720,Arena Spectator,,,,0,6,0,0,138133,138134,138135,138136,1,1,1,1,0,0,0
264721,Bloodsport Enthusiast,,,,0,6,0,0,138133,138134,138135,138136,1,1,1,1,0,0,0
264857,Obscurion Obliterator,,,,1,15,0,0,142183,0,0,0,1,1,1,1,0,0,0
264858,Abyssal Caller,,,,1,15,0,0,136444,0,0,0,1,1,1,1,0,0,0
264863,Murk'atath,,The Mrrbrrgrr,,0,12,0,0,144286,0,0,0,1,1,1,1,0,0,0
264879,Decimus,,,,1,15,0,0,124899,0,0,0,1,1,1,1,258761,0,0
264894,Serrated Snaptrap,,,,0,10,0,0,20577,0,0,0,1,1,1,1,0,0,0
264899,Weighted Bolas,,,,0,10,0,0,20577,0,0,0,1,1,1,1,0,0,0
264910,Entangling Net,,,,0,10,0,0,20577,0,0,0,1,1,1,1,0,0,0
264913,Tranquilizer Dart,,,,0,10,0,0,20577,0,0,0,1,1,1,1,0,0,0
264933,Ka'bubb,,,,0,14,0,3,144318,0,0,0,1,1,1,1,0,0,0
264934,Ka'bubb,,,,0,14,0,0,144318,0,0,0,1,1,1,1,0,0,0
264956,Grand Magister Rommath,,Mirror Image,,0,7,0,0,129719,0,0,0,1,1,1,1,262377,0,0
264965,Headball,,,,0,10,0,0,20577,0,0,0,1,1,1,1,0,0,0
265015,Hex Lord Malacrass,,,,0,6,0,0,142599,0,0,0,1,1,1,1,0,0,0
265031,Halazzi,,Loa of the Hunt,,1,1,2,0,125152,0,0,0,1,1,1,1,0,0,0
265032,Nalorakk,,Loa of War,,1,1,4,0,125154,0,0,0,1,1,1,1,0,0,0
265033,Jan'alai,,Loa of Fire,,1,1,30,0,125153,0,0,0,1,1,1,1,0,0,0
265034,Akil'zon,,Loa of Victory,,1,1,26,0,125151,0,0,0,1,1,1,1,0,0,0
265035,Zul'jarra,,,,1,7,0,0,125149,131551,0,0,1,0,1,1,0,0,0
265036,Hex Lord Malacrass,,,,1,6,0,0,142140,0,0,0,1,1,1,1,0,0,0
265037,Binding Hexspitter,,,,0,7,0,0,137203,142320,142321,0,1,1,1,1,0,0,0
265098,Fanged Abductor,,,,0,7,0,0,137204,142340,142341,0,1,1,1,1,0,0,0
265128,Left Bottle,,,,0,10,0,0,144373,0,0,0,1,1,1,1,0,0,0
265129,Middle Bottle,,,,0,10,0,0,144374,0,0,0,1,1,1,1,0,0,0
265130,Right Bottle,,,,0,10,0,0,144375,0,0,0,1,1,1,1,0,0,0
265154,Invisible Bunny - Fireworks,,,,0,10,0,0,56187,11686,0,0,0,1,1,1,0,0,0
265196,Ka'bubb,,,,0,1,0,0,144319,0,0,0,1,1,1,1,0,0,0
265303,Decimus,,,,1,15,0,0,124899,0,0,0,1,1,1,1,258761,0,0
265619,Goal,,,,0,10,0,0,20324,20577,0,0,0,1,1,1,0,0,0
265786,Venom Elemental,,,,0,12,0,0,144637,0,0,0,1,1,1,1,0,0,0
266035,Background,,,,0,10,0,0,144685,0,0,0,1,1,1,1,0,0,0
266036,Lightveil Decrypter,,,,0,10,0,0,144692,0,0,0,1,1,1,1,0,0,0
266442,Zul'jarra,,,,1,7,0,0,125149,131551,0,0,1,0,1,1,248999,0,0
266446,Injured Soldier Widget Bunny [DNT,,,,0,10,0,0,328,23257,0,0,0,1,1,1,0,0,0
266464,Corrosive Writhling,,,,0,12,0,0,144827,0,0,0,1,1,1,1,0,0,0
266469,Volatile Venomfang,,,,0,12,0,0,143107,0,0,0,1,1,1,1,0,0,0
266545,Hungry Soldier Widget Bunny [DNT,,,,0,10,0,0,328,23257,0,0,0,1,1,1,0,0,0
266546,Underequipped Soldier Widget Bunny [DNT,,,,0,10,0,0,328,23257,0,0,0,1,1,1,0,0,0
266548,[DNT] Invisible Bunny - Explosion,,,,0,10,0,0,56187,11686,0,0,0,1,1,1,0,0,0
266567,Headball,,,,0,10,0,0,20577,0,0,0,1,1,1,1,0,0,0
266577,Frosticus Maximus,,,,0,14,0,0,144863,0,0,0,1,1,1,1,0,0,0
266580,Silento,,,,0,14,0,0,136621,0,0,0,1,1,1,1,0,0,0
266833,Preyhunter's Prismguard,,,,0,12,0,0,145953,0,0,0,1,1,1,1,0,0,0
266834,ArcaneGolem2 Pet - Red,,,,0,12,0,0,145951,0,0,0,1,1,1,1,0,0,0
266835,Preyhunter's Riftbreaker,,,,0,12,0,0,145952,0,0,0,1,1,1,1,0,0,0
267497,Sound Stalker - 12.1 Raid - Temple of Ula'Tek - Boss 8 - P2 - Left,,,,6,10,0,3,90874,129566,0,0,0,1,1,1,0,0,0
267689,Vibrant Venomfang,,,,0,12,0,0,143108,0,0,0,1,1,1,1,0,0,0
267782,Path Helper,,,,0,10,0,0,21955,23767,0,0,0,1,1,1,0,0,0
267784,Path Helper,,,,0,10,0,0,21955,23767,0,0,0,1,1,1,0,0,0
267797,Zul'jan,,,,1,7,0,0,125150,0,0,0,1,1,1,1,251776,251776,0
267798,Zul'jarra,,,,1,7,0,0,125149,131551,0,0,1,0,1,1,248999,0,0
267805,Snek'zali,,,,0,12,0,0,143109,0,0,0,1,1,1,1,0,0,0
268174,Supplier Filmore,,Trading Post Outlet Completionist,,0,7,0,0,126774,0,0,0,1,1,1,1,0,0,0
268180,Supplier Pezy,,Trading Post Outlet Creatures and Toys,,0,7,0,0,122123,0,0,0,1,1,1,1,0,0,0
268188,Supplier Wooshy,,Trading Post Outlet Weapons and Armor,,0,7,0,0,99512,0,0,0,1,1,1,1,0,0,0
268193,Supplier Toro,,Trading Post Outlet Collections,,0,7,0,0,92737,0,0,0,1,1,1,1,0,0,0
268256,Sound Stalker - 12.1 Raid - Temple of Ula'Tek - Boss 8 - P2 - Right,,,,6,10,0,3,90874,129566,0,0,0,1,1,1,0,0,0
268378,Arena Mask,,,,0,10,0,0,20324,20577,0,0,0,1,1,1,0,0,0
268407,Arena Spectator,,,,0,6,0,0,138198,0,0,0,1,1,1,1,0,0,0
268408,Bloodsport Enthusiast,,,,0,6,0,0,138218,0,0,0,1,1,1,1,0,0,0
268498,Summer Blossom Cluster,,,,0,10,0,3,62048,136285,145477,0,0,0,1,1,0,0,0
268550,Enchanted Ballblocker,,,,0,10,0,0,20324,147580,0,0,0,1,1,1,0,0,0
268553,Enchanted Ballblocker,,,,0,10,0,0,20324,20577,0,0,0,1,1,1,0,0,0
268609,Kirin Tor Kitty,,,,0,12,0,0,145526,0,0,0,1,1,1,1,0,0,0
268636,Archmage's Familiar,,,,0,12,0,0,145535,0,0,0,1,1,1,1,0,0,0
268671,Catsramas,,,,0,12,0,0,145542,0,0,0,1,1,1,1,0,0,0
268672,Cat'Thuzad,,,,0,12,0,0,145543,0,0,0,1,1,1,1,0,0,0
268675,Mewkahen,,,,0,12,0,0,145545,0,0,0,1,1,1,1,0,0,0
268676,Amewbisath,,,,0,12,0,0,145546,0,0,0,1,1,1,1,0,0,0
268695,Snacks!,,,,0,10,0,0,72959,0,0,0,1,1,1,1,0,0,0
268805,Random Adventurer,,,,1,7,0,0,108455,108811,108795,108812,1,1,1,1,254180,254180,0
268807,Valeera Sanguinar,,,,1,7,0,0,26365,0,0,0,1,1,1,1,171193,171193,0
268923,Azta'rec,,,,1,7,0,0,143198,0,0,0,1,1,1,1,0,0,0
268978,Witherbark Soldier,,,,0,7,0,0,130720,130802,130817,130719,1,1,1,1,265867,0,0
268993,Venomfall Font,,,,0,10,0,0,20324,20577,0,0,0,1,1,1,0,0,0
269085,Slithering Presence,,,,1,7,0,0,145781,0,0,0,1,1,1,1,0,0,0
269295,Three-Eyed Fish,,,,0,12,0,3,145882,0,0,0,0,1,1,1,0,0,0
269489,Arcane Missile,,,,0,10,0,3,129337,0,0,0,1,1,1,1,0,0,0
269501,Soulcoil Remnant,,,,0,12,0,0,142350,0,0,0,1,1,1,1,0,0,0
269700,Water Moccasin,,,,0,12,0,3,146764,0,0,0,0,1,1,1,0,0,0
269712,Pale Hexscale,,,,0,12,0,0,142375,0,0,0,1,1,1,1,0,0,0
269843,Unstable Venom Sac,,,,0,10,0,0,140415,0,0,0,1,1,1,1,0,0,0
270147,Slitherfang,,,,0,12,0,0,146343,0,0,0,1,1,1,1,0,0,0
270249,Corroded Soul Crusher,,,,0,9,0,0,145095,0,0,0,1,1,1,1,0,0,0
270250,Apophic Soul Crusher,,,,0,9,0,0,144855,0,0,0,1,1,1,1,0,0,0
270425,Ula'took,,,,0,12,0,0,146376,0,0,0,1,1,1,1,0,0,0
270701,Gamon,,Hero of Orgrimmar,,0,7,0,0,141315,0,0,0,100,1,1,1,63252,0,0
270703,Zekhan,,,,0,7,0,0,89704,0,0,0,1,1,1,1,0,0,0
270712,Muradin Bronzebeard,,Bronzebeard Representative,,1,7,0,0,33140,0,0,0,1,1,1,1,49775,49774,0
270857,Ki'clak,,,,0,12,0,0,146480,0,0,0,1,1,1,1,0,0,0
271031,"Amani, Mounted (Eagle)",,T2 (2/1.2),,0,7,0,0,130762,130832,130847,130761,1,1,1,1,0,0,235240
271033,"Amani, Mounted (Eagle)",,T2 (2/1.2),,0,7,0,0,125983,0,0,0,1,1,1,1,0,0,0
271086,Zesty,,,,0,12,0,0,143111,0,0,0,1,1,1,1,0,0,0
271106,Poison Dart Frog,,,,0,14,0,0,131346,0,0,0,1,1,1,1,0,0,0
271163,Cauldron Concoction,,,,0,12,0,0,144361,0,0,0,1,1,1,1,0,0,0
271589,Kill Credit [DNT],,,,0,10,0,0,11686,0,0,0,1,1,1,1,0,0,0
271591,Kill Credit [DNT],,,,0,10,0,0,11686,0,0,0,1,1,1,1,0,0,0
271772,Lil' Mon,,,,0,12,0,0,83697,0,0,0,1,1,1,1,0,0,0
271917,12.1 Priest Champion,,,,0,7,0,0,146868,0,0,0,1,1,1,1,268199,0,0
271920,Spirit of Mun'jin,,,,0,10,0,0,1126,11686,0,0,0,1,1,1,0,0,0
271935,12.1 Warrior Champion,,,,0,7,0,0,122547,0,0,0,1,1,1,1,268211,268196,0
271936,12.1 Paladin Champion,,,,0,7,0,0,122541,0,0,0,1,1,1,1,268206,0,0
271937,12.1 Hunter Champion,,,,0,7,0,0,123776,0,0,0,1,1,1,1,0,0,268207
271944,12.1 Mage Champion,,,,0,7,0,0,123774,0,0,0,1,1,1,1,268199,0,0
271945,12.1 Druid Champion,,,,0,7,0,0,146869,0,0,0,1,1,1,1,268198,0,0
271946,12.1 Rogue Champion,,,,0,7,0,0,146870,0,0,0,1,1,1,1,268204,268264,0
271948,12.1 Shaman Champion,,,,0,7,0,0,146871,0,0,0,1,1,1,1,268209,0,0
271952,12.1 Warlock Champion,,,,0,7,0,0,146873,0,0,0,1,1,1,1,268264,268197,0
272671,Khadgar,,,,1,2,0,0,107041,0,0,0,1,1,1,1,0,0,0
272984,"Shadowpine Soldier, Fighter",,T1 (1/1),,0,7,0,0,131207,131206,131205,131204,1,1,1,1,235237,0,0
273117,Zen'vi Crowbloom,,,,0,7,0,0,131460,0,0,0,1,1,1,1,158097,0,0
273118,Luma Rootwarden,,,,0,7,0,0,131459,0,0,0,1,1,1,1,158097,0,0
273121,Nara Kelpthorn,,,,0,7,0,0,131458,0,0,0,1,1,1,1,158097,0,0
273123,Vulric Bloomborne,,,,0,7,0,0,131457,0,0,0,1,1,1,1,158097,0,0
273727,Sound Stalker - 12.1 Raid - Temple of Ula'Tek - Boss 8 - P2 - Right,,,,6,10,0,3,90874,129566,0,0,0,1,1,1,0,0,0
273775,J'imothy,,,,0,14,0,0,147586,0,0,0,1,1,1,1,0,0,0
273805,Sound Stalker - 12.1 Raid - Temple of Ula'Tek - Boss 8 - P2 - Right,,,,6,10,0,3,90874,129566,0,0,0,1,1,1,0,0,0
